Average lockin_signal,Ion velocity
0.05134776881,-5912.286533897544
0.060363015676666666,-5906.334358579625
0.06229485430666667,-5900.382183195136
0.06465599039666667,-5894.430007810649
0.06519261224,-5888.4778324261615
0.06658782905666666,-5882.525657041674
0.06841234333333333,-5876.573481657187
0.07098812814333333,-5870.621306272699
0.07173939873333333,-5864.669130954779
0.07367123738,-5858.716955503724
0.07689096845333333,-5852.764780185804
0.08000337515333333,-5846.812604801316
0.08118394319333333,-5840.860429416829
0.08236451122666667,-5834.908254032342
0.08300845742,-5828.956078647854
0.08461832295999999,-5823.003903263366
0.08612086412666668,-5817.051727878878
0.08923327086666666,-5811.099552560959
0.08805270283333333,-5805.147377109904
0.08955524400666666,-5799.195201791983
0.09127243391999999,-5793.243026407496
0.09417019186000002,-5787.290851023008
0.09535075992666665,-5781.338675638521
0.09588738179333334,-5775.3865003206
0.09953641032666667,-5769.434324869546
0.10082430279333333,-5763.482149551625
0.10211219526,-5757.529974167138
0.10200487089333332,-5751.577798716083
0.10361473646000001,-5745.625623398163
0.10361473642666667,-5739.673448013676
0.10393670966000002,-5733.721272629188
0.10576122396333333,-5727.769097244701
0.10651249460000001,-5721.81692192678
0.10769306270000001,-5715.864746475725
0.10941025263333333,-5709.912571157805
0.10865898203333335,-5703.960395773318
0.11155674014,-5698.00822038883
0.11273730820333334,-5692.056045004342
0.11617168814,-5686.1038696864225
0.11627901247333333,-5680.151694235367
0.11842549990333334,-5674.19951885088
0.11906944624666667,-5668.247343532959
0.11971339240666667,-5662.295168148472
0.12035733863666666,-5656.3429927639845
0.12057198737000001,-5650.390817379497
0.12003536550333332,-5644.43864199501
0.11885479744333334,-5638.486466610522
0.12078663606666666,-5632.534291292602
0.12153790670000002,-5626.582115908114
0.12143058229999999,-5620.629940523627
0.11982071677000002,-5614.677765139139
0.11992804114,-5608.725589754652
0.11939141926666667,-5602.773414370165
0.12046466296666668,-5596.821238985676
0.11982071673333333,-5590.869063601189
0.11939141926666667,-5584.916888216701
0.11917677053333335,-5578.964712898782
0.11982071683333333,-5573.012537514294
0.11992804113333333,-5567.060362129806
0.11917677056666666,-5561.108186745319
0.12003536553,-5555.156011360831
0.1199280412,-5549.203835976344
0.12003536567,-5543.251660591856
0.11992804126666667,-5537.299485273936
0.12089396063333334,-5531.3473098228815
0.12325509676333334,-5525.395134504961
0.12132325813333333,-5519.4429591204735
0.12067931200333333,-5513.490783735986
0.1202500145,-5507.538608351499
0.11960606823000001,-5501.586433033578
0.11885479780333334,-5495.634257582523
0.12003536586666667,-5489.682082264603
0.11960606843333332,-5483.729906880116
0.11842550043666666,-5477.777731429061
0.11767422983333332,-5471.825556111141
0.11778155427333332,-5465.873380726653
0.11670831055000001,-5459.921205342165
0.11456182308333333,-5453.969029957678
0.11466914755333334,-5448.016854639758
0.11520576942,-5442.064679188703
0.11262998457666668,-5436.112503870782
0.11230801156333332,-5430.160328486295
0.11080547027333333,-5424.2081531018075
0.11112744352333333,-5418.25597771732
0.11102011914666667,-5412.303802332833
0.11048349731,-5406.351626948345
0.10962490233,-5400.399451563858
0.10919560479666668,-5394.447276245937
0.10758573922333332,-5388.495100794882
0.10597587375333332,-5382.542925476962
0.10468798119,-5376.590750092475
0.10543925179666667,-5370.638574707988
0.10468798119666667,-5364.686399323499
0.10329276443,-5358.73422400558
0.10232684506666667,-5352.782048554524
0.10329276434000001,-5346.829873170037
0.10157557444,-5340.877697852116
0.10254149374,-5334.925522467629
0.10168289876999999,-5328.973347083142
0.10125360134,-5323.021171698654
0.10340008870333332,-5317.068996314167
0.10340008863333333,-5311.116820929679
0.10554657600333334,-5305.164645611759
0.10554657599666667,-5299.212470227271
0.10447333229333333,-5293.260294842784
0.1068344684,-5287.3081194582965
0.10812236083666667,-5281.355944073809
0.10876630701000001,-5275.403768689322
0.10747841457666667,-5269.451593304834
0.10876630701333334,-5263.499417986914
0.10780038759666666,-5257.5472425358585
0.1075857388,-5251.595067217939
0.10865898257333333,-5245.642891833451
0.10576122450999999,-5239.690716448963
0.10576122451333332,-5233.738541064476
0.10694179255000001,-5227.786365746556
0.10565390006000001,-5221.834190295501
0.10629784628666666,-5215.882014911013
0.10726376557666667,-5209.929839593093
0.10565390001000001,-5203.9776641420385
0.10286346633333332,-5198.025488824118
0.10565389998000001,-5192.0733134396305
0.10340008815000001,-5186.121138055143
0.10297079064999999,-5180.168962670656
0.10297079065666666,-5174.216787352735
0.10404403427666668,-5168.264611901681
0.10232684436,-5162.31243658376
0.10340008806666667,-5156.360261199273
0.1031854393,-5150.408085814785
0.10361473675999999,-5144.455910430298
0.10179022242,-5138.50373504581
0.10157557367999999,-5132.551559661322
0.10157557367666666,-5126.599384276835
0.10039500560666666,-5120.647208958915
0.10039500559999999,-5114.69503350786
0.10211219548,-5108.742858189939
0.10297079042,-5102.790682805452
0.10232684416,-5096.838507420965
0.10136092482666666,-5090.886332036477
0.10404403408,-5084.934156718557
0.10286346595666666,-5078.981981267502
0.10490262903333335,-5073.029805883015
0.1042586828,-5067.077630565094
0.10468798028333333,-5061.125455180607
0.10425868277333335,-5055.1732797961195
0.10586854835333333,-5049.221104411632
0.10672714328999999,-5043.268929027145
0.10586854828666666,-5037.316753642656
0.10543925083666666,-5031.364578324737
0.10490262900333332,-5025.412402940249
0.10554657520666666,-5019.460227555762
0.10661981891,-5013.508052171274
0.10597587268000001,-5007.555876786786
0.10361473653000002,-5001.603701402299
0.10404403404,-4995.651526017811
0.10275614153000001,-4989.6993506998915
0.10350741213333332,-4983.747175248836
0.1026488172,-4977.794999930916
0.10189754653666667,-4971.842824546428
0.10146824909333334,-4965.890649161941
0.10039500533333334,-4959.9384737774535
0.09942908597333333,-4953.986298392966
0.09867781537666666,-4948.034123008479
0.09835584227333334,-4942.081947623991
0.09717527412333334,-4936.129772306071
0.09696062535333333,-4930.1775968550155
0.09835584216333333,-4924.225421537096
0.09663865221666668,-4918.273246152608
0.09588738165666666,-4912.321070768121
0.09449216484,-4906.368895383633
0.09298962363666667,-4900.416720065713
0.09277497491000002,-4894.464544614658
0.09256032614666666,-4888.512369296738
0.08987721690666667,-4882.56019391225
0.08805270262666666,-4876.608018461196
0.08880397319333333,-4870.655843143275
0.08805270260333332,-4864.703667758788
0.08665748582333332,-4858.7514923743
0.08730143203333333,-4852.799316989813
0.08644283708333333,-4846.847141671892
0.08569156649333333,-4840.894966220838
0.08536959339,-4834.942790902917
0.08547691773333332,-4828.99061551843
0.08451099840666666,-4823.0384401339425
0.08547691772333332,-4817.086264749455
0.08547691772666666,-4811.134089364968
0.0855842421,-4805.181913980479
0.0855842421,-4799.229738595992
0.08751608075333334,-4793.277563278072
0.08858932444333334,-4787.325387893585
0.08848200005333333,-4781.373212509096
0.08794537821666666,-4775.421037124609
0.08848200008333333,-4769.468861740122
0.08912594625333335,-4763.516686355634
0.08773072948333334,-4757.5645110377145
0.08708678324666667,-4751.612335653226
0.08719410763666667,-4745.660160202172
0.0876234051,-4739.707984884251
0.08676481015666666,-4733.755809499764
0.08783805380999998,-4727.8036341152765
0.08891129748333333,-4721.851458730789
0.08912594623999999,-4715.899283346302
0.08805270256000002,-4709.947107961814
0.08805270255999999,-4703.994932643894
0.08891129750666667,-4698.042757259406
0.08923327060666668,-4692.090581874919
0.08891129748,-4686.138406490431
0.08998454119,-4680.186231105943
0.09159440672666667,-4674.234055721456
0.08976989245,-4668.281880336968
0.09234567731,-4662.329705019049
0.08955524374,-4656.377529567993
0.09019918996333333,-4650.425354250073
0.09041383869000001,-4644.473178865585
0.08987721686666666,-4638.521003481098
0.09030651436333333,-4632.568828096611
0.08987721688,-4626.61665277869
0.09009186564333334,-4620.664477327636
0.08923327071666666,-4614.712302009715
0.09062848749333334,-4608.760126625228
0.08794537828666667,-4602.807951174173
0.08826735144333332,-4596.855775856253
0.08740875649333334,-4590.9036004717655
0.08633551278000001,-4584.951425087278
0.08655016152,-4578.99924970279
0.08569156659333332,-4573.04707438487
0.08612086409000001,-4567.094898933815
0.08569156659333332,-4561.142723615895
0.08590621529666669,-4555.190548231408
0.08676481028666666,-4549.238372846919
0.08558424227,-4543.286197462432
0.08730143214666668,-4537.334022077945
0.08354507925999999,-4531.381846693457
0.0847256473,-4525.42967130897
0.08494029605999999,-4519.477495991049
0.08397437675333334,-4513.525320539995
0.08375972802666666,-4507.573145222074
0.08182788938333334,-4501.620969837587
0.07957407767333334,-4495.6687944530995
0.07925210457333333,-4489.716619068612
0.07732026597333333,-4483.7644437506915
0.07613969790333334,-4477.812268299637
0.0727053181,-4471.860092915149
0.07227602063666666,-4465.907917597229
0.07334926433,-4459.955742212742
0.07045150640333332,-4454.003566828254
0.06884164083333334,-4448.051391443766
0.06798304590333333,-4442.099216059279
0.0648706392,-4436.147040674791
0.06293880064,-4430.194865356872
0.060363015773333334,-4424.242689972383
0.05789455531666667,-4418.290514587896
0.05531877047666667,-4412.338339203408
0.054567499893333336,-4406.386163818921
0.053923553683333326,-4400.433988434434
0.051562417603333334,-4394.481813049946
0.05177706632333332,-4388.529637732026
0.04941593023666666,-4382.577462280971
0.04898663273666667,-4376.625286963051
0.04662549667000001,-4370.673111578563
0.04641084792,-4364.720936194076
0.04662549663333334,-4358.7687608095885
0.04329844125333333,-4352.816585491668
0.04265449505333333,-4346.864410040613
0.042547170690000004,-4340.912234656125
0.04222519757666666,-4334.960059338206
0.03922011531,-4329.0078838871505
0.03986406151333333,-4323.05570856923
0.03879081785,-4317.103533184742
0.03782489855333333,-4311.151357800255
0.037180952356666665,-4305.199182415768
0.03514178939333334,-4299.247007097848
0.033853897,-4293.294831646793
0.03267332898333333,-4287.342656328872
0.03213670716000001,-4281.390480944385
0.030848814766666666,-4275.4383054933305
0.03063416604333333,-4269.48613017541
0.03149276097,-4263.5339547909225
0.031600085343333334,-4257.581779406435
0.029346273670000003,-4251.629604021948
0.030419517356666665,-4245.677428704027
0.030848814835,-4239.725253252972
0.031814734161,-4233.773077935052
0.032887977809999996,-4227.820902550565
0.032995302202,-4221.8687271660765
0.03331727532466667,-4215.916551781589
0.03664433068266667,-4209.964376397102
0.03846884493166667,-4204.012201012614
0.03900546678233333,-4198.060025628127
0.04104462978,-4192.107850310206
0.043835063365999995,-4186.155674925719
0.043942387769333326,-4180.203499541231
0.04716211875333332,-4174.251324156744
0.04759141625800001,-4168.299148772257
0.049737903612,-4162.346973387769
0.05188439098133333,-4156.394798069849
0.05349425651333333,-4150.442622685361
0.053816229608666666,-4144.490447300874
0.056713987575000006,-4138.538271916386
0.05821652874166667,-4132.586096531899
0.05832385318266666,-4126.6339211474115
0.060899637963333336,-4120.681745762924
0.059826394313,-4114.729570445003
0.06197288170833334,-4108.777394993948
0.06186555730099999,-4102.825219676029
0.06283147664466666,-4096.873044291541
0.06358274724333333,-4090.9208689070533
0.06336809853099999,-4084.968693522566
0.06476331529433332,-4079.016518138078
0.06283147669766666,-4073.0643427535906
0.064226693501,-4067.112167369103
0.065514585931,-4061.159992051183
0.06572923466266667,-4055.207816600128
0.06798304634533334,-4049.2556412822078
0.066265856415,-4043.3034658977203
0.06980756056666666,-4037.351290513233
0.07131010171333334,-4031.3991151287455
0.07173939910333334,-4025.446939810825
0.06572923451333333,-4019.49476435977
0.07163207469666667,-4013.54258904185
0.07163207466333334,-4007.5904136573627
0.06970023603333333,-4001.6382382063075
0.06862699232333334,-3995.6860628883874
0.0681976948,-3989.7338875039
0.06819769476000001,-3983.7817121194125
0.0670171267,-3977.8295367349247
0.06744642412333333,-3971.8773614170045
0.06529993677,-3965.92518596595
0.06411936870333333,-3959.9730106480297
0.06562190984333334,-3954.020835263542
0.06572923421,-3948.0686598790544
0.06529993671999999,-3942.116484494567
0.06390471996000001,-3936.1643091100796
0.06336809811666667,-3930.212133725592
0.062187530076666664,-3924.2599583411043
0.06229485442999999,-3918.307783023184
0.06197288131333333,-3912.3556076386967
0.06111428641333333,-3906.4034322542093
0.06433401745333334,-3900.4512568697214
0.06358274687,-3894.499081485234
0.06444134184666667,-3888.5469061007466
0.06497796365666667,-3882.5947307828264
0.06583655862333333,-3876.6425553983386
0.06830501901666666,-3870.690379947284
0.06819769471,-3864.7382046293637
0.07034418206,-3858.7860292448763
0.07238334504,-3852.833853860389
0.07399321057333334,-3846.881678475901
0.07367123752,-3840.9295030914136
0.07571040050666666,-3834.977327706926
0.07828618537,-3829.025152389006
0.07699829293,-3823.072977004518
0.07807153665666666,-3817.1208016200308
0.07903745602333333,-3811.1686262355433
0.07946675352,-3805.216450851056
0.07925210478666667,-3799.264275466568
0.08032534851999999,-3793.3121000820806
0.08204253848666666,-3787.3599247641605
0.08311578218666667,-3781.407749313106
0.08300845781999999,-3775.455573995185
0.08343775538999999,-3769.503398610698
0.08279380919,-3763.5512232262104
0.08354507975999999,-3757.599047841723
0.08386705286,-3751.646872523803
0.08386705289333334,-3745.6946970727477
0.08461832356,-3739.7425216882602
0.08526226972666667,-3733.79034637034
0.08536959417000001,-3727.8381709192854
0.0868721354,-3721.885995601365
0.08483297243666665,-3715.9338202168774
0.08644283804333334,-3709.98164483239
0.08665748680666667,-3704.0294694479026
0.08526227004333332,-3698.077294129982
0.08622818945,-3692.1251186789273
0.08676481131666668,-3686.172943361007
0.08751608192333334,-3680.2207679765197
0.08687213575666668,-3674.2685925920323
0.08633551388999999,-3668.3164172075444
0.08805270386666668,-3662.364241823057
0.0877307308,-3656.4120664385696
0.08762340640333333,-3650.459891054082
0.08644283845,-3644.5077157361616
0.08848200147666667,-3638.555540285107
0.08762340647333333,-3632.6033649671867
0.08816002838666666,-3626.6511895826993
0.08794537965,-3620.6990141982114
0.08858932584000001,-3614.746838813724
0.08934059637000001,-3608.794663495804
0.08848200133333334,-3602.842488044749
0.09073581299333333,-3596.8903126602613
0.09009186667666667,-3590.938137342341
0.08880397421333334,-3584.9859619578538
0.08901862294,-3579.0337865733663
0.08708678427666666,-3573.081611188879
0.08665748674666666,-3567.129435804391
0.08526226994000001,-3561.1772604199036
0.08558424301666667,-3555.2250851019835
0.0825791607,-3549.272909717496
0.08214986305666667,-3543.320734333008
0.08257916057333334,-3537.368558948521
0.08204253867,-3531.4163835640334
0.08107661933,-3525.464208179546
0.08075464619,-3519.512032795058
0.07946675375333334,-3513.559857477138
0.08139859239333334,-3507.6076820260832
0.08182788978333333,-3501.655506708163
0.08172056539,-3495.7033313236752
0.08257916037,-3489.751155939188
0.08172056531666667,-3483.7989805547004
0.08150591655666667,-3477.8468052367803
0.08440367451666665,-3471.8946297857256
0.08268648461,-3465.9424544012377
0.08086197032999999,-3459.9902790833175
0.07925210472,-3454.038103632263
0.08011069965,-3448.0859283143427
0.07989605090666667,-3442.133752929855
0.07828618534666666,-3436.1815775453674
0.08032534836666666,-3430.22940216088
0.07957407773000001,-3424.27722684296
0.07807153658333332,-3418.3250513919047
0.07946675334666667,-3412.3728760739846
0.07860815838,-3406.420700689497
0.08011069952666666,-3400.4685252384425
0.08075464571666667,-3394.5163499205223
0.08107661882,-3388.5641745360344
0.08257915994666666,-3382.611999151547
0.08322310615333334,-3376.6598237670596
0.08322310614333334,-3370.7076484491395
0.08322310613666667,-3364.7554729980843
0.08365240359,-3358.803297680164
0.08333043052,-3352.8511222956768
0.08300845737666666,-3346.8989469111893
0.08397437671333334,-3340.9467715267015
0.08322310609333333,-3334.994596142214
0.08193521368333334,-3329.0424207577266
0.08150591622333334,-3323.090245373239
0.08139859183999999,-3317.1380700553186
0.08064732125666667,-3311.185894670831
0.07903745573666666,-3305.233719286344
0.07871548263,-3299.2815439018564
0.07828618514666667,-3293.329368517369
0.07774956331,-3287.377193132881
0.07828618514,-3281.425017814961
0.07785688767,-3275.4728424304735
0.07667631962,-3269.520666979419
0.07721294145666667,-3263.5684916614982
0.07581772466999999,-3257.616316277011
0.07560307592666667,-3251.6641408925234
0.07517377845666667,-3245.711965508036
0.07549575155,-3239.7597901901154
0.07603237341333334,-3233.8076147390607
0.07517377844333334,-3227.8554394211405
0.07431518351000001,-3221.903264036653
0.07463715661,-3215.9510886521657
0.07485180535333334,-3209.998913267678
0.07624702213333333,-3204.0467378831904
0.07646167087333335,-3198.094562498703
0.07495912973666667,-3192.1423871142156
0.07603237347666666,-3186.190211796295
0.07785688773,-3180.2380363452403
0.07635434662,-3174.28586102732
0.07817886087666666,-3168.3336856428327
0.07796421217333334,-3162.381510258345
0.07978872642,-3156.4293348738574
0.08011069956333333,-3150.4771595559373
0.08193521382333334,-3144.5249841048826
0.08257916004,-3138.5728087203947
0.08300845750666667,-3132.6206334024746
0.08354507938,-3126.66845795142
0.08375972810666667,-3120.7162826334998
0.08279380881333333,-3114.7641072490123
0.08322310628,-3108.8119318645245
0.08354507938,-3102.859756480037
0.08118394328666667,-3096.907581162117
0.08483297180999999,-3090.955405711062
0.08590621547666666,-3085.0032303931416
0.08515494490666665,-3079.051055008654
0.08644283733666668,-3073.098879624167
0.0860135398,-3067.1467042396794
0.08633551290000001,-3061.1945288551915
0.08773072969666666,-3055.242353470704
0.08730143216000001,-3049.2901780862167
0.08848200022666668,-3043.3380027682965
0.08901862209333333,-3037.385827383809
0.09105778506000001,-3031.4336519993212
0.09127243379333333,-3025.481476614834
0.09148708252666667,-3019.5293012303464
0.09395554299999999,-3013.577125845859
0.09427751607,-3007.6249505279384
0.09578005718333334,-3001.672775143451
0.09578005716333333,-2995.7205996923963
0.0955654084,-2989.768424374476
0.09696062521333333,-2983.8162489899883
0.09781922018,-2977.864073605501
0.09781922010666666,-2971.9118982210134
0.09792654447333334,-2965.959722836526
0.09921443691666666,-2960.007547452038
0.09878513943333334,-2954.055372134118
0.10103895118,-2948.1031967496306
0.10136092426,-2942.151021365143
0.10211219489333333,-2936.1988459806557
0.10425868223333333,-2930.246670596168
0.10468797973333333,-2924.2944952116804
0.10661981838000001,-2918.342319827193
0.10865898139666667,-2912.390144509273
0.10919560323333333,-2906.4379690582177
0.10951757636666666,-2900.4857937402976
0.10994687383333333,-2894.53361835581
0.11230800996666668,-2888.5814429713228
0.11241533433333334,-2882.629267586835
0.1122006856,-2876.6770922689147
0.11402519986666666,-2870.72491681786
0.11574238976666666,-2864.7727414333726
0.11606436293333333,-2858.8205661154525
0.11627901163333332,-2852.8683906643973
0.11874747216666666,-2846.916215346477
0.12035733770000001,-2840.96403996199
0.1193914184,-2835.0118645775024
0.1229331226,-2829.0596891930145
0.1226111495,-2823.1075138750944
0.1229331226,-2817.1553384240397
0.1241136907,-2811.2031631061195
0.1240063663,-2805.2509877216316
0.1258308806,-2799.298812337144
0.12561623186666668,-2793.346636952657
0.12647482683333333,-2787.3944615681694
0.1265821512,-2781.4422861836815
0.12679679993333334,-2775.490110799194
0.12776271926666669,-2769.537935481274
0.1299092066666667,-2763.5857600302193
0.1299092066666667,-2757.633584712299
0.127977368,-2751.6814093278113
0.1300165310666667,-2745.729233943324
0.13033850416666667,-2739.7770585588364
0.13012385543333335,-2733.824883174349
0.12958723356666665,-2727.872707789861
0.1326996403,-2721.9205324053737
0.1305531529,-2715.9683570874536
0.13516810086666667,-2710.016181702966
0.1343095059,-2704.0640063184783
0.13355823526666669,-2698.111830933991
0.13452415463333334,-2692.1596555495034
0.13409485716666666,-2686.207480165016
0.13205569413333332,-2680.255304847096
0.13323626219999998,-2674.303129462608
0.13119709916666666,-2668.3509540115533
0.13237766723333336,-2662.398778693633
0.13044582859999998,-2656.4466033091458
0.12872863866666667,-2650.494427924658
0.12872863869999998,-2644.5422525401705
0.1280846925,-2638.5900772222503
0.12862131433333335,-2632.6379017711956
0.12744074629333332,-2626.685726453275
0.12561623202333333,-2620.7335510687876
0.12711877319999998,-2614.7813756843
0.12550890766333334,-2608.829200299813
0.12465031271666666,-2602.877024915325
0.12497228585666664,-2596.9248495308375
0.12389904217333332,-2590.97267414635
0.12143058167666666,-2585.02049882843
0.12153790609,-2579.068323377375
0.11928409434333331,-2573.1161480594546
0.11842549940333331,-2567.163972674967
0.11853282376666667,-2561.21179729048
0.11745958010666668,-2555.2596219059924
0.11617168769666668,-2549.307446588072
0.11456182215666666,-2543.355271137017
0.11284463226000001,-2537.403095819097
0.11305928101000001,-2531.4509204346095
0.11402520036000001,-2525.4987449835544
0.11037617175999999,-2519.5465696656343
0.11209336165,-2513.594394281147
0.11241533477999999,-2507.6422188966594
0.11252265916666666,-2501.6900435121715
0.11273730790666665,-2495.7378681942514
0.11295195667333335,-2489.7856927431967
0.11295195672333332,-2483.8335174252766
0.11177138862333334,-2477.881342040789
0.1120933617,-2471.9291666563013
0.11273730796666666,-2465.976991271814
0.11327392977666667,-2460.0248158873264
0.11381055165000002,-2454.072640502839
0.11606436343666665,-2448.120465118351
0.11670830964000001,-2442.168289800431
0.11778155334666666,-2436.2161144159436
0.11799620213999999,-2430.263939031456
0.12046466266666667,-2424.3117636469683
0.12164523074,-2418.359588262481
0.12346974503666668,-2412.4074128779935
0.12561623249,-2406.4552375600733
0.12851399051666668,-2400.503062175586
0.12872863918333335,-2394.5508867245308
0.13066047788666668,-2388.5987114066106
0.13194837032333334,-2382.646536022123
0.13409485777,-2376.694360637636
0.13516810146666666,-2370.742185253148
0.13752923762666666,-2364.7900099352278
0.13817318388333336,-2358.837834484173
0.13892445447333332,-2352.885659166253
0.1398903737766667,-2346.933483781765
0.1398903737766667,-2340.9813083972776
0.13774388635999998,-2335.02913301279
0.13903177881666665,-2329.076957628303
0.13795853506666667,-2323.124782243815
0.13806585943333333,-2317.1726068593275
0.13720726449333334,-2311.2204315414074
0.13591937197333334,-2305.2682560903527
0.13227034337000002,-2299.3160807724325
0.1315190728,-2293.3639053879447
0.13012385594,-2287.4117300034573
0.12733342231333333,-2281.45955461897
0.12583088117,-2275.5073793010497
0.12561623238333333,-2269.5552038499945
0.12336242059000001,-2263.603028465507
0.12293312309333333,-2257.650853147587
0.12185987942999998,-2251.6986776965323
0.12003536509000001,-2245.7465023786117
0.11724493143333332,-2239.7943269941243
0.11381055156666668,-2233.842151609637
0.11187871291666668,-2227.8899762251494
0.10994687420666667,-2221.9378009072293
0.10833700868333333,-2215.985625456174
0.10694179185000001,-2210.033450138254
0.10608319688000001,-2204.0812747537666
0.10393670947,-2198.129099369279
0.10297079015999999,-2192.1769239847913
0.10221951953333334,-2186.224748600304
0.10157557332333333,-2180.2725732158165
0.09964373467666666,-2174.320397831329
0.0972825985,-2168.3682225134085
0.09545808422333334,-2162.416047128921
0.09438484052333333,-2156.4638717444336
0.09277497501,-2150.511696359946
0.09320427248,-2144.5595209754583
0.09041383884666666,-2138.607345590971
0.08955524390000001,-2132.6551702064835
0.08976989263,-2126.7029948885634
0.08966256826666667,-2120.7508194375087
0.08633551281666667,-2114.798644119588
0.08740875652,-2108.8464687351006
0.08687213465666667,-2102.894293350613
0.08622818845666667,-2096.942117966126
0.08719410778999999,-2090.989942581638
0.08515494475,-2085.0377671971505
0.08333043048,-2079.0855918792304
0.08526226912,-2073.133416494743
0.08290113300666667,-2067.181241043688
0.08107661876666668,-2061.2290657257677
0.07989605066666666,-2055.2768903412803
0.07946675323333334,-2049.324714956793
0.07774956329666667,-2043.3725395723052
0.07732026583333333,-2037.420364254385
0.07774956328333332,-2031.4681888033301
0.07592504901333333,-2025.51601348541
0.07603237342000001,-2019.5638381009223
0.07732026582666668,-2013.611662716435
0.07452983222,-2007.6594873319473
0.0749591297,-2001.7073120140271
0.07710561708000001,-1995.7551365629722
0.0752811028,-1989.8029611784848
0.07646167084666666,-1983.8507858605644
0.07710561705,-1977.8986104095097
0.07871548259,-1971.9464350915894
0.07893013133333333,-1965.994259707102
0.07807153634666666,-1960.0420843226143
0.07689096831333335,-1954.0899089381269
0.07764223892666666,-1948.1377336202067
0.07860815822999999,-1942.1855581691518
0.07774956328666667,-1936.2333828512317
0.07914478007999999,-1930.281207466744
0.07828618513333334,-1924.3290320822566
0.07656899521666667,-1918.376856697769
0.07871548259666666,-1912.4246813132816
0.07624702210333334,-1906.472505928794
0.07689096832333332,-1900.5203305443065
0.07667631957333333,-1894.5681552263861
0.07613969771666666,-1888.6159797753314
0.07549575151333333,-1882.663804457411
0.07495912966,-1876.7116290729236
0.07571040022333332,-1870.759453688436
0.07581772460333333,-1864.8072783039486
0.07603237333666667,-1858.855102919461
0.07656899517333333,-1852.9029275349735
0.07592504896666667,-1846.950752150486
0.07635434644666667,-1840.9985768325657
0.07656899516666667,-1835.0464014480783
0.07646167081,-1829.0942260635907
0.07914477999,-1823.1420506791032
0.07935942872,-1817.1898752946156
0.07882280687666667,-1811.2376999101282
0.08053999677333333,-1805.2855245922078
0.08086196987333333,-1799.3333492077204
0.08096929423999999,-1793.3811737566655
0.08107661861,-1787.4289984387453
0.08118394297333333,-1781.4768230542577
0.08139859172,-1775.5246476697703
0.0804326724,-1769.5724722852826
0.08075464549000001,-1763.6202969673625
0.08118394296333332,-1757.6681215163078
0.08204253791666667,-1751.7159461983874
0.08086196986000001,-1745.7637708139
0.08257915975666667,-1739.8115954294124
0.08118394296666666,-1733.859420044925
0.08086196986000001,-1727.9072446604373
0.08032534801666667,-1721.9550692759499
0.08268648412333333,-1716.0028938914622
0.08429634963999999,-1710.050718573542
0.08558424205333333,-1704.0985431224872
0.08418902526666666,-1698.146367804567
0.08536959331666667,-1692.1941924200794
0.08730143194666667,-1686.242017035592
0.08472564710000001,-1680.2898416511043
0.08590621515666667,-1674.3376663331842
0.08687213446666665,-1668.3854908821295
0.08644283699666666,-1662.4333154976418
0.08805270252666668,-1656.4811401797217
0.08644283699666666,-1650.5289647286668
0.08569156641666668,-1644.5767894107466
0.08536959332,-1638.624614026259
0.08386705215333333,-1632.6724386417716
0.0840817009,-1626.720263257284
0.08354507905000001,-1620.7680879393638
0.08397437652999999,-1614.8159124883089
0.08322310594666667,-1608.8637371703887
0.08343775468333332,-1602.911561785901
0.08451099835999999,-1596.9593864014137
0.08451099836666666,-1591.007211016926
0.08193521352333334,-1585.0550356324386
0.08118394294666668,-1579.1028602479512
0.08161324041333333,-1573.1506848634635
0.08075464547333333,-1567.1985095455434
0.08096929420333332,-1561.2463341610558
0.08139859168333334,-1555.2941587765683
0.08096929421666665,-1549.3419833920807
0.0817205648,-1543.3898080075933
0.07946675306999999,-1537.4376326231056
0.08086196986333334,-1531.4854572386182
0.07839350943000001,-1525.5332819206978
0.07742759011999999,-1519.5811064696431
0.07914478000000001,-1513.6289311517228
0.07774956324666667,-1507.6767557672354
0.07721294144,-1501.7245803827477
0.07903745571333333,-1495.7724049982603
0.07764223893666666,-1489.8202296803402
0.07742759021000001,-1483.8680542292852
0.07581772469999999,-1477.915878911365
0.07635434657000001,-1471.9637035268775
0.07571040040666667,-1466.01152814239
0.07646167100333333,-1460.0593527579024
0.07764223909000001,-1454.107177373415
0.07721294165333333,-1448.1550019889273
0.07592504925333333,-1442.20282660444
0.07238334512333333,-1436.2506512865195
0.07377856191333333,-1430.2984758354648
0.07506645435666666,-1424.3463005175445
0.07431518378,-1418.394125133057
0.07592504931666666,-1412.4419497485694
0.07517377881333333,-1406.489774364082
0.07184672340666666,-1400.5375990461619
0.07281264274333334,-1394.585423595107
0.07334926461666666,-1388.6332482106195
0.07109545292000001,-1382.6810728926991
0.06970023611666666,-1376.7288974416444
0.06862699246,-1370.776722123724
0.06680247821333334,-1364.8245467392367
0.06669515384666666,-1358.872371354749
0.06605120766,-1352.9201959702616
0.06272415225666667,-1346.9680206523412
0.06433401778666667,-1341.0158452012865
0.06401204464333334,-1335.0636698833662
0.06025569182666666,-1329.1114944988788
0.061650908590000005,-1323.159319114391
0.06293880100666667,-1317.2071437299037
0.06293880100666667,-1311.254968345416
0.06283147664333333,-1305.3027929609286
0.06132893543666667,-1299.3506175764412
0.06122161107333334,-1293.3984422585208
0.06240217912999999,-1287.4462668740334
0.06347542279333333,-1281.4940914895458
0.06358274711999999,-1275.5419161050584
0.06197288162666667,-1269.5897407205707
0.06143625975666667,-1263.6375653360833
0.06014836736666668,-1257.6853899515957
0.05918244803666667,-1251.7332146336755
0.05692863631333333,-1245.7810391826206
0.057465258139999996,-1239.8288638647005
0.056177365753333326,-1233.8766884802128
0.05499679768666666,-1227.9245130957254
0.05499679769333333,-1221.9723377112377
0.05510412205666667,-1216.0201623267503
0.05649933885333333,-1210.067986942263
0.055962716989999994,-1204.1158116243425
0.05789455561333332,-1198.1636362398551
0.05843117744666667,-1192.2114607888002
0.05800187995,-1186.25928547088
0.05821652872,-1180.3071100863924
0.058323853094999996,-1174.354934701905
0.05993371859,-1168.4027593174173
0.06057766479333334,-1162.4505839994972
0.061114286613333325,-1156.4984085484423
0.06175823277333333,-1150.5462332305221
0.060255691656666666,-1144.5940578460345
0.05993371855666666,-1138.641882461547
0.06111428658333334,-1132.6897070770594
0.06154358404333333,-1126.737531692572
0.062080205869999995,-1120.7853563080846
0.057572582483333336,-1114.833180923597
0.06047034034666667,-1108.8810056056768
0.06132893527333333,-1102.928830154622
0.06036301598,-1096.9766548367018
0.06154358404333334,-1091.024479452214
0.0618655571,-1085.0723040677267
0.06100696216999999,-1079.120128683239
0.06240217893333333,-1073.167953365319
0.06186555709666667,-1067.215777914264
0.059719069699999995,-1061.2636025297766
0.060470340293333334,-1055.3114272118562
0.058216528610000005,-1049.3592518273688
0.05757258242333333,-1043.4070764428811
0.05886047484,-1037.4549010583937
0.05843117738,-1031.5027256739063
0.058967799243333334,-1025.5505502894187
0.060255691636666664,-1019.5983749714984
0.061543584029999994,-1013.6461995870109
0.061972881519999995,-1007.6940242025233
0.06229485466,-1001.7418488180358
0.06315344958333334,-995.7896734335483
0.06347542271666666,-989.8374980490609
0.06283147648333333,-983.8853226645733
0.06261682778333334,-977.9331472800858
0.06315344961333334,-971.9809718955983
0.06272415215,-966.028796577678
0.061972881589999994,-960.0766211931905
0.06240217909,-954.124445808703
0.061006962330000004,-948.1722704242154
0.0607923136,-942.2200950397279
0.061006962299999995,-936.2679196552403
0.05928977244333333,-930.3157443373201
0.060041043009999996,-924.3635689528326
0.06004104304333333,-918.4113935017778
0.058431177480000006,-912.4592181838575
0.059289772446666666,-906.50704279937
0.05886047498,-900.5548674148826
0.05832385314666666,-894.602692030395
0.056177365836666666,-888.6505167124748
0.055533419599999995,-882.69834126142
0.052635661693333335,-876.7461659434997
0.05467482471333334,-870.7939905590122
0.05242101299333333,-864.8418151745246
0.051991715536666656,-858.8896397900371
0.05027452568666666,-852.9374644055496
0.05059649873666666,-846.985289021062
0.05209903989666667,-841.0331136365745
0.05177706676333333,-835.0809383186543
0.05102579616,-829.1287628675994
0.05070382305666666,-823.1765875496792
0.05048917420333334,-817.2244121651917
0.052850310250000004,-811.2722367807042
0.05306495898,-805.3200613962167
0.054245527006666676,-799.3678860782965
0.05607004123,-793.4157106272417
0.056713987386666664,-787.4635352427541
0.05703596044666667,-781.5113599248339
0.05778723101666667,-775.559184473779
0.058431177179999995,-769.6070091558588
0.06057766450333333,-763.6548337713713
0.06401204424,-757.7026583868837
0.06476331477000001,-751.7504830023962
0.06594388280666667,-745.798307684476
0.06744642393,-739.8461322334211
0.07012953310666667,-733.8939569155009
0.07141742551666667,-727.9417815310134
0.07131010112333333,-721.989606146526
0.07206137170333334,-716.0374307620384
0.07442250778333333,-710.0852553775509
0.07581772456666667,-704.1330799930633
0.07828618503333333,-698.1809046085758
0.07796421191666668,-692.2287292906556
0.08000337494333333,-686.276553906168
0.08161324045,-680.3243785216805
0.08397437656,-674.372203137193
0.0856915665,-668.4200277527054
0.08644283707,-662.4678523682179
0.08966256816,-656.5156769837304
0.09256032609999999,-650.5635016658101
0.09331159669666667,-644.6113262147553
0.09771189585333334,-638.6591508968351
0.09964373453000001,-632.7069755123475
0.10340008744333333,-626.7548001278601
0.10490262860666666,-620.8026247433726
0.10726376479666666,-614.8504494254523
0.10704911609333334,-608.8982739743975
0.10855165728666667,-602.9460986564773
0.11080546905333333,-596.9939232719897
0.11445449760333333,-591.0417478209349
0.10983954989333333,-585.0895725030147
0.11864014810000001,-579.1373971185271
0.12422101537666667,-573.1852217340396
0.12368439350666667,-567.2330463495521
0.12572355666333332,-561.2808710316318
0.126689476,-555.328695580577
0.12776271972333333,-549.3765202626568
0.13033850465666666,-543.4243448781692
0.12937258541,-537.4721694936818
0.12969455854,-531.5199941091943
0.13044582923333334,-525.5678187247067
0.13463147976666667,-519.6156433402192
0.1335582360633333,-513.6634679557317
0.13398753369333335,-507.7112926378114
0.13559739936,-501.7591171867566
0.13667064316,-495.80694186883636
0.13549007513,-489.85476648434883
0.13817318449666668,-483.9025910998613
0.13956840129666667,-477.95041571537377
0.13978305020333334,-471.99824039745357
0.14182221334,-466.0460649463987
0.14611518834333334,-460.0938896284785
0.14783237837666666,-454.141714243991
0.14997886580666667,-448.18953885950344
0.15234000207333334,-442.2373634750159
0.15577438204000002,-436.2851880905284
0.15845749133333334,-430.33301270604085
0.16060397879666666,-424.3808373215533
0.16242849309333332,-418.4286620036331
0.16350173689666667,-412.4764866191456
0.16725808989333335,-406.52431123465806
0.17047782105999998,-400.5721358501705
0.17144374039333332,-394.619960465683
0.17412684969666667,-388.66778508119546
0.17616601270333332,-382.71560969670793
0.17852714887666665,-376.76343437878774
0.18185420442333333,-370.8112589277329
0.18185420445333333,-364.85908360981267
0.1835713944,-358.90690822532514
0.18389336746999999,-352.9547328408376
0.18711309856333336,-347.0025574563501
0.18968888360666666,-341.05038207186254
0.19001085662666664,-335.098206687375
0.19237199286666665,-329.1460313694548
0.1935525609766667,-323.1938559849673
0.19634299459333335,-317.2416805339125
0.19913342828666666,-311.2895052159922
0.1996700501266667,-305.3373298315047
0.2024604838,-299.38515444701716
0.20492894439999998,-293.4329790625296
0.21072446053333335,-287.48080374460943
0.21276362370000002,-281.5286282935546
0.21619800363333333,-275.57645297563437
0.21855913979999997,-269.62427759114684
0.22328141236666665,-263.6721022066593
0.22467662916666667,-257.7199268221718
0.22585719736666668,-251.76775143768427
0.2305794698666667,-245.81557605319674
0.2327259573,-239.8634006687092
0.23530174233333334,-233.91122535078898
0.2374482298,-227.95904989973414
0.24045331233333334,-222.00687458181392
0.2416338804,-216.05469919732639
0.24410234106666664,-210.10252381283885
0.24506826043333332,-204.15034842835135
0.24796601856666667,-198.1981731104311
0.24946855976666668,-192.2459976593763
0.2507564523,-186.29382227488875
0.25279561543333334,-180.34164695696853
0.25451280540000004,-174.389471572481
0.2604156461,-168.43729618799347
0.26320607986666666,-162.48512080350596
0.2667477843666667,-156.53294541901843
0.26921624499999997,-150.5807700345309
0.27232865199999995,-144.62859471661068
0.2767289515,-138.67641933212315
0.2787681146666667,-132.7242439476356
0.2852075774333333,-126.7720685631481
0.28853463316666667,-120.81989317866056
0.29164704016666665,-114.86771779417303
0.29615466409999996,-108.91554240968551
0.30280877570000003,-102.96336702519798
0.3082823191333333,-97.01119164071045
0.3094628873,-91.05901632279023
0.31558037703333336,-85.1068409383027
0.3178341890333333,-79.15466555381518
0.3225564618666667,-73.20249016932765
0.3251322470333334,-67.25031478484011
0.3296398710333333,-61.298139400352596
0.3332889001,-55.345964015865064
0.33865511923333336,-49.39378869794484
0.3461678261,-43.441613246890014
0.3518560184333333,-37.489437928969785
0.3559343450666667,-31.53726254448226
0.3584028059,-25.585087159994732
0.3648422690333333,-19.632911775507203
0.3713890565,-13.680736457586976
0.3771845733333334,-7.728561006532152
0.38018965613333333,-1.776385688611923
0.38630714620000006,4.175789729159253
0.39317590690000004,10.127965113646779
0.40122523596666665,16.080140464850658
0.4059475090333333,22.032315849338183
0.4127089455,27.984491200542063
0.41818248929999996,33.93666661831324
0.4236560331666667,39.88884196951712
0.4279490087,45.84101735400464
0.4362129867333333,51.79319270520852
0.4392180696333334,57.7453681229797
0.44479893796666664,63.69754344089992
0.451667699,69.6497188586711
0.46014632596666666,75.60189420987497
0.46583451876666665,81.5540695943625
0.4704494676333333,87.50624501213368
0.47409849699999995,93.45842036333755
0.47849879710000004,99.41059574782508
0.4834357192666667,105.36277109902896
0.4884799658,111.3149464835165
0.49341688790000005,117.26712183472037
0.4995343784333333,123.21929725249154
0.5061884910333333,129.1714726036954
0.5129499279333333,135.12364798818294
0.5182088233333333,141.07582333938683
0.5233603944,147.02799872387436
0.5290485874666667,152.98017414164553
0.5315170486333333,158.9323494928494
0.5359173489666667,164.88452487733693
0.5411762444666667,170.83670022854082
0.5462204912333334,176.788875646312
0.5494402232333334,182.74105096423222
0.5549137676999999,188.6932263820034
0.5631777464666667,194.64540173320728
0.5683293177333333,200.59757711769478
0.5736955378,206.54975246889867
0.5768079454333334,212.50192788666985
0.5831400852,218.45410327115738
0.5882916565333334,224.40627862236124
0.5937652011,230.35845400684877
0.5966629600000001,236.31062935805267
0.6028877754333333,242.26280477582384
0.6090052664666666,248.2149801270277
0.6144788111333334,254.16715551151523
0.6185571385666666,260.1193308627191
0.6237087100333333,266.0715062472066
0.6260698469666667,272.0236815984105
0.6315433917333334,277.9758570161817
0.6335825554333333,283.9280324006692
0.6365876388333332,289.8802077518731
0.6413099128,295.8323831696443
0.6451735914333333,301.7845584875645
0.6540815174,307.73673390533565
0.6590184402,313.68890925653955
0.6626674701666667,319.6410846410271
0.6635260654666667,325.59325999223097
0.6668531221666667,331.54543541000214
0.6715753962333334,337.4976107279224
0.6741511821,343.44978614569357
0.6773709144333333,349.40196153018104
0.6802686735666668,355.35413688138493
0.6828444594,361.3063122991561
0.6871374359,367.25848765036
0.6920743588666668,373.2106630348475
0.6945428204,379.1628383860514
0.6955087401000001,385.11501377053895
0.6981918504333334,391.0671891217428
0.7005529875333334,397.01936453951396
0.7030214490333333,402.97153989071785
0.7049532884666667,408.9237152752054
0.7070997767333335,414.87589069297655
0.7086023185666668,420.8280660108968
0.7124659974666666,426.780241428668
0.7142905125666666,432.73241677987187
0.7161150275666666,438.68459216435934
0.7171882717666667,444.63676751556324
0.7172955961666667,450.5889429333344
0.7186908136,456.54111825125466
0.7185834891666666,462.49329366902583
0.7198713821666667,468.4454690202297
0.7198713821333333,474.39764440471725
0.7200860310333334,480.3498198224884
0.7205153287333333,486.30199517369226
0.7186908136,492.2541705581798
0.7189054625333333,498.2063459093837
0.7193347601666668,504.1585212938712
0.7191201114333333,510.1106966450751
0.7181541917,516.0628720628463
0.7164370010666667,522.0150474140502
0.7153637569666667,527.9672227985377
0.7160077034666666,533.9193981497416
0.7126806465666666,539.8715735342291
0.7094609141333333,545.8237489520003
0.7081730211666667,551.7759243032041
0.7064558305,557.7280996876916
0.7037727201999999,563.6802750388955
0.7023775028666668,569.6324504566667
0.7000163657666668,575.5846257745869
0.6982991750666666,581.5368011923581
0.6973332553666666,587.488976543562
0.6959380379333333,593.4411519280495
0.6928256300000001,599.3933272792534
0.6889619510666667,605.3455026970246
0.6864934896,611.2976780482285
0.6839177036666667,617.249853432716
0.6815565666333333,623.2020288172035
0.6810199445333334,629.1542041684074
0.6767269681,635.1063795861786
0.6729706136666667,641.0585549373824
0.6723266671666667,647.0107303218699
0.6689996104333332,652.9629056730738
0.6635260655,658.9150810575613
0.6604136575333334,664.8672564087652
0.6555840591666667,670.8194318265364
0.6529009489,676.7716071777403
0.6490372701666667,682.7237825622278
0.6451735914666666,688.675957979999
0.6433490765,694.6281333312029
0.6409879395,700.5803087156904
0.6369096120000001,706.5324840668943
0.6337972041666667,712.4846594513818
0.6267137933333333,718.4368348025857
0.6214548973999999,724.3890102203569
0.6169472723,730.3411855715608
0.6135128913666666,736.2933609560482
0.6101858348,742.2455363072521
0.6066441294333335,748.1977116917396
0.6024584776333333,754.1498871095108
0.6000973408,760.1020624607147
0.5976288795,766.0542378452022
0.5926919569,772.0064131964061
0.5889356028333333,777.9585885808937
0.5836767070333333,783.9107639320976
0.5785251357666666,789.8629393498687
0.5764859721333333,795.8151147010726
0.5742321597,801.7672900855601
0.5715490496333334,807.719465436764
0.5681146688333333,813.6716408545352
0.5663974784333333,819.6238162390227
0.5643583148333334,825.5759915902265
0.5600653388333333,831.528166974714
0.5573822287666667,837.480342325918
0.5531965772333334,843.4325177436891
0.5515867112333334,849.384693094893
0.5487962768333333,855.3368684793805
0.5458985180666667,861.2890438305844
0.5432154081333334,867.241219215072
0.5406396225333333,873.1933945662759
0.5340928343,879.145569984047
0.5318390219666667,885.0977453685346
0.5282973168666666,891.0499207197385
0.5233603945666666,897.002096104226
0.5174575527999999,902.9542714554299
0.5144524697666667,908.906446873201
0.5106961159666668,914.8586222244048
0.505007923,920.8107976088924
0.5013588935333333,926.7629729600962
0.4957780250333333,932.7151483778674
0.4919143469,938.6673236957877
0.48751404670000004,944.6194991135588
0.4828990977666667,950.5716744980464
0.4776402025,956.5238498492503
0.47388384880000006,962.4760252670214
0.46637114123333334,968.4282006182253
0.46368803143333337,974.3803760027129
0.4602536508333333,980.3325513539168
0.4544581337333333,986.2847267384043
0.4517750239666667,992.2369020896082
0.4481259946666667,998.1890775073794
0.4431890727,1004.1412528585831
0.4379301775666667,1010.0934282430707
0.43224198490000004,1016.0456036275582
0.4264464679333333,1021.9977789787621
0.41947038266666664,1027.9499543965333
0.4160360022,1033.9021297477373
0.4117430266666666,1039.8543051322247
0.4069134292,1045.8064804834287
0.3994007220333333,1051.7586559011997
0.39897142453333334,1057.7108312191199
0.39392717833333335,1063.6630066368912
0.3889902565,1069.615181988095
0.38416065906666663,1075.5673573725826
0.3768626008666667,1081.5195327903537
0.3751454106666667,1087.4717081415577
0.3692425694333333,1093.423883526045
0.3657008647333333,1099.376058877249
0.3618371868666667,1105.3282342617365
0.3574368871,1111.2804096129405
0.3535732092333334,1117.2325850307116
0.3513193971,1123.1847603819156
0.3474557192666667,1129.136935766403
0.34369936580000005,1135.089111117607
0.3373672272333333,1141.0412865020944
0.3351134151,1146.9934618532982
0.3311424129,1152.9456372710695
0.32770803266666665,1158.897812655557
0.32652746446666664,1164.849988006761
0.3238443548666667,1170.802163424532
0.32180519160000004,1176.7543387424523
0.3188001088666667,1182.7065141602234
0.31697559436666667,1188.6586895114274
0.31364853853333335,1194.6108648959148
0.30999950956666666,1200.5630402471188
0.3067797781333333,1206.5152156648899
0.30388201983333335,1212.4673909828102
0.30216482980000003,1218.4195664005813
0.2945447987,1224.371741785069
0.29722790823333334,1230.3239171362727
0.29529606936666664,1236.276092554044
0.2915397160666667,1242.2282679052478
0.2883199846666667,1248.1804432897352
0.2853149020333334,1254.1326186409392
0.2801633318,1260.0847940254266
0.2785534660333333,1266.0369693766306
0.2762996541666667,1271.9891447944017
0.2720066789333333,1277.9413201456057
0.2700748401333333,1283.893495530093
0.26792835256666664,1289.8456709478644
0.2625621336333333,1295.7978462657845
0.2604156460666667,1301.7500216835558
0.25805450976666666,1307.7021970347596
0.2567666172333334,1313.6543724192472
0.25301026396666665,1319.606547770451
0.25064912770000003,1325.5587231882223
0.24989785713333332,1331.5108985061424
0.24807334263333333,1337.4630739239135
0.2470000989,1343.4152492751175
0.24635615263333335,1349.367424659605
0.244746287,1355.3196000773762
0.2442096651,1361.27177542858
0.24249247510000002,1367.2239508130676
0.23830682439999998,1373.1761261642714
0.23691160749999998,1379.128301548759
0.23626766126666665,1385.0804768999628
0.23347722750000002,1391.0326523177341
0.23272595686666667,1396.984827668938
0.23090144246666666,1402.9370030534255
0.22789636,1408.8891784046293
0.2256425480666667,1414.8413537891167
0.22360338500000002,1420.793529206888
0.22210084370000002,1426.7457045580918
0.21609067873333332,1432.6978799425794
0.21308559623333334,1438.6500552937832
0.21158305496666666,1444.6022307115545
0.20879262126666667,1450.5544060294746
0.20525091693333333,1456.506581447246
0.2037483757,1462.4587567984497
0.20288978073333333,1468.4109321829374
0.2005286445,1474.3631075341411
0.20063596893333335,1480.3152829519124
0.19827483273333332,1486.2674583363998
0.1959136965,1492.2196336876038
0.1910840996333333,1498.1718090720913
0.19044015343333334,1504.123984423295
0.18904493656666665,1510.0761598410663
0.1856105566,1516.02833519227
0.18410801536666666,1521.9805105767578
0.1820688523,1527.9326859279615
0.17981504043333332,1533.8848613124492
0.1779905261,1539.837036663653
0.17680995797333332,1545.7892120814242
0.17144373938333335,1551.7413874659117
0.17165838812666667,1557.6935628171157
0.17004852254000002,1563.6457382348867
0.17069246880333333,1569.5979135860907
0.16811668378333333,1575.5500889705781
0.16575554756000002,1581.5022643217821
0.16618484514666668,1587.4544397062696
0.1636090602,1593.4066150574733
0.16285778951,1599.3587904752446
0.15963805838,1605.3109658264484
0.15845749024333333,1611.263141210936
0.15727692217333333,1617.2153165954235
0.15674030025000002,1623.1674919466275
0.15588170524666667,1629.1196673643985
0.15352056907333334,1635.0718427156025
0.15362789344000002,1641.02401810009
0.15480846151333333,1646.976193451294
0.15255464967333335,1652.9283688357814
0.15276929839,1658.8805441869854
0.15319859588666665,1664.8327196047564
0.15309127149,1670.7848949559605
0.15330592015666666,1676.7370703404479
0.15158873021333333,1682.6892456916516
0.15330592012666666,1688.641421109423
0.15244732513666667,1694.5935964939104
0.15255464947666666,1700.5457718451144
0.15384254192666666,1706.4979472296018
0.15502310996666666,1712.4501225808058
0.15609635367666666,1718.4022979985768
0.1541645149666667,1724.3544733497808
0.15545240736666668,1730.3066487342683
0.15588170486666666,1736.2588240854723
0.15513043419999997,1742.2109994699597
0.15470113673333333,1748.1631748211637
0.15534508293333335,1754.1153502389348
0.1540571904666667,1760.0675256234224
0.1535205686,1766.0197009746262
0.15341324423333333,1771.9718763591138
0.15319859546666667,1777.9240517103176
0.15298394666666668,1783.8762271280887
0.15212535166666666,1789.8284024792927
0.14933491803333335,1795.78057786378
0.14965689113333333,1801.732753214984
0.14944224236666667,1807.6849286327551
0.14751040366666668,1813.6371039506755
0.1481543499,1819.5892793684466
0.14901294486666664,1825.5414547529342
0.14783237676666666,1831.493630104138
0.14761772799999998,1837.4458055219093
0.14450532123333334,1843.397980873113
0.1441833481,1849.3501562576007
0.1432174288,1855.3023316088045
0.1424661582,1861.2545069932921
0.1412855901,1867.206682344496
0.14010502206666667,1873.158857762267
0.13892445396666667,1879.111033113471
0.13699261526666667,1885.0632084979584
0.13495345223333333,1891.015383882446
0.13570472283333332,1896.9675592336498
0.1321630186,1902.919734651421
0.129372585,1908.8719100026249
0.129372585,1914.8240853871125
0.12840666566666667,1920.7762607383163
0.12862131440333333,1926.7284361560876
0.12701144885,1932.6806114740077
0.12518693452333332,1938.632786891779
0.12583088076666668,1944.5849622429828
0.12550890764333333,1950.5371376274704
0.12668947573,1956.4893130452415
0.12357706899000002,1962.4414883964453
0.12518693455,1968.393663780933
0.12400636647333331,1974.3458391321367
0.1262601782,1980.2980145166243
0.12422101521666666,1986.250189867828
0.12422101515666668,1992.2023652855994
0.12346974456333333,1998.1545406368032
0.12207452770666664,2004.1067160212908
0.12282579829333333,2010.0588913724946
0.12218185209333333,2016.0110667569822
0.12121593273666666,2021.9632421747533
0.11992804031,2027.9154175259573
0.1206793109,2033.8675929104447
0.11971339155666667,2039.8197682616487
0.12003536465999999,2045.7719436794198
0.11853282349333333,2051.72411899734
0.11864014784333334,2057.676294415111
0.11949874282666667,2063.628469766315
0.11810352600666667,2069.5806451508024
0.11831817475,2075.5328205020064
0.11735225540666668,2081.4849959197777
0.11552774111333335,2087.437171304265
0.11381055117666668,2093.389346655469
0.11370322678333333,2099.3415220399565
0.11166406378333334,2105.2936973911605
0.11102011752666667,2111.245872808932
0.11091279319666665,2117.1980481601354
0.10908827886666667,2123.1502235446233
0.10865898143333334,2129.102398895827
0.10554657466666667,2135.0545742803147
0.10490262843999999,2141.0067496315182
0.10211219487,2146.9589250492895
0.10211219487,2152.911100433777
0.10050232932666665,2158.863275784981
0.09878513942,2164.8154512027522
0.09824851764000002,2170.7676265206724
0.09760457139333334,2176.7198019384437
0.09599470587666666,2182.671977289647
0.09620935463666667,2188.624152674135
0.09470681348666667,2194.5763280253386
0.09309694800333335,2200.52850344311
0.09298962363666667,2206.48067876103
0.09374089423333333,2212.4328541788013
0.09052116319666666,2218.3850295300053
0.08869664893333333,2224.3372049144928
0.08655016157333334,2230.289380332264
0.08483297171333333,2236.2415556834676
0.08526226921333334,2242.1937310679555
0.08397437677333335,2248.145906419159
0.08408170116333334,2254.098081803647
0.08365240369,2260.0502571548504
0.08408170112,2266.0024325726217
0.08451099859,2271.9546079238257
0.08451099855333334,2277.906783308313
0.08708678339999999,2283.858958659517
0.08762340520333334,2289.8111340440046
0.08826735142666665,2295.763309461776
0.09009186564666667,2301.71548481298
0.09191637989333334,2307.6676601974673
0.09256032610333333,2313.6198355486713
0.09406286722666668,2319.572010966442
0.09738992267,2325.5241862843623
0.09599470586999999,2331.4763617021335
0.09599470583999999,2337.4285370533375
0.09749724700000001,2343.380712437825
0.09685330080333333,2349.332887789029
0.09867781507000001,2355.2850632068003
0.09867781507,2361.2372385912877
0.09835584194666668,2367.1894139424917
0.09792654446666667,2373.141589326979
0.10050232931999999,2379.093764678183
0.10071697806,2385.045940095954
0.09932176125333335,2390.998115447158
0.10050232933666665,2396.9502908316454
0.09910711251,2402.9024661828494
0.09964373436,2408.854641567337
0.10039500493666666,2414.806816918541
0.10060965367666667,2420.758992336312
0.09857049067000001,2426.7111677207995
0.09867781504,2432.6633430720035
0.09771189572666666,2438.6155184897743
0.09642400329333334,2444.5676938409783
0.09771189573000001,2450.5198692254658
0.09803386883333333,2456.4720445766698
0.09588738146666669,2462.424219961157
0.09502878651,2468.376395312361
0.09545808396666666,2474.3285707301325
0.09535075961333334,2480.2807460813365
0.09363356969333332,2486.232921465824
0.09492146212000001,2492.1850968503113
0.09535075959333333,2498.1372722015153
0.09653132765333333,2504.0894476192866
0.09556540833333334,2510.04162297049
0.09599470580999998,2515.9937983549776
0.09620935454000001,2521.9459737061816
0.09792654448333334,2527.898149090669
0.09642400327999999,2533.850324441873
0.09760457136666667,2539.8024998596443
0.09771189573000001,2545.7546752108483
0.09610203018666667,2551.7068505953357
0.09363356971666666,2557.659026013107
0.09137975795000002,2563.6112013643105
0.08891129748333333,2569.5633767487984
0.08976989244666667,2575.515552100002
0.08848200001,2581.46772748449
0.08826735128666667,2587.4199028356934
0.08526226898666667,2593.3720782534647
0.08397437657333333,2599.3242536046687
0.08204253793666667,2605.276428989156
0.08354507910333332,2611.22860434036
0.08075464554333334,2617.1807797248475
0.08011069933666666,2623.132955142619
0.07957407753333333,2629.0851304938224
0.07817886073666667,2635.0373058783102
0.07774956327666667,2640.989481229514
0.07646167086333333,2646.9416566140017
0.07442250789,2652.893831965205
0.07367123736,2658.8460073829765
0.07238334492333333,2664.7981827341805
0.07195404749666666,2670.750358118668
0.06916361393333333,2676.702533469872
0.06787572153333334,2682.654708887643
0.06476331485,2688.6068842721306
0.06444134177666667,2694.559059623334
0.06519261232333333,2700.511235007822
0.06476331486999999,2706.4634103590256
0.06283147624999999,2712.415585776797
0.06336809808666667,2718.367761128001
0.06175823259000001,2724.3199365124883
0.06175823260666668,2730.2721118636923
0.05961174528333333,2736.2242872481797
0.05853850157666667,2742.1764625993837
0.05896779906333333,2748.128638017155
0.05886047472666667,2754.0808133683586
0.05993371839000001,2760.0329887528464
0.058216528499999996,2765.985164137334
0.057465257930000006,2771.9373394885374
0.055855392420000004,2777.8895149063087
0.055962716790000006,2783.8416902575127
0.05521144617999999,2789.793865642
0.054352851226666665,2795.746040993204
0.05456749997333334,2801.6982164109754
0.054460175623333336,2807.6503917288956
0.051455093336000006,2813.602567146667
0.050596498387000005,2819.5547424978704
0.05188439077333334,2825.5069178823583
0.051562417683333334,2831.459093300129
0.05038184966700001,2837.411268651333
0.05188439076666667,2843.3634440358205
0.04673282115333333,2849.3156193870245
0.047591416106666666,2855.267794771512
0.04866465974333334,2861.219970122716
0.04791338919666668,2867.1721455404872
0.048986632836666676,2873.124320891691
0.04866465972333333,2879.0764962761787
0.047269442976666666,2885.028671627382
0.045981550563333334,2890.98084701187
0.046947469846666666,2896.933022429641
0.046303523647,2902.885197780845
0.04565957743333333,2908.8373731653323
0.046088874896666666,2914.7895485165363
0.04565957743666666,2920.7417239343076
0.04490830686333333,2926.6938992522278
0.04490830684,2932.646074669999
0.04458633376566667,2938.598250021203
0.04523027993333333,2944.5504254056905
0.04512295556666667,2950.5026007568945
0.04340576571133333,2956.4547761746653
0.045552253019999996,2962.4069515591527
0.046732821050000005,2968.3591269103567
0.04705479413666666,2974.311302294844
0.048128037803333336,2980.263477646048
0.04769874033333333,2986.2156530638194
0.05027452514,2992.1678284150235
0.051025795699999994,2998.120003799511
0.050596498226666675,3004.072179150715
0.05102579570666666,3010.0243545352023
0.053064958669999995,3015.9765298864063
0.05285030993666667,3021.928705304177
0.053279607390000004,3027.880880688665
0.057035960249999997,3033.8330560398686
0.057572582096666665,3039.78523145764
0.05896779887,3045.73740677556
0.05971906941999999,3051.6895821933313
0.06057766437333333,3057.6417575445353
0.06411936849333333,3063.5939329290227
0.06583655839000001,3069.5461082802267
0.06658782895666666,3075.4982836979975
0.06970023562333334,3081.450459015918
0.07227602046,3087.402634433689
0.07603237332666667,3093.354809818177
0.07860815814333333,3099.3069851693804
0.08107661864666667,3105.2591605871517
0.08214986229333333,3111.2113359383557
0.08365240346000001,3117.163511322843
0.08494029587,3123.115686674047
0.08504762024000001,3129.0678620585345
0.08547691769666665,3135.0200374097385
0.08794537819333333,3140.97221282751
0.09084313614666667,3146.9243881787133
0.09041383865000001,3152.8765635632008
0.08998454120333334,3158.828738980972
0.08901862188666666,3164.780914298892
0.08976989245333333,3170.7330897166635
0.09127243363,3176.6852650678675
0.09030651434333332,3182.637440452355
0.08912594627333333,3188.589615803559
0.08901862189666666,3194.54179122133
0.09127243365,3200.4939665392503
0.09127243366666667,3206.4461419570216
0.09116510930333334,3212.398317308225
0.09266765050333332,3218.350492692713
0.09159440680333335,3224.3026680439166
0.09202370429000001,3230.254843461688
0.09352624547999999,3236.2070188461753
0.09277497491999999,3242.1591941973793
0.09052116319333332,3248.1113695818667
0.09223835309,3254.0635449330707
0.09170173126666666,3260.015720350842
0.08998454138,3265.9678957020456
0.08880397337,3271.9200710865334
0.08740875655333334,3277.872246437737
0.08676481034666667,3283.824421822225
0.08676481037666667,3289.7765971734284
0.08494029613,3295.7287725911997
0.08494029616,3301.680947975687
0.08494029612,3307.633123326891
0.08279380874666667,3313.5852987446624
0.08053999706666666,3319.5374740625825
0.07925210463,3325.489649480354
0.07796421228666667,3331.4418248315574
0.07796421232,3337.3940002160452
0.07764223922,3343.346175567249
0.07860815858666667,3349.29835098502
0.07871548295333333,3355.250526336224
0.07903745608666667,3361.2027017207115
0.07893013175333334,3367.154877105199
0.07989605108666667,3373.107052456403
0.08021802422,3379.059227874174
0.08311578215666666,3385.011403225378
0.08386705275666667,3390.9635786098656
0.08418902585999999,3396.9157539610696
0.08461832335666668,3402.867929345557
0.08601354016,3408.8201046967606
0.08697945946333334,3414.772280114532
0.08558424268999999,3420.724455465736
0.08805270312666667,3426.6766308502233
0.08805270319333332,3432.6288062679946
0.08848200062666667,3438.5809816191986
0.08826735189666667,3444.533157003686
0.08976989302999999,3450.48533235489
0.09030651490000001,3456.4375077393775
0.09052116360333333,3462.3896830905815
0.09116510977333332,3468.3418585083523
0.09137975851,3474.2940338595563
0.09148708281333334,3480.2462092440437
0.09052116351,3486.1983845952477
0.09127243405333334,3492.150559979735
0.09105778531666665,3498.1027353975064
0.08934059535333334,3504.0549107487104
0.08934059529333332,3510.007086133198
0.08976989279333332,3515.959261484402
0.08955524403,3521.9114368688893
0.08923327086999999,3527.8636122200933
0.08730143223000002,3533.815787637864
0.08558424232333332,3539.767962989068
0.08601353979333333,3545.7201383735555
0.08687213470333333,3551.6723137247595
0.08526226919333334,3557.624489142531
0.08622818847333334,3563.5766645270182
0.08783805399,3569.5288398782222
0.08665748589333333,3575.4810152627097
0.08558424224666668,3581.4331906139137
0.08612086408666668,3587.385366031685
0.08429634981333334,3593.3375413828885
0.08418902544666666,3599.289716767376
0.08375972798333332,3605.24189211858
0.08204253807666666,3611.1940675030673
0.08064732128,3617.1462428542713
0.08011069941333333,3623.0984182720426
0.07828618518666668,3629.05059365653
0.07764223896000001,3635.002769007734
0.07796421206,3640.9549443922215
0.07517377844666667,3646.9071197434255
0.07581772465333333,3652.8592951611968
0.07753491457,3658.8114705124003
0.07689096835999999,3664.763645896888
0.07431518352666668,3670.7158212480917
0.07538842718666666,3676.667996665863
0.07452983225333333,3682.620171983783
0.07281264238,3688.5723474015545
0.07313461548666667,3694.524522786042
0.07249066925666668,3700.476698137246
0.07120277685,3706.428873555017
0.07259799365,3712.3810489062207
0.07206137181666668,3718.3332242907086
0.07291996679,3724.285399641912
0.07367123739999999,3730.2375750264
0.07259799369666668,3736.1897503776036
0.07088080384666666,3742.141925795375
0.07023685764333333,3748.094101146579
0.06980756018,3754.0462765310663
0.07012953328,3759.9984518822703
0.06927093836,3765.9506272667577
0.06905628962666667,3771.902802684529
0.06873431655333333,3777.8549780357325
0.06830501904333335,3783.8071534202204
0.06991488460666667,3789.759328771424
0.06658782917333333,3795.7115041891952
0.06723177539666667,3801.6636795071154
0.06648050482666666,3807.6158549248867
0.06615853176333333,3813.5680302760907
0.06712445103,3819.520205660578
0.06669515359333333,3825.472381011782
0.0652999368,3831.4245564295534
0.06476331497,3837.376731814041
0.06605120743333333,3843.328907165245
0.0650852881,3849.281082549732
0.06411936883666666,3855.233257900936
0.06508528813333334,3861.185433318707
0.06529993686333334,3867.137608669911
0.06562190996333334,3873.0897840543985
0.06626585616,3879.0419594056025
0.06626585619333333,3884.99413479009
0.06851966789000001,3890.946310141294
0.06819769479,3896.898485559065
0.06809037038666665,3902.8506609435526
0.07045150648666666,3908.8028362947566
0.06959291152,3914.7550117125274
0.07023685772,3920.707187030448
0.07313461565333333,3926.659362448219
0.07431518369333333,3932.611537799423
0.07367123745666666,3938.5637131839103
0.07367123746,3944.5158885351143
0.07184672322333334,3950.4680639528856
0.07216869633,3956.4202392708057
0.07216869633,3962.372414688577
0.07055883079333333,3968.3245900730644
0.07131010136333334,3974.2767654242684
0.06927093843333333,3980.2289408420393
0.06948558717333334,3986.1811161932433
0.06937826283333333,3992.1332915777307
0.06851966787000001,3998.0854669289347
0.06594388307666667,4004.037642313422
0.06648050490666667,4009.989817664626
0.06819769477666666,4015.9419930823974
0.06841234354333332,4021.8941684336014
0.06841234357666666,4027.846343818089
0.06701712678,4033.79851923586
0.06841234356999999,4039.7506945537802
0.06916361420333333,4045.7028699715515
0.07066615533333333,4051.655045322755
0.06959291170333333,4057.6072207072425
0.07120277720333333,4063.5593960584465
0.06937826296333333,4069.511571476218
0.07045150662666667,4075.463746794138
0.07012953353,4081.415922211909
0.07173939906,4087.368097563113
0.07206137222999999,4093.3202729476006
0.07206137219333332,4099.272448365372
0.0719540479,4105.2246237165755
0.0730272916,4111.176799101063
0.07442250840666667,4117.128974452267
0.07442250840333334,4123.081149836755
0.07613969827333333,4129.033325187958
0.07796421258666668,4134.98550060573
0.07710561766,4140.937675956933
0.07699829327,4146.889851341421
0.07742759076,4152.842026692625
0.07850083445999999,4158.7942020771125
0.07914478068333332,4164.746377494884
0.07968140254,4170.698552846087
0.08150591674666667,4176.650728230575
0.08193521421333334,4182.602903581779
0.08279380909999999,4188.5550789995505
0.08214986289,4194.50725431747
0.08365240398000001,4200.459429735241
0.08365240399666667,4206.411605086445
0.08451099889333334,4212.363780470933
0.08858932481666666,4218.315955822137
0.08826735169333333,4224.268131239908
0.09009186589333334,4230.220306624396
0.08987721715666667,4236.172481975599
0.09213102889666668,4242.1246573600865
0.09127243393000001,4248.076832711291
0.09266765069333333,4254.029008129062
0.09374089436,4259.981183480266
0.09384821872666667,4265.933358864753
0.09578005739333334,4271.885534215957
0.09738992289333333,4277.837709600445
0.10007303216,4283.789884951649
0.09878513969666668,4289.74206036942
0.1015755733,4295.6942357206235
0.10490262874,4301.646411105111
0.10500995313666667,4307.598586522882
0.10468797998000001,4313.550761874087
0.10533192618333333,4319.502937258574
0.10833700852333335,4325.455112609778
0.10930292784,4331.407287994265
0.11123476645666668,4337.359463345469
0.11413252444666666,4343.31163876324
0.11660098492666666,4349.263814114444
0.11552774123,4355.215989498932
0.11713760677000001,4361.168164850135
0.12089395973666667,4367.120340234623
0.12057198664333334,4373.072515652394
0.12196720342333334,4379.0246910035985
0.12368439335999999,4384.976866388086
0.12389904214333335,4390.9290417392895
0.12486496147,4396.881217123777
0.12336242025666666,4402.833392474981
0.12497228583999999,4408.785567892752
0.12690412449333335,4414.737743243956
0.1265821513833333,4420.689918628444
0.12604552951666667,4426.642093979647
0.12497228578333335,4432.594269397418
0.12454298836000001,4438.546444781906
0.12293312278333333,4444.49862013311
0.12218185213,4450.450795517598
0.11917676976000001,4456.402970868801
0.12014268909999999,4462.355146286573
0.11960606722666667,4468.307321637776
0.11735225546999999,4474.2594970222635
0.11574238990666667,4480.211672373468
0.11574238990333334,4486.163847757955
0.11456182184000001,4492.116023109159
0.11552774115000002,4498.06819852693
0.11413252431666666,4504.020373911418
0.11262998312333333,4509.972549262622
0.11102011761000001,4515.9247246471095
0.11069814450333333,4521.876899998313
0.10790771086333334,4527.829075416084
0.10715644027,4533.781250767288
0.10747841339000001,4539.733426151775
0.10801503523333333,4545.68560150298
0.10608319655333333,4551.637776920751
0.10865898141666668,4557.589952238671
0.10747841335666668,4563.542127656442
0.10737108899666666,4569.4943030409295
0.10865898143000001,4575.446478392134
0.10908827893999999,4581.398653809905
0.10855165706999999,4587.350829161109
0.10973222514999999,4593.303004545596
0.11134209069333334,4599.2551798968
0.11144941501666666,4605.207355281287
0.11123476627333333,4611.159530632492
0.11187871252333333,4617.111706050263
0.11037617135333333,4623.0638814014665
0.1133812537,4629.016056785954
0.11069814447,4634.968232170441
0.11102011758333334,4640.920407521646
0.11134209066333334,4646.872582939417
0.11091279318333334,4652.824758290621
0.11123476631666666,4658.776933675108
0.11069814445333333,4664.729109026312
0.10983954951000001,4670.681284444083
0.10865898145333334,4676.633459762003
0.10801503522333333,4682.585635179775
0.10930292767,4688.537810530978
0.11091279318666665,4694.489985915466
0.11037617131666667,4700.442161333237
0.10973222511999998,4706.3943366844405
0.10973222514999999,4712.346512068929
0.10973222514333332,4718.298687420132
0.11230800999,4724.25086280462
0.11155673944,4730.203038155823
0.11037617139,4736.155213573595
0.11069814447,4742.107388924799
0.11037617134333334,4748.0595643092865
0.1095175764,4754.01173966049
0.11059082009999999,4759.9639150449775
0.11112744193666667,4765.916090462749
0.11059082007666667,4771.868265813953
0.11048349573666666,4777.820441198441
0.11187871253333333,4783.772616549644
0.11252265875,4789.7247919674155
0.11295195623999998,4795.676967285335
0.11305928059666666,4801.6291427031065
0.11509844362666666,4807.581318054311
0.11531309236666666,4813.533493438798
0.11413252430333333,4819.485668790002
0.1148837949,4825.437844207773
0.11670830916666665,4831.390019525694
0.11595703856666667,4837.342194943465
0.11595703856666667,4843.2943703279525
0.11681563353333334,4849.246545679156
0.11767422849999999,4855.198721096927
0.11649366043333333,4861.150896448131
0.11853282343333332,4867.103071832618
0.117244931,4873.055247183823
0.117244931,4879.00742256831
0.11810352596666666,4884.959597919514
0.11917676966666668,4890.911773337285
0.12121593273333332,4896.863948688489
0.11853282346666666,4902.816124072977
0.11949874276666667,4908.768299490747
0.1198207159,4914.720474808668
0.12132325706666668,4920.672650226439
0.11949874276666667,4926.624825577643
0.12025001336666667,4932.57700096213
0.1197133915,4938.529176313335
0.11842549906666666,4944.481351731106
0.11885479656666668,4950.4335270490255
0.11982071586666666,4956.385702466797
0.11992804023333332,4962.337877818
0.11917676966666668,4968.290053202489
0.1169229579,4974.242228620259
0.11831817473333335,4980.1944039714635
0.11735225538666666,4986.146579355951
0.11627901168999999,4992.0987547071545
0.11660098481333332,4998.050930091642
0.11638633607666667,5004.003105442846
0.11606436296,5009.955280860618
0.11649366046,5015.907456211821
0.11370322685666666,5021.859631596309
0.11423984874333333,5027.811806947513
0.11305928065666666,5033.7639823320005
0.1135959025,5039.716157749772
0.11466914619666668,5045.668333100975
0.11477647058666667,5051.620508485463
0.11531309245333332,5057.572683836666
0.11499111933999999,5063.524859254438
0.11509844373666667,5069.477034572358
0.11606436306666668,5075.4292099901295
0.11831817487333333,5081.381385341333
0.11939141854666667,5087.3335607258205
0.12003536481,5093.285736077025
0.12067931099333333,5099.237911494795
0.12207452784666667,5105.190086879284
0.12121593292666666,5111.142262230487
0.12110860853333333,5117.094437614975
0.12357706907,5123.046612966178
0.12389904217666668,5128.998788383949
0.12465031274999999,5134.950963735154
0.12486496148333333,5140.903139119641
0.12647482705666666,5146.855314470845
0.12679680013666667,5152.807489855332
0.12733342197666667,5158.759665206537
0.13001653125666668,5164.711840624307
0.12862131445333333,5170.664016008795
0.13227034304333332,5176.616191359999
0.13291428927666668,5182.56836677777
0.13345091112666665,5188.520542128974
0.13237766741666668,5194.472717513461
0.13151907244,5200.424892864666
0.13280696486,5206.377068249153
0.13377288422,5212.329243600357
0.13452415481666666,5218.281419018128
0.13452415484,5224.2335943693315
0.13355823549333334,5230.185769753819
0.13430950607333333,5236.137945138307
0.13323626238333333,5242.090120489511
0.13516810106,5248.042295907282
0.13366555988333334,5253.994471258486
0.13280696489,5259.946646642973
0.13377288424333333,5265.8988219941775
0.13377288425333334,5271.850997378665
0.13345091111666665,5277.8031727298685
0.13291428925,5283.75534814764
0.13269964056666667,5289.707523498843
0.13280696489,5295.659698883332
0.13237766739333334,5301.611874301102
0.1326996404966667,5307.5640496523065
0.13259231614666667,5313.516225036794
0.13269964051333333,5319.4684003879975
0.13388020859000002,5325.420575772485
0.13345091111000001,5331.372751123689
0.13334358675333333,5337.324926541461
0.13398753300333333,5343.277101892664
0.1344168305,5349.229277277152
0.13624134481,5355.181452628355
0.13452415485666666,5361.1336280128435
0.13549007421333334,5367.085803364047
0.13624134479000002,5373.037978781818
0.13538274979333334,5378.990154166306
0.13559739854333333,5384.942329517509
0.13634866915333332,5390.894504901997
0.13549007416,5396.846680253201
0.13688529100666666,5402.798855670972
0.13613402035,5408.751031022176
0.13645599349333334,5414.703206406663
0.13709993969333334,5420.655381757867
0.13667064220333333,5426.607557175638
0.13699261529999998,5432.559732493559
0.13731458847,5438.51190791133
0.1379585347,5444.4640832958175
0.13720726406666664,5450.416258647021
0.13860248090000002,5456.368434064792
0.13999769773333334,5462.320609415997
0.13956840026666667,5468.272784800484
0.13956840026666667,5474.224960151688
0.13903177842666667,5480.177135536175
0.13913910281666667,5486.12931088738
0.13956840028666664,5492.08148630515
0.13881712973333335,5498.0336616563545
0.14021234652666667,5503.985837040842
0.13913910283,5509.938012425329
0.13785121036666667,5515.890187776533
0.13795853478333334,5521.842363194304
0.13688529110333333,5527.794538545509
0.13667064233666668,5533.746713929996
0.13538274989000001,5539.6988892812
0.13559739869,5545.651064698971
0.13527542549666668,5551.6032400168915
0.13323626253,5557.555415434662
0.1335582356,5563.507590785866
0.12990920701666667,5569.459766170354
0.13023118015333332,5575.411941588125
0.13044582888666664,5581.364116939329
0.13023118018333332,5587.316292323816
0.13001653139333333,5593.2684676750205
0.12840666585,5599.220643059508
0.1304458289133333,5605.172818410711
0.12883596337,5611.124993828483
0.12905061207666665,5617.077169179686
0.1306604777,5623.029344564174
0.13119709955,5628.981519915378
0.13023118019000002,5634.933695299866
0.13184104582333334,5640.885870717637
0.13248499199666666,5646.83804606884
0.13205569453333332,5652.790221453328
0.13087512649,5658.742396804532
0.13237766770666667,5664.694572222304
0.13141174839333333,5670.646747540223
0.13227034337,5676.598922957995
0.13173372150333335,5682.551098309198
0.13055315347666666,5688.5032736936855
0.12905061233,5694.45544904489
0.12872863926666667,5700.407624462661
0.12829934176666666,5706.359799847149
0.13066047787666668,5712.311975198352
0.12722609811333332,5718.26415058284
0.12787004432,5724.216325934044
0.12701144934666667,5730.168501351815
0.12701144934,5736.120676703019
0.12905061242666668,5742.072852087506
0.12765539560333333,5748.02502743871
0.12722609810333332,5753.977202823198
0.12787004439333333,5759.929378174402
0.12829934184,5765.881553592173
0.12894328798,5771.8337289766605
0.12958723421999999,5777.785904327864
0.13119709976666666,5783.738079745635
0.13162639717333333,5789.690255063556
0.13205569466333333,5795.642430481327
0.13205569460666666,5801.594605832531
0.13570472320666666,5807.546781217018
0.13355823576666667,5813.498956568222
0.13559739872666665,5819.451131985993
0.13602669619,5825.403307303914
0.13752923737333334,5831.355482721685
0.13752923738,5837.307658106172
0.13849515666333334,5843.259833457376
0.13978304913333334,5849.212008875147
0.1387098054,5855.164184226352
0.13999769784000002,5861.116359610839
0.13924642724333333,5867.068534962043
0.1403196709,5873.02071034653
0.14225150956666666,5878.972885697734
0.14074896839999998,5884.925061115505
0.14182221206666668,5890.877236466709
0.14300278016666668,5896.829411851197
0.14439799696666666,5902.7815872024
0.14407602386666665,5908.733762586888
0.14514926756666668,5914.685938004659
0.14600786253333334,5920.638113355863
0.14632983566666669,5926.590288740351
0.1417148877,5932.542464091554
0.1460078625333333,5938.494639509326
0.14278813143333333,5944.446814827246
0.1440760239,5950.398990245017
0.14150023896666666,5956.351165596221
0.14074896836666664,5962.3033409807085
0.13967572466,5968.255516331912
0.13828050782333332,5974.207691749683
0.13752923728333333,5980.159867134171
0.13527542548333332,5986.112042485375
0.13484612800333332,5992.064217869863
0.13033850441,5998.016393221066
0.13076780191,6003.9685686388375
0.12862131449666667,6009.920743990041
0.12733342204666667,6015.8729193745285
0.12776271955,6021.825094725733
0.12754807078666666,6027.77727011022
0.1249722859,6033.729445461424
0.12443566403333332,6039.681620879195
0.12400636653666668,6045.633796263683
0.12078663545,6051.585971614887
0.11864014802,6057.538147032657
0.11627901187666667,6063.490322383862
0.11509844380666667,6069.442497768349
0.11177138833,6075.394673119553
0.11241533455666668,6081.34684850404
0.11048349588999999,6087.299023855245
0.10919560349,6093.251199273016
0.10715644045,6099.20337462422
0.10543925054666665,6105.155550008707
0.10511727741333332,6111.107725393194
0.10136092450666667,6117.059900744399
0.10007303204,6123.01207616217
0.09964373457333335,6128.964251513374
0.0971752741,6134.916426897861
0.09545808416666668,6140.868602249065
0.09481413796666667,6146.820777633552
0.09116510941666667,6152.772952984757
0.08944791953333332,6158.725128402528
0.08869664896333333,6164.677303753731
0.08590621538666667,6170.629479138219
0.08665748594333333,6176.58165455599
0.0845109986,6182.533829907194
0.08204253814666666,6188.486005291682
0.08182788942000001,6194.4381806428855
0.08043267260999999,6200.390356027373
0.07946675328000001,6206.3425313785765
0.07646167101333333,6212.294706796348
0.07624702230333334,6218.246882147552
0.07742759032333334,6224.19905753204
0.07742759029333333,6230.151232883243
0.07742759029,6236.103408267731
0.07603237352333332,6242.055583685502
0.07893013145666666,6248.0077590367055
0.07667631970666666,6253.959934421194
0.07968140201,6259.912109772397
0.07978872638666668,6265.864285156885
0.08032534821,6271.816460508088
0.08086197006666668,6277.76863592586
0.08129126749666667,6283.720811277064
0.08247183559666667,6289.6729866615515
0.08236451119333334,6295.625162012755
0.08247183556,6301.577337430526
0.08397437669333334,6307.529512815014
0.08343775489333333,6313.481688166218
0.08365240363,6319.433863550706
0.08343775490333333,6325.386038901909
0.08161324063,6331.33821431968
0.08182788935666667,6337.290389670884
0.08333043049333333,6343.242565055371
0.08225718678333334,6349.194740406576
0.08064732126,6355.146915791063
0.08075464565333333,6361.099091142267
0.08118394307666667,6367.051266560038
0.08161324054666667,6373.003441944526
0.08021802376333333,6378.95561729573
0.08011069941,6384.907792680217
0.07989605067333333,6390.859968031421
0.08118394306333333,6396.812143449192
0.08096929432666668,6402.764318800396
0.07817886073666667,6408.716494184883
0.07710561702666667,6414.668669536088
0.07882280690666667,6420.620844953859
0.07742759010666667,6426.573020271779
0.07485180525666667,6432.52519568955
0.07452983215333332,6438.4773710407535
0.07420785904999999,6444.429546425242
0.07431518341333333,6450.381721843012
0.07377856155333333,6456.333897194217
0.07431518339666666,6462.286072578704
0.07442250776666666,6468.238247929908
0.07732026569333333,6474.190423314395
0.07667631947666667,6480.1425986655995
0.07817886063,6486.094774083371
0.07732026568333333,6492.046949434574
0.07635434636666667,6497.999124819062
0.08011069925333332,6503.951300170265
0.08011069925666665,6509.903475554754
0.07989605052,6515.855650972524
0.08322310594,6521.8078263237285
0.08311578157666666,6527.760001708216
0.08333043031333333,6533.712177059419
0.08397437653,6539.664352477191
0.08536959331333333,6545.616527795111
0.08526226895333333,6551.568703212883
0.08483297148333334,6557.520878564086
0.08590621517000001,6563.473053948574
0.08579889079333332,6569.425229299778
0.08655016137666667,6575.377404717548
0.08708678322666667,6581.329580102037
0.08923327058666668,6587.28175545324
0.08858932438,6593.233930837728
0.09180905542333334,6599.186106188931
0.08998454117333334,6605.138281606703
0.09052116300666667,6611.090456957907
0.09363356970999999,6617.042632342394
0.09277497477333334,6622.994807693598
0.09438484030333333,6628.946983078085
0.09417019157,6634.89915842929
0.09578005710666666,6640.85133384706
0.09857049071333333,6646.803509231549
0.09846316634666667,6652.755684582752
0.10179022180000001,6658.707860000523
0.10350741167666666,6664.660035318443
0.10511727723666668,6670.612210736214
0.10704911588,6676.564386087419
0.10683446716,6682.516561471906
0.10651249407,6688.46873682311
0.10908827891666666,6694.420912240881
0.10908827889333333,6700.373087558802
0.10898095458000001,6706.325262976572
0.10855165711333332,6712.27743836106
0.10951757644333333,6718.229613712264
0.10780038653333333,6724.181789130035
0.10994687393666668,6730.133964481239
0.10994687388333335,6736.086139865726
0.10887363023,6742.038315216931
0.10919560335333334,6747.990490601418
0.10855165709666666,6753.942665952622
0.10962490085666667,6759.894841370393
0.10780038657333331,6765.847016721596
0.11005419832333334,6771.799192106084
0.10780038655333335,6777.751367523855
0.10930292778666667,6783.703542841776
0.11059082019666666,6789.655718259547
0.10855165723333333,6795.607893610751
0.10865898155666669,6801.560068995238
0.10855165721333333,6807.5122443464425
0.10908827902333333,6813.464419764214
0.10908827906666667,6819.416595082133
0.10962490092666666,6825.368770499905
0.10908827908333334,6831.320945851108
0.10565389926666667,6837.273121235597
0.10651249421000002,6843.225296653367
0.105868548,6849.177472004571
0.10554657492000001,6855.129647389059
0.10543925056999999,6861.081822740262
0.10436600686666668,6867.03399812475
0.10329276320999999,6872.986173475954
0.10018035654333333,6878.938348893726
0.09878513975999999,6884.890524244929
0.09889246410000001,6890.8426996294165
0.09814119355,6896.79487498062
0.09899978849666667,6902.747050365108
0.09771189609000001,6908.699225782879
0.09749724737666665,6914.651401134083
0.09878513979333332,6920.603576518571
0.09696062551333333,6926.555751869774
0.09846316671,6932.5079272875455
0.09792654482333334,6938.460102605466
0.09706794987333334,6944.412278023237
0.09610203057,6950.364453374441
0.09685330117,6956.316628758928
0.09663865245999999,6962.268804110132
0.09610203062,6968.220979527903
0.09502878689,6974.173154879108
0.09470681381333335,6980.125330263595
0.09545808438666666,6986.0775056480825
0.09545808444333333,6992.029680999286
0.09535076007333333,6997.981856417057
0.09449216523,7003.934031768262
0.09481413831,7009.886207152749
0.09524343583,7015.838382503953
0.09309694845,7021.79055788844
0.09374089468666667,7027.742733239645
0.09277497538333335,7033.694908657415
0.09256032668000001,7039.6470840086195
0.09095046114333334,7045.599259393107
0.09245300234333333,7051.551434810878
0.09073581251,7057.503610162082
0.09137975876666667,7063.455785546569
0.09137975876666667,7069.407960897774
0.08966256896333334,7075.360136282261
0.09030651523,7081.312311633465
0.08923327153,7087.264487051236
0.08869664973000001,7093.216662402439
0.08665748676666667,7099.168837786927
0.08858932536333335,7105.121013138131
0.08504762127666667,7111.073188522619
0.08440367510666667,7117.02536394039
0.08300845834,7122.9775392915935
0.08247183651000001,7128.929714676081
0.08236451214333333,7134.881890027285
0.08043267351333333,7140.834065411773
0.08064732228333334,7146.786240762976
0.07742759118999999,7152.738416180748
0.07753491556000001,7158.690591531951
0.07592505003333333,7164.642766916439
0.07506645510666667,7170.594942267643
0.07238334585333334,7176.547117685414
0.07345658955333333,7182.499293069902
0.07313461642666667,7188.451468421105
0.07399321140666666,7194.403643805593
0.07313461639366665,7200.355819156797
0.07377856272766667,7206.3079945745685
0.072705319031,7212.260169925772
0.075066455113,7218.2123453102595
0.07410053574633334,7224.164520661463
0.07624702305666667,7230.11669604595
0.07678364488666667,7236.068871397155
0.07850083477333333,7242.021046814926
0.07903745659666667,7247.973222199414
0.07839351032666667,7253.925397550617
0.07989605146666666,7259.877572935105
0.08021802448333333,7265.829748286309
0.08172056561,7271.78192370408
0.08257916053666667,7277.734099055284
0.08429635039666666,7283.686274439771
0.08214986296333333,7289.638449790975
0.08354507969666665,7295.590625208746
0.08333043089666665,7301.542800526667
0.08461832333000001,7307.494975944438
0.0846183233,7313.447151328925
0.08622818877,7319.399326680129
0.08526226943,7325.3515020979
0.08655016183666668,7331.303677449104
0.08676481056666667,7337.255852833592
0.08526226933666665,7343.208028184796
0.08612086430333334,7349.160203569283
0.08451099877,7355.112378920487
0.08708678358333333,7361.064554338258
0.08494029617666667,7367.016729689462
0.08590621551666666,7372.96890507395
0.08418902560666668,7378.921080491721
0.08633551292666668,7384.873255809641
0.08633551289666667,7390.825431227412
0.08429634985666667,7396.7776065786165
0.08515494480333334,7402.729781963104
0.08375972799333332,7408.6819573143075
0.08365240359666666,7414.634132732079
0.08354507923333333,7420.5863080499985
0.08193521369333334,7426.53848346777
0.08268648426666667,7432.490658818974
0.08150591622666666,7438.442834203462
0.08000337505666666,7444.395009554665
0.07978872629333333,7450.3471849724365
0.07828618512333334,7456.299360356924
0.07946675316333333,7462.251535708128
0.07721294142333333,7468.203711092616
0.07420785908333333,7474.155886443819
0.07377856159333333,7480.108061861591
0.07259799355,7486.060237212794
0.07055883054666667,7492.012412597282
0.07077347927333333,7497.964587948486
0.07152474983666667,7503.9167633329735
0.07066615489666667,7509.868938684177
0.06980755994,7515.821114101948
0.07034418177,7521.773289486436
0.06980755992666667,7527.72546483764
0.06862699187666667,7533.677640255411
0.06851966751333334,7539.629815573331
0.06701712636333333,7545.581990991102
0.06369007097,7551.534166342306
0.06347542223666666,7557.486341726793
0.06444134154666667,7563.438517077998
0.062080205463333336,7569.390692495769
0.06261682731333333,7575.342867813689
0.06272415168333334,7581.29504323146
0.06025569123333333,7587.2472186159475
0.05810920389333334,7593.199393967152
0.05843117701666667,7599.151569384922
0.05574806783,7605.103744736127
0.055318770356666665,7611.055920120614
0.052099039346666674,7617.008095471818
0.052313688086666664,7622.960270856305
0.05113312004666667,7628.91244620751
0.04920128144666667,7634.864621625281
0.049523254540000006,7640.8167969764845
0.047913389029999996,7646.768972360972
0.048557335236666666,7652.721147778743
0.048557335236666666,7658.673323096664
0.046303523543333336,7664.625498514435
0.04619619917,7670.577673865639
0.04608887479666666,7676.529849250126
0.04673282101666667,7682.48202460133
0.04555225296666667,7688.434200019101
0.048342686503333336,7694.3863753370215
0.04598155042666666,7700.338550754793
0.04726944282666667,7706.290726105996
0.046840145379999996,7712.242901490484
0.04598155044,7718.195076908255
0.045659577343333334,7724.147252259459
0.04866465963666666,7730.099427643947
0.04608887483333333,7736.0516029951505
0.04565957736,7742.003778379638
0.04490830681,7747.955953730841
0.046518172309999994,7753.908129148613
0.043620414393333334,7759.860304499817
0.04394238750333334,7765.812479884305
0.045015631153333326,7771.764655235508
0.04630352355666667,7777.716830619996
0.045230279873333334,7783.669006037767
0.045337604229999995,7789.62118138897
0.04684014537333333,7795.573356773459
0.048020713396666664,7801.525532124662
0.04898663269333333,7807.477707542434
0.04684014536666666,7813.429882860353
0.04952325455,7819.3820582781245
0.04737676721666667,7825.334233629329
0.04845001088666667,7831.286409013816
0.04737676722333333,7837.23858436502
0.04759141595666666,7843.190759782791
0.04812803779,7849.142935167279
0.04887930836333334,7855.095110518483
0.04855733527666667,7861.0472859029705
0.04963057895333334,7866.999461254174
0.05091847136666666,7872.951636671945
0.04941593024333333,7878.903812023149
0.04995255207333333,7884.855987407636
0.048128037836666665,7890.808162758841
0.049523254586666655,7896.760338143328
0.04995255206333334,7902.712513494532
0.048771984039999994,7908.664688912303
0.05274298561333333,7914.6168642967905
0.05263566127,7920.569039647995
0.05285030996666667,7926.521215065765
