Average lockin_signal,Ion velocity
0.09728259833000001,-5931.076775973773
0.08826735133000001,-5925.107738826458
0.08773072948333334,-5919.13870181228
0.08783805385333333,-5913.169664731533
0.08579889086333332,-5907.200627717354
0.08558424213666667,-5901.2315906366075
0.08590621521333335,-5895.262553555861
0.0849402959,-5889.293516541681
0.08408170095666667,-5883.3244794609345
0.0816132405,-5877.355442380189
0.08268648418333334,-5871.386405299442
0.08225718670666667,-5865.417368218696
0.08311578165666667,-5859.448331204516
0.08107661864333333,-5853.47929412377
0.08129126737333332,-5847.510257043024
0.08257915978000001,-5841.541220028844
0.08204253795333334,-5835.572182948097
0.07903745562999999,-5829.603145933918
0.07968140183333333,-5823.634108786605
0.08064732114666667,-5817.665071705858
0.07957407746,-5811.6960346916785
0.07914478000000001,-5805.726997610932
0.07914477999666668,-5799.757960596753
0.08086196988000001,-5793.788923516006
0.08032534804000001,-5787.81988643526
0.07903745560666668,-5781.850849421081
0.07903745560999999,-5775.881812340334
0.07914477996666668,-5769.912775259588
0.07914477997,-5763.943738178841
0.07667631949999999,-5757.974701098095
0.07699829260666667,-5752.005664083916
0.07807153628666667,-5746.036627003169
0.07710561696333333,-5740.0675899224225
0.07592504892,-5734.098552908244
0.07592504891333333,-5728.129515827497
0.07603237328,-5722.160478813317
0.07388588593,-5716.191441666004
0.07431518339666666,-5710.222404585257
0.07592504892333334,-5704.253367571078
0.07581772455666667,-5698.284330490332
0.07377856155666666,-5692.315293476153
0.07678364385333335,-5686.346256395406
0.07571040018333333,-5680.37721931466
0.07710561695666668,-5674.40818230048
0.07946675305,-5668.4391451531665
0.07860815810666667,-5662.470108138988
0.07903745557333333,-5656.501071058241
0.07978872615,-5650.532033977494
0.07989605051666666,-5644.562996963315
0.08064732109333334,-5638.593959882569
0.08096929419333333,-5632.624922801822
0.08204253788,-5626.655885787643
0.08279380845666666,-5620.686848706896
0.08365240340333334,-5614.717811626149
0.08472564709333334,-5608.748774545404
0.08547691767666665,-5602.779737464657
0.08547691767,-5596.810700450477
0.08526226893666666,-5590.841663369731
0.08708678320333334,-5584.872626355552
0.08740875631333334,-5578.903589274805
0.09062848737,-5572.934552194059
0.09223835291,-5566.96551517988
0.09084313612666667,-5560.996478032565
0.09320427222666666,-5555.0274410183865
0.09277497475666667,-5549.05840393764
0.09309694785333333,-5543.089366856893
0.09502878650333334,-5537.120329842714
0.09459948902666666,-5531.151292761968
0.09545808397,-5525.182255681221
0.09685330078666667,-5519.213218667042
0.09717527387999998,-5513.244181519728
0.09674597642666667,-5507.275144505549
0.09846316631666667,-5501.306107424803
0.09899978816999999,-5495.337070344056
0.10125359990999999,-5489.368033329877
0.10093162682000001,-5483.3989962491305
0.10372206042333333,-5477.429959234952
0.10511727722333335,-5471.460922154205
0.10629784530333332,-5465.491885073458
0.10672714280000001,-5459.522847992712
0.10908827891999999,-5453.553810911965
0.10941025201,-5447.584773897786
0.11059082008666665,-5441.61573681704
0.11123476631,-5435.646699736293
0.11155673942333333,-5429.677662722113
0.11252265872666667,-5423.708625641368
0.1137032268,-5417.739588560621
0.11305928062666666,-5411.770551546441
0.11327392932999998,-5405.801514399128
0.11338125372,-5399.832477384948
0.11381055118333334,-5393.863440304202
0.11348857806666668,-5387.894403223456
0.11241533438,-5381.925366209276
0.11166406380333332,-5375.956329128529
0.11016152263333334,-5369.987292114351
0.11080546881000002,-5364.018255033604
0.11069814447666666,-5358.0492178862905
0.11091279321666665,-5352.080180872111
0.10941025204666666,-5346.111143791364
0.11166406377333334,-5340.142106777185
0.10951757641,-5334.173069696439
0.10780038651666668,-5328.204032615692
0.10780038650666666,-5322.234995601513
0.10758573774666665,-5316.265958520767
0.10533192597666667,-5310.29692144002
0.10436600663333333,-5304.327884359273
0.10382938480333333,-5298.358847278527
0.10350741169666666,-5292.389810264348
0.10136092431,-5286.420773183601
0.09953641006333334,-5280.451736102855
0.09814119328666666,-5274.482699088676
0.09556540842,-5268.513662007929
0.09331159668,-5262.54462499375
0.09417019163666666,-5256.575587913004
0.09159440676666668,-5250.6065507656895
0.08934059504666668,-5244.637513751511
0.08987721687333333,-5238.668476670764
0.08987721689333333,-5232.699439656585
0.08794537824,-5226.7304025758385
0.08612086401666667,-5220.761365495092
0.08536959343333334,-5214.792328480912
0.08268648425333333,-5208.823291400166
0.08086196999666667,-5202.85425431942
0.08043267252666667,-5196.885217238673
0.07903745574666667,-5190.916180157927
0.07742759021000001,-5184.947143143747
0.07678364403666667,-5178.978106063001
0.07442250793333334,-5173.009068982255
0.07571040036666667,-5167.040031968075
0.07474448103333332,-5161.070994887328
0.06970023572666667,-5155.101957873149
0.06851966769000001,-5149.132920725836
0.06776839709333334,-5143.163883645089
0.06562190975666667,-5137.1948466309095
0.06293880056,-5131.225809550163
0.06315344929000001,-5125.256772535984
0.06122161069666667,-5119.287735455237
0.05950442081000001,-5113.318698374491
0.05832385276666666,-5107.349661360312
0.058645825846666666,-5101.380624279565
0.05746525780666666,-5095.411587198819
0.05671398721666667,-5089.442550118072
0.05585539229,-5083.473513037326
0.05607004101666666,-5077.504476023147
0.05499679733666666,-5071.5354389424
0.05596271662333333,-5065.5664018616535
0.05435285112333333,-5059.597364847475
0.05403087802,-5053.628327766728
0.05531877043333333,-5047.659290685981
0.055211446049999995,-5041.690253605235
0.054567499846666666,-5035.721216524488
0.05435285112000001,-5029.752179510309
0.055104121670000006,-5023.783142429563
0.054352851109999996,-5017.814105415384
0.05499679731666666,-5011.845068334637
0.052635661226666665,-5005.876031253891
0.055855392250000004,-4999.906994239711
0.05574806788666667,-4993.9379570923975
0.053494256159999996,-4987.968920078219
0.05252833685333333,-4981.999882997472
0.05467482419333333,-4976.030845916725
0.05510412168,-4970.061808902546
0.05370890489,-4964.0927718218
0.05338693177,-4958.123734741053
0.053279607413333326,-4952.154697726874
0.05177706626,-4946.185660646127
0.05199171500333333,-4940.216623565381
0.05274298557333334,-4934.247586484635
0.052313688096666665,-4928.278549403888
0.051991714993333334,-4922.309512389708
0.051991714983333326,-4916.340475308962
0.05242101244333333,-4910.371438294783
0.051240444419999996,-4904.402401214036
0.05166974188,-4898.43336413329
0.05242101245,-4892.464327052543
0.05177706625,-4886.495289971796
0.050274525119999997,-4880.5262529576175
0.05209903936000001,-4874.557215876871
0.05177706625666667,-4868.588178796124
0.05209903936333333,-4862.6191417819455
0.05317228305,-4856.650104701199
0.05177706628,-4850.681067620452
0.05360158053333333,-4844.712030606273
0.053708904903333334,-4838.742993458959
0.05360158052333333,-4832.77395644478
0.05564074353,-4826.804919364034
0.055211446063333336,-4820.835882283287
0.056821311556666664,-4814.866845269108
0.058431177103333336,-4808.8978081883615
0.05725060905999999,-4802.928771174183
0.059611745136666665,-4796.959734093436
0.05939709641333333,-4790.990697012689
0.06132893502,-4785.021659931943
0.06047034012,-4779.052622851196
0.06165090811999999,-4773.083585837017
0.06358274675333334,-4767.114548756271
0.06315344929,-4761.145511675524
0.06250950309333334,-4755.176474661344
0.06186555693,-4749.207437580599
0.06358274680333333,-4743.238400499852
0.06529993666999999,-4737.2693634191055
0.06272415183666667,-4731.300326338359
0.06390471990666667,-4725.33128932418
0.06487063918000001,-4719.362252243433
0.06454866608,-4713.393215162687
0.06369007114666667,-4707.424178148507
0.06465599048,-4701.45514106776
0.06454866608333333,-4695.486104053582
0.06476331481000001,-4689.517066972835
0.06723177524666667,-4683.548029825522
0.06487063914333334,-4677.578992811342
0.06562190969666666,-4671.609955730595
0.06508528784333334,-4665.640918716416
0.06519261221333333,-4659.67188163567
0.06572923404666668,-4653.702844554923
0.06712445081333333,-4647.733807540744
0.06605120713666666,-4641.764770459998
0.06776839702666666,-4635.795733379251
0.06927093818333334,-4629.826696298504
0.0694855869,-4623.857659217758
0.06948558689333334,-4617.888622203579
0.06884164068,-4611.919585122832
0.07055883056000001,-4605.950548042086
0.07163207423000001,-4599.981511027907
0.07216869607,-4594.01247394716
0.07313461537999999,-4588.043436932981
0.07281264226333334,-4582.074399785667
0.07485180525333333,-4576.1053627049205
0.07474448089333334,-4570.136325690742
0.07410053466666666,-4564.167288609995
0.07420785903,-4558.198251595816
0.07485180524666667,-4552.2292145150695
0.07356391282666667,-4546.260177434323
0.07281264224,-4540.291140420143
0.07281264224,-4534.3221033393975
0.07334926407,-4528.353066258651
0.07238334476,-4522.384029177904
0.07131010108000001,-4516.414992097158
0.07045150613333334,-4510.445955082978
0.07120277671000001,-4504.476918002232
0.06830501877666667,-4498.507880921486
0.06755374820666667,-4492.538843907306
0.0662658558,-4486.569806826559
0.06454866590666668,-4480.60076981238
0.06433401717,-4474.631732665067
0.061972881086666674,-4468.66269558432
0.05993371810333333,-4462.6936585701405
0.05918244753333333,-4456.724621489394
0.05875315006,-4450.755584475215
0.05692863581666666,-4444.7865473944685
0.05649933834666667,-4438.817510313722
0.05488947284,-4432.848473299543
0.05456749974,-4426.87943615223
0.054567499740000004,-4420.91039913805
0.05413820228,-4414.941362057303
0.05188439056666666,-4408.972324976557
0.05274298550333333,-4403.003287962378
0.05274298550333333,-4397.034250881631
0.052850309873333334,-4391.0652138008845
0.0517770662,-4385.096176786706
0.05199171493333333,-4379.127139705959
0.05285030987,-4373.158102625212
0.05338693171,-4367.189065544466
0.05209903930333334,-4361.220028463719
0.05166974183666667,-4355.25099144954
0.05188439057666666,-4349.281954368794
0.05199171494000001,-4343.312917354615
0.05124044438000001,-4337.343880273868
0.04995255198,-4331.374843193122
0.04930860578333333,-4325.405806178942
0.050274525113333336,-4319.4367690316285
0.050059876403333335,-4313.46773201745
0.04909395709666666,-4307.498694936703
0.05081114699,-4301.529657855956
0.051347768843333336,-4295.560620841777
0.05059649826666667,-4289.591583761031
0.050489173906666664,-4283.622546680284
0.050381849543333336,-4277.653509666105
0.049737903343333334,-4271.684472518791
0.04973790335,-4265.715435504612
0.05124044448666667,-4259.746398423866
0.05156241759333333,-4253.777361343119
0.05231368817333334,-4247.808324328939
0.052742985636666656,-4241.839287248193
0.05263566127666666,-4235.870250234014
0.05188439070666667,-4229.901213153267
0.05542609482666667,-4223.932176072521
0.055426094839999995,-4217.963138991774
0.05360158058,-4211.994101911028
0.05478214860333333,-4206.025064896849
0.054889472983333326,-4200.056027816102
0.05478214859666666,-4194.086990735355
0.05413820241,-4188.1179537211765
0.05467482423666667,-4182.14891664043
0.055855392283333326,-4176.179879559683
0.05639201413666667,-4170.210842545504
0.05531877047666667,-4164.24180539819
0.05735793346333334,-4158.272768384011
0.05521144613,-4152.303731303265
0.05456749991666667,-4146.334694222518
0.05392355374333333,-4140.365657208339
0.054245526843333336,-4134.3966201275925
0.05285031006666666,-4128.427583113414
0.052421012583333336,-4122.458546032667
0.05166974201,-4116.489508885353
0.051025795809999996,-4110.520471871174
0.04887930845333333,-4104.551434790427
0.04909395719,-4098.582397776248
0.047806064786666665,-4092.613360695502
0.04555225306,-4086.644323614755
0.045230279953333334,-4080.675286600576
0.044800982473333334,-4074.7062495198293
0.041044629633333336,-4068.7372124390827
0.04168857583,-4062.7681753583365
0.03943476411666667,-4056.79913827759
0.037932222996666674,-4050.8301012634106
0.0375029255,-4044.861064182664
0.0365370062,-4038.8920271019174
0.03481981633333333,-4032.9229900877385
0.035893059996666664,-4026.953953006992
0.03471249196,-4020.9849159928126
0.033102626456666666,-4015.015878912066
0.03492714067666667,-4009.0468417647526
0.033746572643333334,-4003.0778047505733
0.0316000853,-3997.1087676698266
0.03439051883,-3991.1397306556473
0.03417587009,-3985.170693574901
0.035249113756666665,-3979.2016564941546
0.03642968177,-3973.2326194799753
0.03675165486666667,-3967.2635823992287
0.03600038429666667,-3961.294545318482
0.037395601056666665,-3955.325508237736
0.03846884472,-3949.3564711569893
0.03718095232666666,-3943.38743414281
0.039220115283333336,-3937.4183970620634
0.038898142186666665,-3931.449359981317
0.039864061486666665,-3925.480322967138
0.041581251349999994,-3919.5112858863913
0.039971385853333326,-3913.5422488056447
0.03997138585999999,-3907.573211724898
0.03922011529333334,-3901.604174644152
0.04061533205666667,-3895.6351376299726
0.04147392699,-3889.666100549226
0.03889814219666666,-3883.6970635350467
0.04082998079333333,-3877.7280264543006
0.040293358960000004,-3871.758989373554
0.038790817836666665,-3865.7899523593746
0.039327439666666665,-3859.820915278628
0.04147392699666667,-3853.8518781978814
0.039864061496666665,-3847.8828411171353
0.039542088403333335,-3841.9138040363887
0.03932743967333333,-3835.9447670222094
0.03954208841,-3829.9757299414628
0.038683493476666664,-3824.006692860716
0.038039547279999995,-3818.0376558465373
0.03825419603,-3812.0686187657907
0.037395601103333335,-3806.099581685044
0.03642968183,-3800.1305446042975
0.036858979306666664,-3794.1615075235513
0.03385389705333333,-3788.192470509372
0.03417587018333334,-3782.2234334286254
0.03406854581333333,-3776.254396414446
0.03299530217333333,-3770.2853593336995
0.033317275279999996,-3764.3163222529533
0.03245868035333333,-3758.347285238774
0.032566004757,-3752.37824809146
0.03192205855466666,-3746.409211077281
0.03160008547933333,-3740.4401739965347
0.034605167796,-3734.471136915788
0.03202938298266667,-3728.5020999016087
0.03363924849766667,-3722.533062820862
0.03557108709766667,-3716.5640257401155
0.039005466856999994,-3710.5949887259367
0.039327439988,-3704.62595164519
0.039220115586666666,-3698.6569145644435
0.04276181969,-3692.687877483697
0.043405765900000004,-3686.7188404029507
0.04576690202,-3680.7498033887714
0.04630352389333334,-3674.780766308025
0.04845001121333333,-3668.8117292938455
0.05102579607333333,-3662.842692213099
0.052206364139999996,-3656.8736551323527
0.05392355407,-3650.904618051606
0.05446017590333333,-3644.9355809708595
0.05596271705666667,-3638.96654395668
0.05778723136333333,-3632.997506875934
0.05832385323000001,-3627.0284697951874
0.060470340586666664,-3621.059432781008
0.06240217924666666,-3615.0903957002615
0.06326077421333333,-3609.121358619515
0.06369007164,-3603.152321605336
0.0656219103,-3597.183284458022
0.0663731809,-3591.214247443843
0.06605120776333333,-3585.2452103630962
0.06970023635666667,-3579.27617328235
0.07012953378666667,-3573.307136268171
0.06980756068666666,-3567.338099187424
0.07206137244666666,-3561.369062173245
0.07334926484,-3555.4000250924983
0.07474448163666667,-3549.430988011752
0.07517377906666667,-3543.4619509310055
0.07667632023,-3537.492913850259
0.07646167142666667,-3531.5238768360796
0.07613969836333333,-3525.5548397553334
0.07742759076,-3519.585802674587
0.07817886135666667,-3513.6167656604075
0.07839351009333333,-3507.647728579661
0.07860815879333333,-3501.6786914989143
0.08043267306,-3495.709654418168
0.08429635029,-3489.7406173374216
0.08579889143000001,-3483.7715803232422
0.08655016203666666,-3477.8025432424956
0.0883746763,-3471.8335061617495
0.08912594683666668,-3465.86446914757
0.08805270311,-3459.8954320668236
0.08869664931,-3453.9263950526442
0.08955524427666667,-3447.9573579718976
0.08987721735333333,-3441.988320824584
0.09137975847,-3436.019283810405
0.09191638028,-3430.0502467296583
0.09395554328666667,-3424.081209715479
0.09610203061333333,-3418.112172634733
0.09470681381666667,-3412.143135553986
0.09556540872333334,-3406.174098539807
0.09653132804333332,-3400.2050614590603
0.09567273308333334,-3394.2360243783137
0.09674597673,-3388.2669872975675
0.09835584226333333,-3382.297950216821
0.09771189603333334,-3376.3289132026416
0.09696062543,-3370.359876121895
0.09910711281333333,-3364.390839041149
0.09771189600333334,-3358.4218020269695
0.10007303212666667,-3352.452764946223
0.10018035646,-3346.4837278654763
0.10028768082666667,-3340.5146907847297
0.09996570772666667,-3334.5456537039836
0.10114627579000002,-3328.5766166898043
0.10221951948,-3322.6075796090577
0.10372206065333334,-3316.6385425948783
0.10297079013333334,-3310.669505514132
0.10211219515333335,-3304.7004684333856
0.10157557333666667,-3298.7314314192063
0.10136092460666668,-3292.7623943384597
0.10350741204666668,-3286.793357257713
0.10264881701666667,-3280.824320176967
0.10168289768,-3274.8552830962203
0.10211219517333332,-3268.886246082041
0.10221951961000002,-3262.9172090012944
0.10146824898333333,-3256.9481719205482
0.10050232970666666,-3250.979134906369
0.09846316668999999,-3245.0100978256223
0.09932176168333333,-3239.0410607448757
0.09824851798333334,-3233.072023664129
0.09781922051333335,-3227.102986583383
0.09642400368,-3221.1339495692037
0.09438484073333335,-3215.164912488457
0.09567273319333335,-3209.1958754742777
0.09449216515666665,-3203.2268383935316
0.09406286765333334,-3197.257801312785
0.09256032652,-3191.2887642986057
0.09288229959000001,-3185.3197271512918
0.09277497524333334,-3179.3506901371125
0.09041383907333334,-3173.3816530563663
0.09095046090666666,-3167.4126159756197
0.0903065147,-3161.4435789614404
0.09137975835,-3155.474541880694
0.08955524404666666,-3149.5055047999476
0.09030651464666667,-3143.5364677857683
0.08837467597,-3137.5674307050217
0.08665748603333334,-3131.598393624275
0.08536959362666667,-3125.6293565435285
0.08386705245,-3119.6603194627824
0.08397437682333335,-3113.691282448603
0.08386705242333332,-3107.7222453678564
0.08161324068,-3101.753208353677
0.08193521378333334,-3095.784171272931
0.08161324068333332,-3089.8151341921844
0.08150591628,-3083.846097178005
0.07978872635333334,-3077.877060030691
0.07742759027666667,-3071.908023016512
0.07807153647666666,-3065.9389859357657
0.07850083391333333,-3059.969948855019
0.07721294148333334,-3054.0009118408398
0.07796421204666666,-3048.031874760093
0.07689096838,-3042.062837679347
0.07764223892,-3036.0938006651677
0.07699829271666667,-3030.124763517854
0.07732026578666666,-3024.1557265036745
0.07925210440333333,-3018.186689422928
0.07882280696333333,-3012.2176523421817
0.08096929428333334,-3006.2486153280024
0.07914477999333334,-3000.279578247256
0.07807153632333334,-2994.3105412330765
0.07699829262333334,-2988.3415041523303
0.07893013126,-2982.3724670715837
0.07914477997666666,-2976.403429990837
0.07903745560333332,-2970.4343929100905
0.07817886066,-2964.465355895911
0.08086196986333333,-2958.496318815165
0.08000337491666666,-2952.5272817344185
0.07753491444,-2946.558244720239
0.07807153628666667,-2940.5892076394925
0.07571040019666667,-2934.6201705587464
0.07635434640333333,-2928.651133544567
0.07410053467666666,-2922.682096397253
0.07474448088666667,-2916.713059383074
0.07549575146333333,-2910.7440223023273
0.07442250778666666,-2904.774985221581
0.07281264227999999,-2898.805948207402
0.07163207423333333,-2892.836911126655
0.07120277677,-2886.8678740459086
0.07216869607333333,-2880.8988370317297
0.07152474986666667,-2874.929799884416
0.07045150618333333,-2868.9607628702365
0.07055883055666666,-2862.99172578949
0.07184672295333333,-2857.0226887753106
0.07077347928666666,-2851.0536516945645
0.06594388269666666,-2845.084614613818
0.07055883052666667,-2839.1155775996385
0.06991488432,-2833.146540518892
0.07120277672666668,-2827.177503438146
0.07002220868333334,-2821.208466357399
0.06991488431,-2815.2394292766526
0.07034418178,-2809.2703922624733
0.07066615488333333,-2803.3013551817266
0.06884164062333333,-2797.3323181009805
0.07131010109000001,-2791.363281086801
0.06991488432333333,-2785.3942440060546
0.06970023559,-2779.425206925308
0.06959291121333333,-2773.456169911129
0.06905628938666668,-2767.487132763815
0.06787572133666667,-2761.518095749636
0.06980755995666667,-2755.5490586688893
0.07131010112333334,-2749.58002165471
0.06991488435333333,-2743.610984573964
0.0680903701,-2737.6419474932172
0.06894896503999999,-2731.672910479038
0.06669515334333333,-2725.7038733982913
0.06690980208666666,-2719.734836317545
0.06497796345666666,-2713.7657992367986
0.06497796347333333,-2707.796762156052
0.06444134163,-2701.8277251418726
0.06648050461666667,-2695.858688061126
0.06422669290666667,-2689.88965098038
0.06508528784333333,-2683.9206139662006
0.06519261221,-2677.951576885454
0.06379739542,-2671.9825398047074
0.06594388279666667,-2666.013502723961
0.06444134165333333,-2660.0444656432146
0.06465599040666667,-2654.0754286290353
0.06487063913,-2648.1063915482887
0.06465599039,-2642.1373545341094
0.06433401729,-2636.168317453363
0.06572923408333332,-2630.1992803726166
0.06487063913666667,-2624.2302433584373
0.06519261224666667,-2618.2612062776907
0.06454866604333333,-2612.2921691969445
0.06658782904,-2606.323132116198
0.06787572145,-2600.3540950354513
0.06669515339666666,-2594.385058021272
0.06809037017666666,-2588.4160209405254
0.06841234328333333,-2582.4469838597793
0.06927093822333333,-2576.4779468456
0.06980756005666666,-2570.5089097648533
0.07055883062333333,-2564.5398726841067
0.07131010119666666,-2558.5708356033606
0.07173939866000001,-2552.601798522614
0.06937826258333334,-2546.6327615084347
0.07077347935333334,-2540.663724427688
0.07184672302333334,-2534.6946874135087
0.07120277682,-2528.7256503327626
0.07109545245333333,-2522.756613252016
0.06905628944666667,-2516.7875762378367
0.07055883059333333,-2510.818539090523
0.06873431634,-2504.849502076344
0.06809037012666667,-2498.8804649955973
0.06862699196333333,-2492.9114279148507
0.06959291127666667,-2486.9423909006714
0.06841234322333334,-2480.973353819925
0.07023685749333333,-2475.0043167391786
0.06905628944333334,-2469.0352797249993
0.06851966759,-2463.0662426442527
0.06690980206333334,-2457.097205563506
0.06701712643666667,-2451.12816848276
0.06755374828333334,-2445.1591314020134
0.06476331472666666,-2439.190094387834
0.06283147609333334,-2433.2210573070874
0.061328934950000004,-2427.252020226341
0.06047034002666666,-2421.282983212162
0.05950442070666667,-2415.3139461314154
0.05714328462666667,-2409.344909050669
0.057679906476666674,-2403.375871969922
0.05639201405,-2397.4068349557433
0.054245526706666665,-2391.4377978749967
0.05338693178,-2385.46876079425
0.05338693177666667,-2379.499723780071
0.05317228303666668,-2373.530686699324
0.051562417519999994,-2367.561649618578
0.05070382260333334,-2361.5926126043987
0.04963057892666667,-2355.623575457085
0.049952552020000006,-2349.6545384429055
0.04759141595666667,-2343.685501362159
0.04501563113333334,-2337.7164642814128
0.04415703619,-2331.7474272672334
0.04523027986666667,-2325.778390186487
0.04458633366,-2319.8093531057402
0.044049711820000004,-2313.8403160915614
0.042547170679999996,-2307.8712790108148
0.04362041435333334,-2301.902241930068
0.043405765613333334,-2295.9332048493216
0.044371684909999994,-2289.9641678351427
0.04340576560666667,-2283.995130754396
0.044264360536666665,-2278.0260936736495
0.044693657996666664,-2272.05705665947
0.042547170663333335,-2266.0880195787236
0.043727738696666664,-2260.1189824979774
0.043727738696666664,-2254.149945417231
0.04254717065666667,-2248.180908336484
0.04050800769,-2242.211871322305
0.03825419599333333,-2236.2428342415583
0.03739560106,-2230.273797160812
0.03793222289,-2224.304760146633
0.032351355846666666,-2218.335723065886
0.03524911373,-2212.3666859851396
0.034390518796666665,-2206.3976489709607
0.03449784316666666,-2200.428611823647
0.03417587006333333,-2194.4595748094675
0.029560922326666666,-2188.490537728721
0.030312192886666662,-2182.521500714542
0.02859500303,-2176.5524636337955
0.027092461916666668,-2170.583426553049
0.025160623330000003,-2164.6143895388695
0.02355075784666667,-2158.645352458123
0.024302028403333332,-2152.676315377377
0.02333610910666667,-2146.70727829663
0.022799487273333335,-2140.7382412158836
0.023228784729999997,-2134.7692042017043
0.02462400148666667,-2128.8001671209577
0.025160623313333335,-2122.8311300402115
0.02623386697666667,-2116.862093026032
0.027629083736666667,-2110.8930559452856
0.028702327399999995,-2104.924018864539
0.029990219799999995,-2098.95498185036
0.02977557107666667,-2092.9859447030462
0.031170787843333336,-2087.016907688867
0.03449784320333333,-2081.0478706081203
0.03406854574666667,-2075.0788335939415
0.03546376254,-2069.109796513195
0.035678411256666674,-2063.1407594324482
0.036429681846666666,-2057.171722418269
0.03836152046666667,-2051.2026853375223
0.03836152046333333,-2045.233648256776
0.03771757427,-2039.2646111760296
0.039971385973333336,-2033.295574095283
0.03986406161666666,-2027.3265370811039
0.040078710365,-2021.3575000003573
0.03997138598666667,-2015.3884629196107
0.04168857588466667,-2009.4194259054316
0.043835063247000004,-2003.450388824685
0.044693658191333335,-1997.4813517439386
0.04426436072,-1991.512314663192
0.045230280026666674,-1985.5432775824456
0.04866465976,-1979.5742405682663
0.04909395725333333,-1973.6052034875197
0.04877198413666667,-1967.6361664067733
0.048986632866666664,-1961.667129392594
0.051991715163333334,-1955.6980923118476
0.05177706645333333,-1949.7290552976683
0.05156241771,-1943.760018216922
0.05327960760666667,-1937.7909811361753
0.05370890507666667,-1931.821944055429
0.05360158070666667,-1925.8529069746824
0.05381622943666667,-1919.8838699605033
0.05370890508,-1913.9148328797567
0.05531877056666667,-1907.94579579901
0.05510412183333333,-1901.976758784831
0.05435285127666667,-1896.0077217040844
0.055640743629999996,-1890.038684623338
0.05607004114,-1884.0696475425914
0.05639201423666667,-1878.100610461845
0.056713987296666664,-1872.1315734476657
0.053816229386666664,-1866.162536366919
0.05327960756,-1860.1934992861727
0.05628468982666667,-1854.2244622719934
0.053494256273333325,-1848.255425191247
0.05199171512333334,-1842.2863881770677
0.05349425627333334,-1836.317351029754
0.05124044458833333,-1830.3483140155747
0.05124044455499999,-1824.3792769348283
0.05005987652333333,-1818.4102398540817
0.051455093301,-1812.4412028399026
0.050596498366666666,-1806.472165759156
0.05038184960933333,-1800.5031286784094
0.04845001101133334,-1794.5340916642303
0.049737903416666666,-1788.5650545834837
0.04973790339766667,-1782.5960175027374
0.04973790338666667,-1776.6269804219908
0.046947469831000004,-1770.6579433412444
0.048235362241333325,-1764.688906327065
0.04716211856,-1758.7198692463185
0.04565957741466667,-1752.750832165572
0.04308379260366666,-1746.7817951513928
0.043191116976666666,-1740.8127580706464
0.04222519765933334,-1734.8437209898998
0.03986406159466667,-1728.8746839091534
0.03975673722,-1722.905646894974
0.03803954733766667,-1716.9366098142277
0.034605167621,-1710.9675727334811
0.034497843247666665,-1704.998535719302
0.035356438178,-1699.0294986385554
0.03331727521766666,-1693.0604615578088
0.030741490422666662,-1687.0914245436297
0.029990219855999995,-1681.1223873963158
0.028380354347666666,-1675.1533503821368
0.028809651817666666,-1669.1843133013901
0.027199786322666664,-1663.2152762206438
0.025697245192666668,-1657.2462392064645
0.026985137582666668,-1651.2772021257178
0.026019218301233337,-1645.3081650449715
0.026663164476666668,-1639.3391280307922
0.02644851574033333,-1633.3700909500458
0.027307110669333334,-1627.4010538692992
0.030312192916666664,-1621.4320167885528
0.030312192909999997,-1615.4629797743735
0.029346273606666667,-1609.493942693627
0.03160008529333334,-1603.5249056128805
0.03385389698333333,-1597.5558685987012
0.037073627963333335,-1591.5868315179548
0.037180952329999996,-1585.6177944372082
0.03707362796666667,-1579.6487573564618
0.03911279092333333,-1573.6797202757152
0.03911279092666667,-1567.7106832615361
0.03771757417,-1561.7416461807895
0.03922011529333334,-1555.7726091000432
0.03964941276666667,-1549.8035720858638
0.04018603459666667,-1543.8345350051172
0.04158125136666666,-1537.8654979243709
0.04201054883666667,-1531.8964609101915
0.0411519539,-1525.9274237628779
0.04093730517666667,-1519.9583867486986
0.04136660265666667,-1513.9893496679522
0.04082998082,-1508.0203126537729
0.04190322449,-1502.0512755730265
0.040937305210000004,-1496.0822384922799
0.04190322449666667,-1490.1132014781006
0.04179590015666667,-1484.1441643973542
0.03932743971666666,-1478.1751273166076
0.039327439736666664,-1472.2060902358612
0.03922011537,-1466.2370531551146
0.037932222977666664,-1460.2680161409355
0.03782489861833333,-1454.298979060189
0.037288276781666664,-1448.3299419794425
0.03707362805633333,-1442.3609049652632
0.037180952424666666,-1436.3918678845166
0.035356438201000005,-1430.4228308037702
0.036322357478,-1424.4537937230236
0.037610249899666666,-1418.4847566422773
0.0371809524,-1412.515719628098
0.036751654929999995,-1406.5466825473516
0.03750292550333333,-1400.577645466605
0.036966303676666666,-1394.6086084524259
0.03793222298666667,-1388.6395713716793
0.034175870133333335,-1382.6705343575
0.03664433058333333,-1376.7014972767536
0.03675165495333333,-1370.732460196007
0.03922011537666667,-1364.7634231152606
0.03857616917,-1358.794386034514
0.03900546664666666,-1352.825349020335
0.03879081791333333,-1346.8563119395883
0.03846884480666666,-1340.887274858842
0.03761024987,-1334.9182378446626
0.03750292549333333,-1328.949200763916
0.03771757424,-1322.9801636831696
0.037610249863333334,-1317.011126602423
0.03621503310333333,-1311.0420895216766
0.03761024989333333,-1305.0730525074973
0.03857616917666667,-1299.104015426751
0.03825419608666667,-1293.1349783460043
0.03879081791333333,-1287.1659413318253
0.0381468717,-1281.1969042510786
0.039327439730000004,-1275.2278672368993
0.037395601130000004,-1269.2588300895857
0.035571086903333334,-1263.2897930754064
0.037717574233333336,-1257.32075599466
0.03578573562666667,-1251.3517189139134
0.03557108689,-1245.3826818997343
0.03417587011333333,-1239.4136448189877
0.03460516757333334,-1233.4446077382413
0.03621503307,-1227.475570724062
0.034819816303333334,-1221.5065336433154
0.03353192390333334,-1215.537496562569
0.03449784319333333,-1209.5684594818224
0.035034465029999996,-1203.599422401076
0.03471249193333333,-1197.6303853868967
0.034068545723333336,-1191.6613483061503
0.03138543656,-1185.6923112254037
0.032458680223333335,-1179.7232742112246
0.03224403149,-1173.754237130478
0.03095613909666667,-1167.7852001162987
0.02956092233,-1161.816162968985
0.029453597960000005,-1155.8471259548057
0.029131624866666667,-1149.8780888740594
0.02838035430666667,-1143.9090517933128
0.029453597959999998,-1137.9400147791337
0.028702327396666668,-1131.970977698387
0.027843732466666663,-1126.0019406176405
0.025804569516666667,-1120.0329036034614
0.02913162486,-1114.0638664561475
0.031170787813333333,-1108.0948294419684
0.03278065330333333,-1102.1257923612218
0.03267332893666667,-1096.1567552804754
0.036537006123333333,-1090.187718266296
0.03707362795666667,-1084.2186811855497
0.036966303586666666,-1078.249644104803
0.03825419598666666,-1072.280607090624
0.03954208838,-1066.3115700098774
0.04104462951333333,-1060.3425329291308
0.04447900925,-1054.3734958483844
0.04619619911666666,-1048.4044588342051
0.048235362090000004,-1042.4354217534587
0.048771983920000005,-1036.4663846727121
0.04995255196,-1030.497347658533
0.051777066196666666,-1024.5283105777864
0.051884390563333334,-1018.55927349704
0.05177706620333333,-1012.5902364828607
0.05338693171,-1006.621199335547
0.05360158044333333,-1000.6521623213678
0.05682131145666666,-994.6831252406213
0.05639201398666666,-988.7140881598747
0.05875315007666667,-982.7450511456955
0.05746525766333333,-976.776014064949
0.058001879496666665,-970.8069769842025
0.05928977190333332,-964.8379399700233
0.05993371811,-958.8689028227095
0.05928977190333334,-952.8998658085303
0.06122161051666667,-946.9308287277838
0.06057766431,-940.9617916470372
0.06143625925333334,-934.992754632858
0.06154358361,-929.0237175521115
0.06379739533666666,-923.0546805379323
0.06186555671666666,-917.0856434571858
0.060899637410000006,-911.1166063764393
0.06100696178,-905.1475692956928
0.06132893488333333,-899.1785322149464
0.06197288108333334,-893.2094952007672
0.06100696177666667,-887.2404581200205
0.06240217856,-881.2714210392741
0.06293880040333333,-875.3023840250949
0.06358274661333334,-869.3333469443484
0.06594388269666666,-863.3643098636019
0.06390471971666667,-857.3952728494227
0.06465599029666667,-851.4262357021089
0.06454866592,-845.4571986879297
0.06454866593666667,-839.4881616071832
0.06605120708666667,-833.5191245264366
0.06540726088333333,-827.5500875122574
0.06809037006666667,-821.5810504315109
0.06862699193333334,-815.6120134173317
0.06669515331333332,-809.6429763365852
0.06916361377000001,-803.6739392558387
0.06873431630333333,-797.7049021750922
0.06712445080333333,-791.7358650943457
0.06701712644666667,-785.7668280801665
0.06701712645666667,-779.7977909994199
0.06884164069333333,-773.8287539186734
0.06594388278333334,-767.8597169044942
0.06615853155666666,-761.8906798237477
0.06862699199333333,-755.9216427430013
0.06744642395666667,-749.9526056622548
0.06991488442666667,-743.9835685815083
0.06937826259333334,-738.0145315673291
0.07120277689333333,-732.0454944865826
0.07291996679333333,-726.076457405836
0.07184672312666666,-720.1074203916568
0.07420785926,-714.1383833109103
0.07259799375666666,-708.1693462967311
0.07420785932,-702.2003092159846
0.07764223915666667,-696.2312721352381
0.07656899548666667,-690.2622350544916
0.07882280722,-684.2931979737451
0.07925210468999999,-678.3241609595659
0.08032534836,-672.3551238788193
0.08086197025666668,-666.3860867980728
0.08064732152333333,-660.4170497838936
0.08182788959,-654.4480127031471
0.08300845762666667,-648.4789756224006
0.08343775516,-642.5099385416542
0.08386705266333333,-636.5409014609077
0.08494029636,-630.5718644467285
0.08375972829333334,-624.602827365982
0.08494029639333334,-618.6337902852354
0.08440367452666668,-612.6647532710562
0.08526226952666667,-606.6957161903097
0.08483297205666666,-600.7266791761305
0.08526226955333334,-594.7576420288167
0.08236451158666667,-588.7886050146375
0.08472564772,-582.819567933891
0.08333043091999999,-576.8505308531445
0.08451099895333332,-570.8814938389653
0.08397437705666666,-564.9124567582187
0.08408170148666666,-558.9434196774722
0.08440367458666669,-552.974382663293
0.08397437708666666,-547.0053455825465
0.08418902582,-541.0363085018
0.08676481063000001,-535.0672714210535
0.08751608123,-529.098234340307
0.08966256857333332,-523.1291973261278
0.09030651474666666,-517.1601602453813
0.09148708275666667,-511.1911231646348
0.08944791971999999,-505.2220861504556
0.08987721716333334,-499.25304906970905
0.09084313647333335,-493.28401198896256
0.09116510954666666,-487.3149749082161
0.09266765076000001,-481.3459378274695
0.09137975825666667,-475.3769008132903
0.09406286746333332,-469.40786373254383
0.09352624563666667,-463.4388267183646
0.09309694816333332,-457.46978963761813
0.09256032630666666,-451.50075255687165
0.09180905568666668,-445.53171554269244
0.09266765063333333,-439.5626783953786
0.09545808423333334,-433.5936413811994
0.09395554304666669,-427.6246043004529
0.09298962373000001,-421.65556721970637
0.09406286739666668,-415.68653020552716
0.0947068136,-409.7174931247807
0.09417019176333334,-403.7484560440342
0.09502878673,-397.779419029855
0.09556540853333333,-391.81038194910843
0.095994706,-385.84134486836194
0.09749724720000001,-379.87230778761545
0.09771189590000001,-373.9032707068689
0.09760457156666667,-367.9342336926897
0.09738992280000001,-361.9651966119432
0.10007303200666666,-355.996159597764
0.10082430263999999,-350.0271225170175
0.10372206057666666,-344.05808543627097
0.10554657488666667,-338.0890483555245
0.10758573792,-332.120011274778
0.10694179169,-326.1509742605988
0.10769306225666668,-320.1819371798523
0.10801503539,-314.21290009910575
0.11016152279333334,-308.24386308492655
0.11112744210333332,-302.27482600418006
0.11305928080000001,-296.30578892343357
0.11391787577000001,-290.33675190925436
0.11606436320333334,-284.36771476194053
0.11896212121000001,-278.3986777477613
0.12025001367666666,-272.42964066701484
0.12014268928666666,-266.4606035862683
0.12035733799333333,-260.4915665720891
0.12314777168666667,-254.5225294913426
0.12432833975666667,-248.5534924771634
0.12862131460333334,-242.5844553964169
0.13130442388,-236.61541831567038
0.13216301883333334,-230.64638123492387
0.13538275,-224.67734415417738
0.13817318359333333,-218.70830713999817
0.13978304915333337,-212.73927005925165
0.14192953654666665,-206.77023297850513
0.14429067276,-200.80119596432593
0.1451492677,-194.83215888357944
0.1496568913,-188.86312180283292
0.15191070306666668,-182.89408472208643
0.1563110023,-176.92504764133992
0.15877946286666667,-170.9560106271607
0.16081862593333332,-164.9869735464142
0.16382370833333335,-159.0179364656677
0.166614142,-153.0488994514885
0.16886795383333333,-147.07986237074198
0.17079979253333333,-141.11082535656277
0.17444882123333336,-135.14178827581625
0.17702460620000002,-129.17275119506976
0.17874179616666666,-123.20371411432325
0.1821761761,-117.23467703357674
0.18550323166666668,-111.26564001939754
0.1908694504,-105.29660293865103
0.19162072106666664,-99.32756585790453
0.19634299349999998,-93.35852884372532
0.19806018346666668,-87.3894917629788
0.20106526596666666,-81.4204546822323
0.20299710466666665,-75.4514176014858
0.20696810656666664,-69.4823805207393
0.21050981093333335,-63.51334350656008
0.2140515153,-57.54430642581358
0.21727124656666666,-51.57526934506707
0.2229594385,-45.60623233088786
0.22424733096666669,-39.63719525014136
0.22832565729999998,-33.66815823596215
0.23111609106666667,-27.699121088648347
0.2318673617,-21.73008407446914
0.2336918761333333,-15.761046993722633
0.23508709303333333,-9.792009912976127
0.23777020246666666,-3.822972898796919
0.2397020412666667,2.146064181949587
0.24281444813333333,8.115101229412444
0.24635615256666665,14.08413831015895
0.24871728886666666,20.053175357621807
0.2516150470333333,26.02221247165196
0.25333223709999997,31.99124951911482
0.2554787246,37.96028656657768
0.2597716997333333,43.92932364732418
0.26309875543333333,49.89836069478704
0.26481594550000004,55.8673977422499
0.26921624496666663,61.836434789712754
0.27694360023333336,67.80547187045926
0.2808072778333333,73.77450891792212
0.28391968483333335,79.74354603195228
0.28853463313333333,85.71258307941513
0.29196901329999997,91.68162012687799
0.29615466413333336,97.65065720762449
0.29969636866666666,103.61969425508735
0.3044186414,109.5887313025502
0.3078530216,115.55776835001306
0.31289726749999996,121.52680543075957
0.31912208163333333,127.49584251150607
0.32427365196666663,133.46487959225257
0.3293178979333333,139.43391663971545
0.3326449538333333,145.4029536871783
0.3372599022666667,151.3719907679248
0.3412309044333333,157.34102781538766
0.3455238798,163.3100648628505
0.3499241795333334,169.2791019103134
0.3533585598,175.24813899105988
0.35593434503333327,181.2171760718064
0.36269578123333335,187.18621315255288
0.3678473517333333,193.15525020001576
0.3722476515333333,199.1242872474786
0.3745014637,205.09332432822512
0.37815049279999996,211.06236137568797
0.38255079263333336,217.03139842315082
0.3858778486,223.0004354706137
0.3910294191666666,228.96947255136018
0.3942491508333334,234.9385096321067
0.3986494506666667,240.9075467128532
0.40380102126666667,246.87658376031607
0.4126016211333334,252.84562080777891
0.41710924543333333,258.8146578885254
0.41947038200000003,264.78369493598825
0.4251585747,270.75273198345116
0.42870027949999995,276.721769030914
0.4332079038666666,282.69080614494413
0.4364276355666667,288.6598432256907
0.44168653069999997,294.6288802731535
0.4457648575333333,300.5979173206164
0.4528482673,306.5669543680792
0.4555313771,312.5359914488257
0.4598243527333333,318.5050284962886
0.4644393016333333,324.47406554375146
0.46701508700000005,330.4431025912143
0.4710934139333333,336.41213970524444
0.47538638966666663,342.381176785991
0.4778548507,348.35021383345384
0.4824697996,354.3192508809167
0.4854748826333333,360.28828792837953
0.4926656170333333,366.257325009126
0.4979245124,372.2263620565889
0.5008222710333333,378.1953991040518
0.5038273540999999,384.1644361515146
0.5061884908333333,390.13347326554475
0.5089789251,396.1025103462913
0.5127352789666667,402.07154739375414
0.5156330377,408.040584441217
0.5175648768,414.00962148867984
0.5204626355333333,419.97865856942633
0.5258288553999999,425.94769561688923
0.5293705605666666,431.9167326643521
0.5317316972666667,437.8857697783822
0.5342001584333332,443.85480682584506
0.5368832684,449.8238439065916
0.5393517295666667,455.79288095405445
0.5419275151666666,461.7619180015173
0.5454692202666668,467.73095504898015
0.5464351398666666,473.69999212972664
0.5476157082666666,479.66902917718954
0.5500841694666666,485.6380662246524
0.5525526306333334,491.6071033386825
0.5549137674,497.57614038614537
0.5550210918,503.5451774668919
0.5578115262666667,509.51421451435476
0.5610312583,515.4832515618176
0.5617825290999999,521.4522886092805
0.5617825290666667,527.421325690027
0.5665048027333334,533.3903627374898
0.5675780467333333,539.3593997849526
0.5711197519666666,545.3284368989829
0.5739101864,551.2974739464457
0.5775592161,557.2665110271922
0.5801350017333333,563.2355480746551
0.5819595165666667,569.2045851221179
0.5843206534,575.1736221695808
0.5871110879,581.1426592503273
0.5875403855333333,587.1116962977901
0.5899015224,593.0807334118203
0.5917260372333333,599.0497704592832
0.5926919569,605.018807506746
0.5943018229333332,610.9878445874925
0.5963409866,616.9568816349554
0.5958043646000001,622.9259186824182
0.5971995818666667,628.8949557298811
0.5985947990999999,634.8639928106276
0.6002046652,640.8330298580904
0.6007412872,646.8020669721207
0.6022438289000001,652.7711040195835
0.6061075074666666,658.7401410670464
0.6070734271666667,664.7091781477928
0.6063221563666666,670.6782151952557
0.6094345640666666,676.6472522427185
0.6098638617333333,682.6162892901814
0.6102931593666666,688.5853263709279
0.6109371058,694.5543634183907
0.6112590789666666,700.523400532421
0.6128689451,706.4924375798838
0.6137275403666668,712.4614746273467
0.6130835939333333,718.4305117080931
0.6126542963333333,724.399548755556
0.6135128916,730.3685858030188
0.6142641624333333,736.3376228504817
0.6121176743333333,742.3066599312282
0.6129762696,748.2756970452583
0.6114737279666667,754.2447340927213
0.6101858350999999,760.2137711401841
0.6093272398333334,766.182808187647
0.6097565375,772.1518452683935
0.6066441298333333,778.1208823158563
0.6036390465,784.0899193633192
0.6014925584999999,790.058956410782
0.6010632608666667,796.0279934915285
0.5992387461666666,801.9970306055586
0.5989167729333333,807.9660676530216
0.5975215557666665,813.9351047004844
0.5967702849666666,819.9041417479473
0.5943018237666666,825.8731788286938
0.5941944994,831.8422158761566
0.5918333625666667,837.8112529236195
0.5873257377666667,843.7802899710823
0.5870037645666667,849.7493270518288
0.5828181129333334,855.718364165859
0.5804569761666666,861.6874012133219
0.5789544346000001,867.6564382607847
0.5768079465666667,873.6254753082476
0.5712270777333334,879.5945123889941
0.5701538336666666,885.5635494364569
0.5679000214,891.5325864839198
0.5647876137666666,897.5016235313826
0.5587774474666667,903.4706606454127
0.5559870130666665,909.4396977261594
0.5537332007,915.4087347736222
0.5495475491666667,921.377771821085
0.5455765464,927.3468088685479
0.5419275167666666,933.3158459492944
0.5408542728666667,939.2848829967572
0.5372052431666666,945.2539200442201
0.5320536720333334,951.2229570916829
0.5275460472333333,957.1919942057131
0.5229310981666666,963.1610312864597
0.5175648782666666,969.1300683339225
0.5161696610333334,975.0991053813854
0.5108034411666666,981.0681424288482
0.5075837092666667,987.0371795095947
0.5053298968666667,993.0062165570575
0.5005002989999999,998.9752536045204
0.4971732427,1004.9442906519832
0.4940608353,1010.9133277660134
0.4878360202,1016.88236484676
0.4810745833666667,1022.8514018942228
0.4783914734333334,1028.8204389416856
0.47474244410000005,1034.7894759891485
0.4702348194333333,1040.758513069895
0.46615649249999996,1046.7275501173579
0.4633660581666667,1052.6965871648208
0.4590730825,1058.6656242788508
0.4540288360333333,1064.6346613263138
0.45123840176666663,1070.6036984070602
0.4458721821,1076.5727354545231
0.44125723326666666,1082.5417725019859
0.4362129868666667,1088.5108095494488
0.43256395756666666,1094.4798466301952
0.4281636575666667,1100.4488836776582
0.4240853307333334,1106.4179207251211
0.4215095454,1112.3869578391511
0.41818248926666673,1118.355994886614
0.41249429666666665,1124.3250319673605
0.40873794306666666,1130.2940690148234
0.40455229189999997,1136.2631060622862
0.3988640993333333,1142.2321431097491
0.3967176115666667,1148.2011801904955
0.3928539336333334,1154.1702172379585
0.3890975800666667,1160.1392542854214
0.38662911916666665,1166.1082913994514
0.38330206316666665,1172.0773284469144
0.37997500719999994,1178.0463655276608
0.3772918975333333,1184.0154025751237
0.3724623001666667,1189.9844396225865
0.36934989300000004,1195.9534766700494
0.36452029566666666,1201.9225137507958
0.3593687252333333,1207.8915507982588
0.35797350823333335,1213.860587912289
0.3547537767333333,1219.8296249597518
0.35099742326666666,1225.7986620072147
0.3463824748,1231.767699087961
0.3439140139666667,1237.736736135424
0.33951371426666666,1243.7057731828868
0.3353280633333333,1249.6748102303497
0.3293178979333333,1255.6438473110961
0.32362970566666666,1261.612884358559
0.3223418131,1267.5819214725893
0.3188001085,1273.550958520052
0.3140778357333333,1279.519995567515
0.3122533212333333,1285.4890326482614
0.30731639969999996,1291.4580696957244
0.3025941269333334,1297.427106743187
0.30023299053333335,1303.39614379065
0.29862312483333336,1309.3651808713964
0.2931495814333333,1315.3342179188594
0.2891785793666667,1321.3032550328896
0.2862808211,1327.2722920803524
0.28273911656666667,1333.2413291278153
0.2816658727666667,1339.2103662085617
0.2803779802,1345.1794032560247
0.2762996538333333,1351.1484403034874
0.2737238687,1357.1174773509504
0.2695382179666667,1363.0865144316967
0.26857229853333336,1369.055551545727
0.26438664780000004,1375.02458859319
0.26052297016666665,1380.9936256406527
0.2582691582666667,1386.9626626881156
0.2564446438333333,1392.931699768862
0.25386885876666665,1398.900736816325
0.2517223712,1404.8697738637877
0.25000518116666665,1410.8388109112507
0.24721474736666668,1416.807847991997
0.24496093543333333,1422.7768851060273
0.24356571856666664,1428.7459221534903
0.2395947166,1434.714959200953
0.23701893156666665,1440.683996248416
0.23605301216666666,1446.6530333291623
0.23336990276666666,1452.6220703766253
0.23251130776666665,1458.591107424088
0.23079411773333333,1464.560144471551
0.22950622519999997,1470.5291815522976
0.22789635956666668,1476.4982186663276
0.22854030583333332,1482.4672557137906
0.22693044016666666,1488.4362927612533
0.2238180332666667,1494.4053298087163
0.22199351886666666,1500.3743668894626
0.222315492,1506.3434039369256
0.21888111196666668,1512.3124409843883
0.21566138073333332,1518.2814780318513
0.21609067820000002,1524.2505151458815
0.21544673196666667,1530.219552226628
0.21297827133333333,1536.1885892740909
0.2104024863,1542.1576263215536
0.2091145938,1548.1266633690166
0.2039630238,1554.095700449763
0.20181653633333332,1560.064737497226
0.19741623696666666,1566.0337745446886
0.19441115450000002,1572.0028115921516
0.19376720826666669,1577.9718487061818
0.18925958456666667,1583.9408857869282
0.18711309710000001,1589.9099228343912
0.1848592852333333,1595.878959881854
0.18088828343333332,1601.8479969293169
0.1789564447333333,1607.8170340100633
0.17401952359999998,1613.7860710575262
0.17230233363333336,1619.755108104989
0.16961922433333335,1625.724145152452
0.1673654125,1631.6931822664822
0.16586287126666666,1637.6622193472285
0.16285778886666666,1643.6312563946915
0.16114059890000001,1649.6002934421542
0.1591014359,1655.5693304896172
0.15695494846666666,1661.5383675703636
0.15491578543333331,1667.5074046178265
0.153627893,1673.4764416652893
0.15115943246666666,1679.4454787793195
0.14944224253333335,1685.4145158267825
0.1474030795,1691.3835529075288
0.14579321396666664,1697.3525899549918
0.14407602406666667,1703.3216270024545
0.14150023916666668,1709.2906640499175
0.14096361732999999,1715.2597011306639
0.13870980555,1721.2287381781268
0.13613402068666666,1727.1977752255896
0.13345091146000002,1733.1668123396198
0.13108977531,1739.1358493870828
0.12969455849666667,1745.1048864678291
0.12776271988666668,1751.073923515292
0.12615285431,1757.0429605627548
0.12454298882333333,1763.0119976102178
0.12271847451333334,1768.9810346909642
0.11864014843333331,1774.9500717384271
0.11756690482666667,1780.9191087858899
0.11423984934999999,1786.8881458999201
0.11166406452333333,1792.857182947383
0.11016152343,1798.8262200281295
0.10683446794666666,1804.7952570755924
0.10543925116666668,1810.7642941230552
0.10382938565333333,1816.733331170518
0.10168289830666666,1822.7023682512645
0.10093162773666665,1828.6714052987274
0.1003950059,1834.6404424127575
0.09696062615666666,1840.6094794602204
0.09567273382333334,1846.5785165076834
0.09545808509000002,1852.5475535884298
0.09170173215666666,1858.5165906358927
0.09148708349333333,1864.4856276833555
0.09266765155666667,1870.4546647308184
0.09041383979333334,1876.4237018115648
0.09030651542666666,1882.3927388590278
0.09202370533,1888.3617759730578
0.09180905666,1894.3308130205207
0.09127243476,1900.2998500679837
0.09234567839666667,1906.26888714873
0.09395554396,1912.237924196193
0.09309694892666669,1918.2069612436558
0.09663865306000001,1924.1759982911187
0.09696062616,1930.145035371865
0.0980338698,1936.114072419328
0.09975105973666666,1942.0831095333583
0.09985838410333332,1948.052146580821
0.10007303274,1954.021183628284
0.10071697894333333,1959.9902207090304
0.10157557394333333,1965.9592577564933
0.10211219565333333,1971.928294803956
0.10179022252333332,1977.897331851419
0.10350741246333334,1983.8663689321654
0.10447333174000001,1989.8354060461957
0.10490262921,1995.8044430936586
0.10350741240333333,2001.7734801411214
0.10511727785666665,2007.7425171885843
0.10479530476,2013.7115542693307
0.10629784590666667,2019.6805913167937
0.10930292821,2025.6496283642564
0.10801503573666667,2031.6186654117193
0.10973222563,2037.5877024924657
0.11209336175333333,2043.556739606496
0.11348857855,2049.525776653959
0.11359590294333333,2055.4948137014217
0.11574239033,2061.4638507488844
0.11638633653000001,2067.432887829631
0.11724493150333332,2073.4019248770937
0.11982071634333331,2079.370961924557
0.12089396001000001,2085.3399989720197
0.12089396000666665,2091.3090360527663
0.12100128438,2097.2780731667963
0.12218185239666667,2103.247110214259
0.122074528,2109.216147261722
0.12175255488666666,2115.185184309185
0.12218185239000001,2121.1542213899315
0.12304044733666668,2127.1232584373943
0.12207452797333333,2133.092295484857
0.12250382549666666,2139.0613325323197
0.12336242041,2145.03036964635
0.12293312291666668,2150.9994067270964
0.12336242043666666,2156.9684437745595
0.12432833973666667,2162.9374808220223
0.12411369096666665,2168.906517869485
0.12389904229,2174.8755549502316
0.12336242041666667,2180.8445919976944
0.12389904226,2186.8136290451575
0.12518693473,2192.7826660926203
0.12389904228,2198.7517032066503
0.12432833972,2204.720740287397
0.12443566411333333,2210.6897773348596
0.12497228597666665,2216.658814382323
0.12443566410666668,2222.6278514297856
0.12411369103666665,2228.596888510532
0.12518693471333334,2234.565925557995
0.12486496159666667,2240.5349626054576
0.12540158346333335,2246.5039996529204
0.12647482717333333,2252.473036766951
0.12400636665000002,2258.442073847697
0.12422101538333334,2264.41111089516
0.12486496156666667,2270.380147942623
0.12389904222666666,2276.3491849900856
0.12346974476,2282.3182220708322
0.12304044726,2288.287259118295
0.12228917666333333,2294.256296165758
0.12325509596666667,2300.225333279788
0.12261114973666669,2306.194370327251
0.12143058163666666,2312.1634074079975
0.12067931107,2318.1324444554602
0.11906944550333333,2324.1014815029234
0.11745957990333332,2330.070518550386
0.11649366054,2336.0395556311328
0.11531309247333334,2342.0085926785955
0.11327392943999999,2347.9776297260582
0.11198603697333333,2353.9466668400883
0.11273730757666667,2359.9157038875514
0.10973222520666666,2365.8847409682976
0.10812235966,2371.853778015761
0.10758573779666668,2377.8228150632235
0.10672714285333335,2383.7918521106862
0.10490262857999999,2389.760889191433
0.10264881683333334,2395.7299262388956
0.10050232943333333,2401.698963286359
0.09932176136,2407.668000400389
0.10071697813666668,2413.6370374478515
0.09814119329666667,2419.606074528598
0.09696062525666667,2425.575111576061
0.096316679,2431.544148623524
0.09331159668666666,2437.513185670987
0.09116510928333332,2443.4822227517334
0.08858932443666667,2449.451259799196
0.0883746757,2455.420296913226
0.08547691774333334,2461.389333960689
0.08397437658666668,2467.358371008152
0.08311578161333333,2473.3274080888987
0.08161324046333333,2479.2964451363614
0.07989605058,2485.265482183824
0.08011069932666666,2491.234519231287
0.07817886068,2497.2035563120335
0.07184672296333333,2503.172593359496
0.07635434641,2509.1416304735267
0.07635434641,2515.1106675209894
0.07485180524666667,2521.079704568452
0.07452983213000001,2527.0487416491987
0.0743151834,2533.0177786966615
0.07549575144666666,2538.9868157441247
0.07452983212666668,2544.9558527915874
0.07216869602666667,2550.924889872334
0.07410053466000001,2556.8939269197967
0.0725979935,2562.8629640338268
0.0699148843,2568.8320010812895
0.06959291119,2574.8010381287527
0.07023685740333334,2580.7700752094993
0.07055883050333334,2586.739112256962
0.06809037005,2592.7081493044248
0.06873431625333333,2598.6771863518875
0.06798304567666667,2604.646223432634
0.06583655832333334,2610.615260546664
0.06465599027666667,2616.5842975941273
0.06186555671666666,2622.55333464159
0.06175823235333333,2628.5223716890528
0.06143625925333333,2634.4914087697994
0.060577664313333335,2640.460445817262
0.06068498867666666,2646.4294828647253
0.06100696178,2652.398519912188
0.06208020546,2658.3675569929346
0.06122161052,2664.3365941069646
0.062187529830000005,2670.3056311544274
0.062080205470000004,2676.27466820189
0.06347542225000001,2682.2437052493533
0.06444134156333334,2688.2127423301
0.06347542226000001,2694.1817793775626
0.06390471974333334,2700.1508164250254
0.06411936847666666,2706.119853472488
0.06540726089333333,2712.0888905532347
0.06540726089666667,2718.0579276672647
0.06690980206666668,2724.026964714728
0.06798304574666668,2729.9960017621906
0.06487063908333333,2735.9650388096534
0.06723177518666666,2741.9340758904
0.06809037012666667,2747.9031129378627
0.06690980208666668,2753.872149985326
0.06658782900333333,2759.8411870327886
0.06755374830666666,2765.8102241468187
0.06744642391666666,2771.7792612275653
0.06723177519,2777.748298275028
0.06658782898,2783.7173353224907
0.06680247771666666,2789.686372369954
0.06701712644666667,2795.6554094507005
0.06648050461333334,2801.6244464981633
0.06744642393333333,2807.593483545626
0.06766107266666667,2813.5625206263726
0.06572923403666667,2819.531557707119
0.06787572139999999,2825.5005947878653
0.06787572139999999,2831.4696318353285
0.06766107268666667,2837.4386688827913
0.06712445084666667,2843.407705930254
0.06605120717666667,2849.3767430110006
0.06637318026,2855.3457800584633
0.06540726096333334,2861.3148171059265
0.06497796350666667,2867.2838541866727
0.06454866605333333,2873.2528912674193
0.06379739549666667,2879.221928348166
0.06379739545,2885.1909653956286
0.06336809801333333,2891.1600024430913
0.06401204420666666,2897.1290394905545
0.06293880056,2903.098076571301
0.06454866606333333,2909.067113618764
0.06422669296333333,2915.0361506662266
0.06369007116333333,2921.0051877802566
0.06208020565333333,2926.97422482772
0.06089963761,2932.943261908466
0.06336809806,2938.912298955929
0.06132893507666667,2944.881336003392
0.06014836704666667,2950.8503730508546
0.05982639394,2956.819410131601
0.05918244773,2962.788447179064
0.05907512336,2968.757484226527
0.05907512336666667,2974.726521340557
0.056499338563333334,2980.69555838802
0.058001879703333335,2986.6645954687665
0.05778723096333333,2992.633632516229
0.05875315027,2998.602669563692
0.05746525785333334,3004.571706611155
0.05875315024666666,3010.5407436919018
0.05907512336,3016.5097807393645
0.056821311650000005,3022.478817786827
0.054996797396666665,3028.4478549008572
0.054889473036666664,3034.4168919483204
0.05252833693,3040.3859290290666
0.05124044453666666,3046.3549660765298
0.0494159303,3052.3240031239925
0.04887930846566666,3058.2930401714552
0.04748409168566667,3064.262077252202
0.045122955609999994,3070.2311142996646
0.044264360701000004,3076.200151413695
0.04265449516466666,3082.169188461158
0.039327439781,3088.1382255086205
0.0385761692381,3094.107262589367
0.036000384416,3100.07629963683
0.033853897066,3106.0453366842926
0.032673329019333334,3112.0143737317558
0.031492760986,3117.9834108125024
0.03181473407333333,3123.952447859965
0.029131624906666667,3129.921484973995
0.028165705617666667,3135.890522021458
0.02634119138433333,3141.859559068921
0.025804569538,3147.828596149667
0.025375272071333332,3153.7976331971304
0.024087379674666665,3159.766670244593
0.02204821672266667,3165.735707292056
0.021833567991000002,3171.7047443728025
0.02322878474333333,3177.673781420265
0.022692162909999997,3183.6428185342957
0.022155541079999997,3189.6118555817584
0.020867648686666667,3195.580892629221
0.021833567979999996,3201.5499297099677
0.020974973053333335,3207.5189667574305
0.02043835122666667,3213.488003804893
0.020867648686666667,3219.4570408523564
0.02000905376,3225.426077933103
0.020867648686666667,3231.395115047133
0.020652999956666664,3237.3641520945957
0.02022370248333333,3243.3331891420585
0.021618919243333336,3249.3022261895217
0.02258483853666667,3255.271263270268
0.024087379656666668,3261.240300317731
0.02462400148666667,3267.2093373651937
0.025482596413333336,3273.1783744126565
0.026663164439999998,3279.147411493403
0.02741443500333333,3285.116448607433
0.0277364081,3291.0854856548963
0.028380354293333337,3297.054522702359
0.027521759363333332,3303.0235597498217
0.02773640809666667,3308.9925968305683
0.02827302993,3314.961633878031
0.028809651756666665,3320.930670925494
0.02988289542,3326.8997080062404
0.028702327393333334,3332.8687450537036
0.029238949226666668,3338.8377821677336
0.02988289542,3344.8068192151964
0.030097544156666666,3350.775856262659
0.030204868526666668,3356.7448933101223
0.032887977676666666,3362.7139303908684
0.033209950776666664,3368.6829674383316
0.03439051881,3374.6520044857944
0.034497843179999994,3380.621041566541
0.036215033040000004,3386.5900786472876
0.03728827670666667,3392.5591157280337
0.035463762499999996,3398.528152775497
0.03664433053,3404.4971898229596
0.036000384340000004,3410.4662268704224
0.037395601103333335,3416.435263951169
0.036644330546666666,3422.4043009986317
0.03771757421,3428.3733380460944
0.03793222295333334,3434.342375126841
0.03782489857666666,3440.3114122075876
0.038468844790000005,3446.2804492883342
0.038790817893333336,3452.249486335797
0.038898142256666664,3458.2185233832597
0.04136660268666666,3464.187560430723
0.041366602696666664,3470.156597511469
0.04233252199333334,3476.1256345589322
0.04480098242333334,3482.094671606395
0.045122955513333333,3488.0637086871416
0.04383506312,3494.032745767888
0.04458633368333333,3500.0017828486343
0.04619619919,3505.9708198960975
0.047162118499999996,3511.9398569435602
0.048235362186666665,3517.908893991023
0.04759141598333333,3523.8779310717696
0.05038184954,3529.8469681192323
0.051347768833333335,3535.816005166695
0.050811147023333336,3541.7850422807255
0.05220636378333334,3547.7540793281883
0.0551041217,3553.723116408935
0.05478214864666667,3559.6921534563976
0.05553341920000001,3565.6611905038603
0.05671398727000001,3571.6302275513235
0.05639201420933334,3577.5992646320697
0.057250609181333324,3583.568301679533
0.057250609194333335,3589.5373387269956
0.05671398736266666,3595.5063758410256
0.05628468989766666,3601.475412888489
0.059182447846,3607.444449969235
0.05993371840266667,3613.413487016698
0.05939709655933334,3619.382524064161
0.061328935162333335,3625.3515611116236
0.060041042743666666,3631.32059819237
0.06261682752,3637.289635239833
0.06089963763666667,3643.258672287296
0.059504420856666664,3649.227709401326
0.059826393926666666,3655.196746448789
0.06004104269,3661.1657835295355
0.058109204076666664,3667.134820576998
0.05757258223,3673.103857624461
0.05896779901333333,3679.072894671924
0.05821652846333334,3685.0419317526703
0.05993371836,3691.0109688001335
0.06036301582666667,3696.9800059141635
0.059397096526666665,3702.949042961626
0.05950442087333333,3708.9180800090894
0.061543583883333336,3714.8871170898356
0.06079231330666667,3720.8561541372987
0.06122161079999999,3726.8251911847615
0.06132893516333334,3732.794228232224
0.06315344938666666,3738.763265312971
0.06379739559,3744.7323023604336
0.06637318040666668,3750.701339474464
0.06519261233333333,3756.6703765219268
0.06615853167,3762.6394135693895
0.06819769463666665,3768.608450650136
0.06723177533333334,3774.577487697599
0.06851966776333333,3780.5465247450616
0.06776839719666666,3786.515561825808
0.07023685763666666,3792.484598873271
0.06905628956333333,3798.453635920734
0.06980756012666667,3804.422673034764
0.07077347940999999,3810.391710082227
0.07034418194,3816.36074712969
0.07206137184333333,3822.329784210436
0.07141742557333333,3828.2988212578994
0.07238334488666667,3834.267858305362
0.07291996669333334,3840.2368953861087
0.07474448096333333,3846.2059324335714
0.07399321039666666,3852.1749695476014
0.07474448095,3858.1440065950646
0.07452983218333332,3864.1130436425274
0.07055883063,3870.08208068999
0.07571040025666667,3876.0511177707367
0.07828618506,3882.0201548181994
0.07764223885,3887.989191865662
0.07785688757666666,3893.958228946409
0.07871548251333334,3899.9272659938715
0.08053999677666666,3905.896303107902
0.08043267239333333,3911.8653401553647
0.08172056481333334,3917.8343772028275
0.08150591607666667,3923.8034142502906
0.08536959334,3929.772451331037
0.08504762023333334,3935.7414883785
0.08569156645000002,3941.7105254259627
0.08547691770333334,3947.6795625067093
0.08719410759666667,3953.648599554172
0.08794537818333333,3959.617636668202
0.08805270255999999,3965.5866737156653
0.08816002692333334,3971.555710763128
0.08708678321,3977.5247478105907
0.08730143197333333,3983.4937848913373
0.08655016139333334,3989.4628219388
0.08536959332666666,3995.431858986263
0.08440367401333333,4001.4008960670094
0.08343775469999999,4007.369933147756
0.08333043032,4013.3389702285026
0.08257915973999999,4019.3080072759653
0.08150591605333334,4025.277044323428
0.08075464547,4031.2460813708913
0.08053999673000001,4037.2151184516374
0.07485180523,4043.1841554991006
0.07850083372666666,4049.1531925465633
0.07710561694666666,4055.12222962731
0.07613969763,4061.091266708056
0.07442250773999999,4067.0603037888027
0.07474448084333334,4073.029340836266
0.07463715648000001,4078.9983778837286
0.07066615486333334,4084.9674149311913
0.07077347922666666,4090.936452011938
0.07077347922666666,4096.905489059401
0.06873431624333333,4102.874526106863
0.06712445072666666,4108.84356318761
0.06648050452,4114.812600268357
0.06680247762,4120.781637349103
0.06487063900666666,4126.750674396566
0.06454866590333334,4132.719711444029
0.06487063900666666,4138.688748491491
0.06411936844,4144.657785572238
0.06454866591,4150.626822619701
0.06422669281333333,4156.5958596671635
0.06487063902333333,4162.564896781194
0.06529993649666667,4168.533933828657
0.06626585580333333,4174.502970909403
0.06583655832666667,4180.472007956866
0.06701712637333333,4186.441045004329
0.06851966752,4192.410082051792
0.06680247763000001,4198.379119132538
0.07034418176666667,4204.348156180002
0.07120277671333333,4210.3171932274645
0.07034418176666667,4216.286230341494
0.07216869602666666,4222.255267388958
0.07388588591,4228.224304469703
0.07571040016666668,4234.193341517167
0.07549575143333334,4240.16237856463
0.07549575143333333,4246.1314156120925
0.07528110269333334,4252.100452692839
0.07603237327000001,4258.069489740302
0.0759250489,4264.038526787765
0.07452983211666665,4270.007563901795
0.07549575142666666,4275.976600949258
0.07571040016000001,4281.945638030004
0.07528110269333332,4287.914675077467
0.07538842706666667,4293.88371212493
0.07463715649000001,4299.852749205676
0.07528110269333334,4305.821786253139
0.07410053464666666,4311.790823300602
0.07313461534333333,4317.759860414632
0.07227602041,4323.728897462095
0.07291996661666666,4329.697934509558
0.07238334478333334,4335.6669715903045
0.07066615491,4341.636008637767
0.07206137171,4347.60504568523
0.07452983217333332,4353.5740827659765
0.07388588596333333,4359.543119813439
0.07485180528666667,4365.512156860902
0.07495912967333333,4371.4811939749325
0.07549575150333333,4377.450231022395
0.07592504898333334,4383.419268069858
0.07753491451666666,4389.3883051506045
0.07656899521333334,4395.357342198067
0.07882280695999999,4401.32637924553
0.08032534812666667,4407.295416326277
0.08225718677,4413.264453373739
0.08247183551,4419.233490421203
0.08268648426,4425.202527535233
0.08268648427666667,4431.171564582695
0.08418902543,4437.140601630159
0.08365240360333333,4443.109638710905
0.08397437672000001,4449.078675758368
0.08601353972666666,4455.047712805831
0.08569156659333332,4461.016749886578
0.08676481028333333,4466.98578693404
0.08740875648,4472.95482404807
0.08837467578666668,4478.923861095533
0.08805270268666666,4484.892898142996
0.08858932455,4490.861935190459
0.08955524387666665,4496.830972271206
0.08773072959666667,4502.800009318668
0.08783805396,4508.769046366131
0.08901862200666667,4514.738083446878
0.08687213466,4520.70712049434
0.08697945906,4526.676157608371
0.08579889098666667,4532.645194655834
0.08569156659333334,4538.614231703296
0.08440367421333334,4544.583268750759
0.08172056497,4550.552305831506
0.08129126751333333,4556.521342878968
0.08064732127,4562.490379926431
0.07785688773333334,4568.459417007178
0.07893013139333332,4574.4284540546405
0.07989605070333333,4580.397491168671
0.07850083391333333,4586.366528216134
0.07860815827333334,4592.335565263596
0.08032534814666666,4598.304602311059
0.08032534816333334,4604.273639391806
0.08000337506,4610.2426764392685
0.07989605066333333,4616.211713486731
0.08043267252333335,4622.180750567478
0.08150591619666668,4628.149787648224
0.08107661872,4634.118824728971
0.08064732123,4640.087861776434
0.08397437664,4646.0568988238965
0.08279380856666667,4652.02593587136
0.08290113294333333,4657.994972952106
0.08236451107333333,4663.9640099995695
0.08247183546333332,4669.933047047032
0.08408170098000001,4675.902084127779
0.0822571867,4681.8711212085245
0.07989605061,4687.840158289271
0.08075464555333334,4693.809195336734
0.08032534805333334,4699.7782323841975
0.08096929426,4705.74726943166
0.07968140185999999,4711.716306512407
0.07882280689333333,4717.68534355987
0.08150591608333334,4723.654380607332
0.07710561700333333,4729.623417688079
0.07742759010333333,4735.5924547688255
0.07860815814333333,4741.561491849572
0.07656899515,4747.530528897035
0.07463715651666666,4753.499565944498
0.07463715652333335,4759.468603025244
0.07388588594,4765.437640072707
0.07088080362666667,4771.40667712017
0.07023685743000001,4777.375714167632
0.07045150615666666,4783.344751281663
0.06991488431666666,4789.313788329126
0.06862699189666667,4795.282825409872
0.06723177510999999,4801.251862457335
0.06648050454,4807.220899504798
0.06540726085666666,4813.189936585544
0.06497796338333334,4819.158973633007
0.06315344913,4825.12801068047
0.06025569120333333,4831.0970477279325
0.06068498867,4837.066084841963
0.05886047443,4843.035121889426
0.05939709626333334,4849.004158970172
0.05843117696,4854.973196017635
0.055426094673333336,4860.942233065098
0.05692863581666666,4866.911270145844
0.05671398708666667,4872.880307193307
0.05478214848333334,4878.849344240771
0.05564074342666667,4884.8183812882335
0.053172282980000006,4890.787418402263
0.05220636368666667,4896.756455449726
0.052742985523333334,4902.725492530472
0.05327960737,4908.694529577935
0.05145509313333333,4914.663566625399
0.05188439060333333,4920.632603706145
0.05016720073666667,4926.601640753608
0.05199171498333333,4932.570677801071
0.05134776876333333,4938.5397149151
0.05295763428333333,4944.508751962564
0.05488947289666667,4950.477789010027
0.05370890485333334,4956.446826090773
0.054782148533333325,4962.415863138236
0.05510412164,4968.384900185699
0.0561773653,4974.353937266445
0.05725060898333333,4980.322974313908
0.05585539220666667,4986.292011361371
0.057465257709999995,4992.261048475401
0.05918244759999999,4998.230085522864
0.0588604745,5004.199122570327
0.060792313120000004,5010.168159651073
0.06036301566,5016.137196698536
0.06089963748999999,5022.106233745999
0.06229485429,5028.0752708267455
0.06272415175000001,5034.044307874208
0.064548666,5040.013344921671
0.06562190968,5045.982382035701
0.06648050465,5051.951419083164
0.06862699200333333,5057.920456130627
0.06991488442,5063.8894932113735
0.06873431640000001,5069.858530258836
0.07077347938333334,5075.827567306299
0.07206137180333333,5081.796604387046
0.07131010125666666,5087.765641434508
0.07367123737,5093.734678548539
0.07560307598666667,5099.7037155960015
0.07528110289666667,5105.672752643464
0.07689096846333333,5111.641789690927
0.07978872643666667,5117.610826771674
0.07914478029333333,5123.579863819137
0.08096929455333333,5129.5489008666
0.08139859206333334,5135.517937947347
0.08225718703333333,5141.486974994809
0.08526226943333333,5147.456012108839
0.08504762066999999,5153.425049156302
0.08547691817000001,5159.394086203765
0.08622818873999999,5165.363123251228
0.08858932490333332,5171.332160331975
0.08880397372333333,5177.301197379437
0.08644283764999999,5183.2702344269
0.08837467635,5189.239271507647
0.08805270322266666,5195.208308555109
0.08708678392766667,5201.17734566914
0.08515494530766667,5207.146382716603
0.08612086464809998,5213.115419764065
0.08697945952433334,5219.084456811528
0.08740875702266665,5225.053493892275
0.08816002753666667,5231.022530939737
0.08622818887266669,5236.9915679872
0.086013540135,5242.960605067947
0.08612086450033334,5248.929642148693
0.08590621577,5254.89867922944
0.085047620841,5260.867716276903
0.08418902586833332,5266.836753324365
0.08451099892666668,5272.805790405112
0.08590621572666667,5278.774827452575
0.08483297202666666,5284.7438645000375
0.08601354004666667,5290.7129015475
0.08762340561666665,5296.681938628247
0.09030651483666667,5302.650975708993
0.08944791987333334,5308.62001278974
0.08955524424,5314.589049837203
0.09170173163333334,5320.5580868846655
0.09213102913666667,5326.527123965412
0.09352624592666665,5332.496161012875
0.09234567786666666,5338.4651980603385
0.09588738201333331,5344.434235107801
0.09749724754333333,5350.403272188548
0.09814119370666667,5356.3723092692935
0.09749724747333333,5362.34134635004
0.09878513990333333,5368.310383397503
0.10039500543333334,5374.2794204449665
0.09899978863666666,5380.248457525712
0.09867781553333334,5386.217494573176
0.09953641046666666,5392.186531620639
0.10039500546666667,5398.155568668101
0.09899978863333335,5404.124605782132
0.09846316676666667,5410.0936428295945
0.0987851399,5416.062679910341
0.09728259870333333,5422.031716957804
0.09781922053333335,5428.000754005267
0.09792654493666665,5433.969791086013
0.09685330123666668,5439.938828133476
0.09449216514000001,5445.907865180939
0.09535076007,5451.876902228401
0.09363357010666667,5457.845939342432
0.09127243401,5463.814976389895
0.08998454158333334,5469.784013470641
0.08880397351000001,5475.753050518104
0.08676481047666666,5481.722087565567
0.08504762057666666,5487.691124646313
0.08322310632,5493.660161693776
0.08214986261333335,5499.629198741239
0.08075464577666668,5505.5982357887015
0.08096929451333333,5511.567272902732
0.07957407775,5517.536309950195
0.07850083406333334,5523.505347030941
0.07656899541666667,5529.474384078404
0.07560307610333333,5535.443421125867
0.07410053495999999,5541.412458206613
0.07506645425666666,5547.381495254076
0.07528110297666667,5553.35053230154
0.07581772484333334,5559.319569415569
0.07613969794666668,5565.288606463032
0.07721294157999999,5571.257643510495
0.07495912984,5577.226680591241
0.07678364409999999,5583.195717638704
0.07646167098333333,5589.164754686168
0.07538842727666667,5595.133791766913
0.07571040035666667,5601.102828814377
0.07603237345666668,5607.07186586184
0.07624702221,5613.040902975869
0.07474448101999999,5619.009940023333
0.07367123731,5624.978977070796
0.07463715663333333,5630.948014151542
0.07367123731666665,5636.917051199005
0.07377856166,5642.886088246468
0.07152474994,5648.855125327214
0.07334926418333333,5654.824162374677
0.07367123731000001,5660.79319942214
0.07227602053333333,5666.76223653617
0.07109545246,5672.731273583633
0.06970023569333333,5678.700310631096
0.06776839716666666,5684.669347711842
0.06948558703,5690.638384759305
0.06841234337333334,5696.607421806768
0.06787572154333334,5702.5764588875145
0.06723177538666666,5708.545495934977
0.06519261242,5714.514533049008
0.06487063935,5720.48357009647
0.06755374854,5726.452607143933
0.06690980239000001,5732.421644191396
0.06637318051666666,5738.3906812721425
0.06851966783333334,5744.359718319605
0.06991488462666666,5750.328755367068
0.07281264252666667,5756.297792447815
0.07367123748,5762.266829495277
0.07442250807333334,5768.235866609308
0.07817886091000001,5774.2049036567705
0.08000337523666667,5780.173940704233
0.08118394324333333,5786.14297778498
0.08300845748333334,5792.112014832443
0.08386705245,5798.081051879905
0.08494029615,5804.050088927369
0.08612086419,5810.019126008115
0.08719410783333333,5815.988163055578
0.08773072969666666,5821.957200169608
0.08837467593,5827.926237217071
0.08987721707666667,5833.895274264534
0.09052116325333333,5839.86431134528
0.09277497502999998,5845.833348392744
0.09384821870666667,5851.802385440206
0.09620935483,5857.771422487669
0.09578005732666667,5863.740459568416
0.09599470609333333,5869.709496649162
0.0982485178,5875.678533729909
0.09824851777,5881.647570777372
0.09985838330333334,5887.616607824834
0.10189754631333332,5893.585644905581
0.10522460180666666,5899.554681953044
0.10500995306333334,5905.523719000506
0.10500995306333334,5911.492756047969
0.10576122366333335,5917.461793128716
0.10683446736666664,5923.430830209462
0.10822968416,5929.399867290209
0.10855165726333332,5935.368904337672
0.10898095476000001,5941.337941385134
0.10790771106333334,5947.306978465881
0.10951757657,5953.276015513344
0.11102011777000002,5959.2450525608065
0.11209336147666665,5965.214089608269
0.1120933615,5971.183126689016
0.11155673963333335,5977.152163769762
0.11359590261000001,5983.121200850509
0.11316660516666666,5989.090237897972
0.11316660516999999,5995.0592749454345
0.11423984887666666,6001.028312026181
0.11295195638,6006.997349073644
0.11509844377999999,6012.966386121107
0.11381055134333334,6018.93542316857
0.11574238998999999,6024.9044602826
0.11466914628999998,6030.8734973300625
0.11574238996666668,6036.842534410809
0.11606436307333334,6042.811571458272
0.11703028239,6048.7806085057355
0.11831817480333334,6054.749645586481
0.11756690420666667,6060.718682633945
0.11821085042333335,6066.6877196814075
0.11874747226666667,6072.65675672887
0.11874747225,6078.625793842901
0.11906944534333334,6084.5948308903635
0.12046466218333333,6090.56386797111
0.12003536469000002,6096.532905018573
0.11928409409333333,6102.501942066036
0.12067931087999999,6108.470979146782
0.12078663527666667,6114.440016194245
0.11906944531000001,6120.409053241708
0.11864014787,6126.37809028917
0.11906944532000001,6132.347127403201
0.11885479656000002,6138.316164450664
0.11627901170333334,6144.28520153141
0.11960606714333333,6150.254238578873
0.1190694453,6156.223275626336
0.1191767697,6162.192312707082
0.1187474722,6168.161349754545
0.11939141839999999,6174.130386802008
0.12078663523333334,6180.099423916038
0.12207452766666665,6186.068460963501
0.12153790580000001,6192.037498010964
0.12314777133333332,6198.00653509171
0.12486496126666667,6203.975572139173
0.1226111495,6209.944609186636
0.12282579823333334,6215.913646267382
0.12497228563333335,6221.882683314845
0.12422101503333333,6227.851720362308
0.12679679993333332,6233.820757476338
0.12636750243333333,6239.789794523801
0.12475763690000001,6245.758831604548
0.12454298816666666,6251.72786865201
0.12518693436666667,6257.696905699473
0.12454298813333335,6263.665942746937
0.12475763686666667,6269.634979827682
0.12400636629999999,6275.604016875146
0.12357706883333335,6281.573053922609
0.12400636633333333,6287.542091036638
0.12346974443333332,6293.511128084102
0.12314777136666666,6299.480165164848
0.12389904193333333,6305.449202212311
0.12540158313333336,6311.418239259774
0.1269041243,6317.387276307237
0.12475763690000001,6323.356313387983
0.12668947556666665,6329.325350435446
0.12733342183333332,6335.294387549477
0.12883596296666666,6341.263424596939
0.12937258483333333,6347.232461644402
0.13076780166666666,6353.201498725149
0.13130442353333333,6359.170535772611
0.1303385042,6365.139572820074
0.13108977476666667,6371.108609867537
0.13216301853333334,6377.0776469482835
0.1315190723,6383.046683995746
0.13323626219999998,6389.015721109777
0.13398753279999998,6394.984758157239
0.13291428916666667,6400.953795204702
0.13345091096666667,6406.922832285449
0.13538274966666666,6412.8918693329115
0.13355823536666667,6418.860906380374
0.13248499163333335,6424.829943427837
0.13355823536666667,6430.798980508584
0.13205569416666665,6436.768017556046
0.13216301853333334,6442.737054670077
0.13076780173333333,6448.7060917175395
0.1308751261,6454.675128765002
0.1270114487,6460.644165845749
0.1292652605,6466.613202893212
0.12862131426666668,6472.582239940674
0.1278700437,6478.551276988138
0.12636750253333331,6484.520314068884
0.12690412433333334,6490.48935114963
0.12422101506666668,6496.458388230377
0.12261114953333334,6502.42742527784
0.12196720333333333,6508.396462325303
0.121001284,6514.365499406049
0.12003536466666666,6520.334536453513
0.12164523021,6526.303573500975
0.1190694453,6532.272610548438
0.1191767697,6538.241647629185
0.11713760667,6544.210684709931
0.11542041675333332,6550.179721790678
0.11627901171999999,6556.148758838141
0.11466914615000001,6562.117795885603
0.11305928061666666,6568.08683296635
0.11370322682333334,6574.055870013813
0.11134209067666667,6580.024907061275
0.11187871257,6585.993944108738
0.11102011764000001,6591.962981189485
0.10983954952333334,6597.932018270231
0.10780038652,6603.901055350978
0.10737108903666666,6609.870092398441
0.10554657479,6615.839129445903
0.10458065548,6621.80816652665
0.10114627566666667,6627.777203574113
0.10114627569000001,6633.746240621575
0.10093162693,6639.715277669038
0.09899978829,6645.684314783069
0.09588738157999999,6651.653351830531
0.09438484043999999,6657.622388911278
0.09277497490333335,6663.591425958741
0.0909504606,6669.5604630062035
0.08783805390999999,6675.52950008695
0.08773072953333334,6681.498537134413
0.08601353965333332,6687.4675741818755
0.08461832285,6693.436611229339
0.08214986239333334,6699.405648343369
0.08043267250666668,6705.3746853908315
0.08053999687333334,6711.343722471578
0.07893013135,6717.312759519041
0.07495912971666667,6723.281796566504
0.07270531800666667,6729.25083364725
0.07324193983666666,6735.219870694714
0.07163207429,6741.1889077421765
0.06991488438666667,6747.157944789639
0.06444134160333334,6753.126981903669
0.06776839704,6759.096018984415
0.06637318026666666,6765.065056031879
0.06626585588,6771.034093079342
0.06615853152333333,6777.0031301268045
0.06411936854,6782.972167207551
0.06433401728666667,6788.941204255014
0.06444134165333333,6794.910241302477
0.06519261222,6800.879278416507
0.06658782902333334,6806.84831546397
0.06540726099000001,6812.817352544716
0.06422669295666666,6818.786389592179
0.06540726099,6824.755426639642
0.06572923412333333,6830.724463687105
0.06583655849666667,6836.693500767851
0.06411936859333334,6842.662537815314
0.06390471989333334,6848.631574862777
0.06369007116,6854.600611976807
0.06132893506,6860.56964902427
0.06079231326666667,6866.5386861050165
0.06089963763,6872.507723152479
0.06014836707333334,6878.476760199942
0.05735793350999999,6884.445797247405
0.056392014213333334,6890.414834328151
0.055748068056666676,6896.383871375614
0.05317228327666667,6902.352908423077
0.051777066516666664,6908.321945537107
0.05156241782333334,6914.29098258457
0.05209903965999999,6920.260019665317
0.049523254886666666,6926.229056712779
0.05081114726666666,6932.198093760242
0.04920128178166667,6938.167130807706
0.04995255238333334,6944.136167888451
0.050059876715,6950.105204935915
0.051562417830000006,6956.074242049945
0.05338693205,6962.043279097407
0.05456750007,6968.01231614487
0.054245526970000006,6973.981353225617
0.05564074373,6979.95039027308
0.05703596048,6985.919427320543
0.05617736555666667,6991.888464368006
0.058216528506666664,6997.857501448752
0.059826394036666675,7003.826538496215
0.06111428639666666,7009.795575610245
0.060684988929999996,7015.764612657708
0.06347542249333334,7021.733649705171
0.06422669309333333,7027.702686785918
0.06594388292333334,7033.67172383338
0.06669515348666667,7039.640760880843
0.06809037025333334,7045.609797928306
0.07066615505666667,7051.578835009052
0.07066615506,7057.547872056515
0.07291996673333333,7063.516909170546
0.07506645411,7069.485946218008
0.07764223889333334,7075.454983265471
0.07989605061,7081.424020346218
0.08139859176333332,7087.3930573936805
0.08300845725666667,7093.362094441143
0.08558424211666667,7099.331131488606
0.08633551269,7105.3001685693525
0.08805270256000002,7111.269205650099
0.08848200004,7117.238242730846
0.08966256808999999,7123.2072797783085
0.09116510923,7129.176316825771
0.08665748579666667,7135.145353906518
0.09288229911333333,7141.114390953981
0.09395554282,7147.083428001443
0.09545808397333333,7153.052465048907
0.09728259823,7159.021502129653
0.09728259823666667,7164.990539210399
0.09663865203333333,7170.959576291146
0.09728259823333334,7176.928613338609
0.09728259825,7182.897650386071
0.09921443687666666,7188.866687466818
0.09803386883666666,7194.8357245142815
0.09878513941333333,7200.804761561744
0.09932176128333332,7206.773798609207
0.09942908564000001,7212.742835689954
0.09964373437,7218.711872803983
0.09878513943333334,7224.680909851446
0.09760457135333334,7230.64994689891
0.09867781503999999,7236.618983946372
0.09921443691333333,7242.588021027119
0.09857049067666668,7248.557058074582
0.09696062515666666,7254.526095122044
0.097497247,7260.495132169507
0.09781922010333333,7266.464169283538
0.09696062515666666,7272.433206364284
0.09803386884333333,7278.402243411747
0.09803386884333333,7284.37128045921
0.09728259825333334,7290.340317506672
0.09567273270666667,7296.309354587419
0.09567273273333333,7302.278391634882
0.09599470582999999,7308.247428682344
0.09481413777666665,7314.216465729807
0.09578005708666666,7320.185502843838
0.09406286718666666,7326.154539924584
0.09535075962666667,7332.123576972047
0.09352624535,7338.09261401951
0.09438484029666666,7344.061651066972
0.09567273270666665,7350.030688147719
0.09502878649666667,7355.999725195182
0.09427751590333333,7361.9687622426445
0.09331159659999999,7367.937799290108
0.09234567729,7373.906836404138
0.09384821843666667,7379.875873484884
0.09277497475333334,7385.844910532347
0.09309694787666667,7391.81394757981
0.09073581174666667,7397.7829846272725
0.09127243359,7403.752021708019
0.09234567727333333,7409.721058755483
0.09127243359666666,7415.6900958029455
0.09030651429999999,7421.659132916975
0.09041383866333334,7427.628169964438
0.09019918992000002,7433.597207045184
0.08816002694333332,7439.566244092647
0.08612086395,7445.535281140111
0.08644283704666667,7451.5043181875735
0.08225718665,7457.47335526832
0.08043267239666667,7463.442392315783
0.07968140182666666,7469.411429363246
0.07774956319,7475.380466477276
0.07710561699333333,7481.349503524739
0.07506645399333334,7487.318540605485
0.07195404733666667,7493.287577652948
0.07066615493,7499.256614700411
0.06937826250333333,7505.225651747874
0.06830501882000001,7511.19468882862
0.06615853146333332,7517.163725876083
0.06637318020333333,7523.132762923546
0.06508528778666667,7529.101800037576
0.06529993652666666,7535.070837085039
0.06293880045000001,7541.0398741657855
0.06175823241,7547.008911213248
0.06111428622666667,7552.977948260711
0.05939709635333334,7558.946985308174
0.05907512326666667,7564.91602238892
0.05886047454333334,7570.885059436383
0.059182447650000004,7576.8540965504135
0.05928977202,7582.823133597876
0.059075123306666665,7588.792170645339
0.05886047457666666,7594.761207726086
0.060470340106666666,7600.730244773548
0.06122161068333334,7606.699281821011
0.05950442083333333,7612.668318868475
0.059826393926666666,7618.63735594922
0.06036301577666667,7624.606392996684
0.061221610739999995,7630.575430110714
0.06079231326333334,7636.544467158176
0.06079231329666667,7642.513504205639
0.05993371833333334,7648.482541286386
0.06047034019333334,7654.451578333848
0.05961174525666666,7660.420615381312
0.05886047471666666,7666.389652428775
0.05735793358,7672.358689509521
0.057143284879333324,7678.327726556984
0.05692863614766667,7684.296763671014
0.05928977221966666,7690.265800718477
0.05853850167933333,7696.23483776594
0.05789455543666666,7702.203874846687
0.060684988999333334,7708.172911894149
0.06057766462666667,7714.141948941612
0.06057766466866666,7720.110985989075
0.06283147637033333,7726.080023069821
0.06433401748666667,7732.049060183852
0.06476331501666667,7738.018097231315
0.0650852881,7743.987134278777
0.0671244511,7749.95617132624
0.06830501917666666,7755.925208406987
0.06798304611166667,7761.894245454449
0.06905628981366667,7767.863282501912
0.06927093855166667,7773.832319549375
0.07034418225533333,7779.8013566301215
0.072705318363,7785.770393744152
0.07302729148266666,7791.739430791615
0.07399321086099998,7797.7084678390775
0.074744481441,7803.67750488654
0.073563913381,7809.646541967287
0.07571040077100001,7815.6155790147495
0.077105617513,7821.584616062212
0.07785688811466666,7827.553653109676
0.07946675367133334,7833.522690190422
0.080218024212,7839.491727304452
0.07914478055299999,7845.460764351915
0.08225718720000001,7851.4298013993775
0.08279380902666666,7857.39883844684
0.08064732166333334,7863.367875527587
0.08161324087333334,7869.33691257505
0.08086197031666667,7875.305949622513
0.08150591644,7881.274986669976
0.08375972818666667,7887.244023784006
0.08558424245,7893.213060864752
0.08440367437666667,7899.182097912215
0.08536959366333334,7905.1511349596785
0.08504762051999999,7911.120172007141
0.08740875659666665,7917.089209087888
0.08794537842666666,7923.058246135351
0.08858932461666667,7929.027283182813
0.08794537838333333,7934.996320230276
0.08837467582666665,7940.9653573443065
0.09127243378,7946.934394425053
