Average lockin_signal,Ion velocity
0.052099039336666673,-5902.056232447136
0.04630352352666667,-5896.104057129215
0.04190322452333334,-5890.151881744728
0.04641084791333333,-5884.19970636024
0.04576690171666667,-5878.247530975753
0.04565957737,-5872.295355657832
0.04447900933999999,-5866.343180206778
0.04576690174666667,-5860.391004888857
0.04662549668666666,-5854.43882950437
0.047162118526666665,-5848.486654053315
0.04909395713666667,-5842.534478735395
0.050381849560000004,-5836.582303350908
0.05274298563666666,-5830.63012796642
0.05306495877333333,-5824.677952581932
0.05349425623666667,-5818.725777264012
0.05553341923,-5812.773601812957
0.05488947302666666,-5806.8214264950375
0.05671398727333334,-5800.869251110549
0.057035960406666676,-5794.917075726062
0.056713987269999995,-5788.964900341574
0.05746525787,-5783.012724957087
0.05757258223666667,-5777.0605495725995
0.05810920406666666,-5771.108374188112
0.05864582593333333,-5765.1561988701915
0.0584311772,-5759.204023485704
0.05896779906666667,-5753.251848101217
0.05864582596999999,-5747.299672716729
0.05939709657333333,-5741.347497332242
0.06068498900333333,-5735.395321947754
0.05971906970666666,-5729.443146629834
0.060255691576666666,-5723.490971245346
0.06100696210333333,-5717.538795860859
0.06250950326666667,-5711.5866204763715
0.06293880073000001,-5705.634445091884
0.06315344946333333,-5699.682269707396
0.06369007136999999,-5693.730094322908
0.06411936883333334,-5687.777919004989
0.06701712679666667,-5681.8257435539335
0.06519261253333333,-5675.873568236014
0.06529993690000001,-5669.9213928515255
0.06787572176333333,-5663.969217467038
0.06755374870333332,-5658.017042082551
0.06862699236333333,-5652.064866764631
0.06970023610000001,-5646.112691313576
0.069378263,-5640.160515929088
0.07109545293333333,-5634.208340611168
0.07109545293333334,-5628.256165160114
0.07098812860333334,-5622.303989842193
0.07152475043666667,-5616.351814457706
0.07088080423666666,-5610.399639073218
0.06980756061333333,-5604.447463688731
0.06980756061333333,-5598.49528837081
0.07131010177666668,-5592.543112919755
0.07131010181000001,-5586.590937601835
0.07238334551,-5580.638762217348
0.07206137237666667,-5574.686586766293
0.07098812867666666,-5568.734411448372
0.07098812868,-5562.782236063885
0.07045150692,-5556.830060679397
0.07152475054666667,-5550.87788529491
0.07131010181333333,-5544.925709976989
0.07131010181333333,-5538.973534525935
0.07313461603666667,-5533.0213592080145
0.07356391350333334,-5527.069183823527
0.07313461604333334,-5521.11700843904
0.07238334541000001,-5515.164833054552
0.07195404794666667,-5509.212657670065
0.07238334540666667,-5503.260482285577
0.06787572177666668,-5497.30830690109
0.07377856221,-5491.356131583169
0.07270531848,-5485.403956198682
0.07388588652,-5479.4517808141945
0.07216869665333334,-5473.499605429707
0.07066615549666666,-5467.547430045219
0.0700222093,-5461.595254660731
0.0699148849,-5455.643079342812
0.06830501940999999,-5449.690903958324
0.06680247827533334,-5443.738728507269
0.05800187989366667,-5437.7865531893485
0.06433401780233333,-5431.834377804861
0.064548666578,-5425.882202420374
0.064977964037,-5419.930027035886
0.06454866654933333,-5413.977851651399
0.063582747256,-5408.025676266911
0.06283147661599998,-5402.073500948991
0.06304612534966667,-5396.121325564503
0.06358274718466668,-5390.169150180016
0.06261682785433333,-5384.216974795529
0.06326077404666666,-5378.264799411041
0.06326077406100002,-5372.312624026554
0.062402179085999994,-5366.360448642065
0.06122161108266666,-5360.408273324146
0.061543584142,-5354.456097873091
0.06025569168466668,-5348.503922555171
0.060792313507000005,-5342.551747170683
0.05939709671000001,-5336.599571786195
0.05907512361166667,-5330.647396401708
0.059504421078333335,-5324.695221083788
0.060577664756333326,-5318.743045632733
0.061114286549,-5312.7908702482455
0.061650908378,-5306.838694930325
0.06272415208,-5300.886519479271
0.060363015956666675,-5294.93434416135
0.06143625962566667,-5288.982168776863
0.062509503318,-5283.029993392375
0.06304612511,-5277.077818007888
0.06433401755333333,-5271.125642689967
0.06508528809666667,-5265.173467238912
0.06433401752,-5259.221291920992
0.06433401753700001,-5253.269116536505
0.06326077381999999,-5247.3169411520175
0.06444134184333333,-5241.36476576753
0.06605120734666667,-5235.412590383042
0.06508528797,-5229.460414998554
0.06637318042666666,-5223.508239614067
0.06669515348666667,-5217.556064296147
0.06529993672666666,-5211.603888845092
0.06572923415333333,-5205.6517135271715
0.06390471991666667,-5199.699538142684
0.06433401737000001,-5193.747362758197
0.06508528795,-5187.795187373709
0.06540726105,-5181.843012055789
0.06723177534666666,-5175.890836604734
0.06648050478333334,-5169.938661220247
0.06690980226666667,-5163.986485902326
0.06519261240333334,-5158.034310517839
0.06540726116166666,-5152.082135133352
0.06605120737166666,-5146.129959748864
0.06551458558666666,-5140.177784364377
0.06487063938433334,-5134.225608979888
0.065407261213,-5128.273433661969
0.066158531806,-5122.321258277481
0.06626585617633333,-5116.369082892994
0.067339099837,-5110.416907508506
0.066265856178,-5104.464732124018
0.069378262838,-5098.512556739531
0.068841640998,-5092.560381355043
0.06894896533,-5086.608206037123
0.06991488462333333,-5080.6560305860685
0.07195404760666667,-5074.703855268148
0.0703441821,-5068.7516798836605
0.0727053182,-5062.799504499173
0.07635434667,-5056.847329114686
0.07571040045,-5050.895153796765
0.07689096849333334,-5044.942978345711
0.07721294158666665,-5038.990802961223
0.07828618525333333,-5033.038627643303
0.07807153648,-5027.086452192248
0.07978872638,-5021.134276874328
0.08139859188,-5015.1821014898405
0.08053999693666666,-5009.229926105352
0.08365240361333333,-5003.277750720865
0.08697945903,-4997.325575402945
0.08504762039000001,-4991.37339995189
0.08644283714,-4985.421224633969
0.08590621529999999,-4979.469049249482
0.08655016150333333,-4973.516873798428
0.08891129762666668,-4967.564698480507
0.08880397325,-4961.61252309602
0.08998454127666666,-4955.660347711532
0.09062848751000001,-4949.708172327045
0.08912594632666666,-4943.755997009124
0.09170173116000001,-4937.80382155807
0.09180905553333334,-4931.851646240149
0.09073581182666668,-4925.899470855662
0.09062848745333334,-4919.947295471175
0.09041383872666668,-4913.995120086687
0.09030651434333332,-4908.042944702199
0.08901862192,-4902.090769317711
0.08783805385,-4896.138593933224
0.08687213453333333,-4890.186418615304
0.08644283706666667,-4884.234243230816
0.08612086396666667,-4878.282067846329
0.08472564715666668,-4872.329892461841
0.08193521358,-4866.377717077354
0.08311578164,-4860.425541692866
0.08268648417333334,-4854.473366374946
0.08214986234333334,-4848.521190990458
0.08139859176000001,-4842.569015539404
0.07946675312,-4836.6168402214835
0.08053999682666667,-4830.664664836996
0.08172056489333333,-4824.712489452509
0.07742759021333333,-4818.760314068021
0.07946675319,-4812.808138750101
0.07807153643999999,-4806.8559632990455
0.07989605072333333,-4800.903787981126
0.07925210453333333,-4794.951612596638
0.07667631969666666,-4788.999437212151
0.07613969789666666,-4783.0472618276635
0.07517377864000001,-4777.095086443175
0.0743151837,-4771.142911058688
0.07442250812,-4765.1907356742
0.07538842751333334,-4759.238560356281
0.07420785946999998,-4753.2863849052255
0.07324194018666666,-4747.334209587305
0.072490669636,-4741.3820342028175
0.07206137221166665,-4735.42985881833
0.071846723496,-4729.477683433843
0.070773479806,-4723.525508115922
0.071417426016,-4717.573332664868
0.07077347972933333,-4711.621157346947
0.07109545282833334,-4705.66898196246
0.07270531832333334,-4699.716806511405
0.07259799397666666,-4693.764631193485
0.07109545276,-4687.812455808998
0.07152475025333332,-4681.86028042451
0.07034418217666667,-4675.908105040022
0.07034418220333333,-4669.955929722102
0.07098812834333333,-4664.003754271047
0.07077347960000001,-4658.051578953127
0.07227602075333332,-4652.099403568639
0.06991488469666667,-4646.147228184152
0.07023685782,-4640.195052799664
0.07002220909000001,-4634.242877415177
0.0683050192,-4628.290702030689
0.06970023596000001,-4622.338526646202
0.06755374863666667,-4616.386351328281
0.06970023599666667,-4610.434175943794
0.06862699229333333,-4604.4820005593065
0.06894896543333333,-4598.529825174819
0.06884164102666666,-4592.577649790332
0.07034418220333334,-4586.625474405844
0.07012953346333332,-4580.673299087924
0.06916361414,-4574.721123703436
0.07098812839,-4568.768948252381
0.07238334521333334,-4562.816772934461
0.06959291161333332,-4556.864597549974
0.07045150652,-4550.912422165486
0.07131010148666667,-4544.960246780998
0.07302729136666666,-4539.008071396511
0.07152475020666667,-4533.055896012023
0.07184672329666668,-4527.103720694103
0.07163207452666666,-4521.151545309615
0.07045150646,-4515.199369925128
0.07152475009666666,-4509.2471945406405
0.07249066939333333,-4503.295019156153
0.07195404756,-4497.342843771666
0.07120277693333334,-4491.390668387178
0.07120277693,-4485.438493069258
0.06894896521666666,-4479.486317618203
0.06916361392999999,-4473.534142300283
0.06851966771666666,-4467.581966915795
0.06712445092333334,-4461.629791531308
0.06755374837333333,-4455.677616146821
0.06615853159,-4449.7254408289
0.06744642397666666,-4443.773265377845
0.06626585591333332,-4437.821089993357
0.06701712649666668,-4431.868914675438
0.06884164074333333,-4425.916739224383
0.06690980209666667,-4419.964563906462
0.066587829,-4414.012388521975
0.06798304577,-4408.060213137487
0.06830501886333334,-4402.108037753
0.06819769449666667,-4396.155862435079
0.06680247769666667,-4390.203686984025
0.06744642389,-4384.251511666104
0.06733909951666667,-4378.299336281617
0.06798304571000001,-4372.3471608971295
0.06884164065333333,-4366.394985512642
0.06937826247666666,-4360.442810128155
0.07012953305000001,-4354.490634743667
0.07141742546333334,-4348.538459359179
0.07291996660333333,-4342.586284041259
0.07324193970333333,-4336.634108656772
0.07313461533333333,-4330.681933272284
0.07399321027666667,-4324.729757887797
0.07324193969,-4318.777582503309
0.07495912958333333,-4312.825407118821
0.07549575141666666,-4306.873231734334
0.0765689951,-4300.921056349846
0.07592504889333333,-4294.968880965359
0.07946675304333334,-4289.016705647438
0.07850083372333333,-4283.064530262951
0.07914477993333334,-4277.1123548784635
0.07968140177666666,-4271.160179493976
0.08193521351333333,-4265.208004109489
0.08075464546,-4259.255828725001
0.07796421188333333,-4253.303653407081
0.07925210430333333,-4247.351478022593
0.08011069925666667,-4241.399302571538
0.07989605052,-4235.447127253618
0.08011069925666668,-4229.494951869131
0.08021802363666665,-4223.542776484644
0.07914477995666667,-4217.590601100155
0.08021802364666668,-4211.638425782236
0.07850083375333333,-4205.68625033118
0.08086196986333333,-4199.734075013261
0.08032534802666667,-4193.781899628772
0.07839350939333334,-4187.829724244285
0.07925210435,-4181.877548859798
0.08150591609,-4175.925373541878
0.08139859172333334,-4169.973198090823
0.08204253792999999,-4164.021022706335
0.08268648413666667,-4158.068847388415
0.08365240344333334,-4152.1166719373605
0.08418902530333333,-4146.16449661944
0.08418902530333333,-4140.2123212349525
0.08536959336666666,-4134.260145850465
0.08483297151000001,-4128.307970465978
0.08730143202,-4122.355795148057
0.08665748580666667,-4116.403619697002
0.08483297153333334,-4110.451444379082
0.08429634971666666,-4104.499268994595
0.08365240350333332,-4098.54709354354
0.08075464558333334,-4092.5949182256195
0.08107661868,-4086.642742841132
0.08172056488333333,-4080.690567456644
0.07978872627,-4074.738392072157
0.08107661870999999,-4068.7862167542366
0.08064732124,-4062.834041303182
0.08193521367333333,-4056.881865985262
0.07774956335,-4050.929690600774
0.07764223895333333,-4044.9775152162865
0.07860815829000001,-4039.025339831799
0.07774956332,-4033.0731644473117
0.07968140196333333,-4027.120989062824
0.07860815828666666,-4021.1688136783364
0.07871548262666667,-4015.2166383604163
0.07807153643,-4009.264462975929
0.07807153642666666,-4003.312287591441
0.07839350952666667,-3997.3601122069535
0.07796421206,-3991.407936822466
0.07571040028666666,-3985.4557614379787
0.07667631962333334,-3979.503586120058
0.07613969775666667,-3973.5514107355707
0.07613969773,-3967.599235284516
0.07485180532,-3961.647059966596
0.07431518348666667,-3955.6948845821084
0.07399321038000001,-3949.7427091976206
0.07345658852333334,-3943.790533813133
0.07410053469666666,-3937.838358495213
0.07420785909333334,-3931.8861830441583
0.07334926416333333,-3925.9340077262377
0.07141742551666667,-3919.9818323417503
0.07238334483666665,-3914.029656957263
0.07098812806333334,-3908.0774815727755
0.07131010115666668,-3902.1253061882876
0.07077347931666667,-3896.1731308038
0.06959291127,-3890.2209554193128
0.06905628942333333,-3884.2687801013926
0.06669515332999999,-3878.3166046503375
0.06562190964666666,-3872.3644293324173
0.06701712643333334,-3866.41225394793
0.06787572136666667,-3860.4600785634425
0.06444134159333333,-3854.507903178955
0.06701712641666667,-3848.5557278610345
0.06551458527333333,-3842.60355240998
0.06465599032333333,-3836.6513770254924
0.06572923400666666,-3830.6992017075722
0.06540726090333333,-3824.747026256517
0.06605120712,-3818.794850938597
0.06240217861333334,-3812.8426755541095
0.06036301563333333,-3806.890500169622
0.062402178620000005,-3800.9383247851342
0.06089963746999999,-3794.986149467214
0.058109203906666664,-3789.0339740161594
0.058645825743333324,-3783.0817986982393
0.05810920391333333,-3777.129623313752
0.05714328460666666,-3771.177447929264
0.05510412162666667,-3765.2252725447765
0.052635661179999994,-3759.273097160289
0.05091847130333333,-3753.3209217758017
0.048879308340000004,-3747.368746391314
0.04555225295333334,-3741.4165710733937
0.04565957732,-3735.4643956889063
0.04168857575999999,-3729.512220304419
0.040400683359999995,-3723.560044919931
0.03900546658666667,-3717.6078695354436
0.03632235742333333,-3711.655694150956
0.03492714065666667,-3705.7035187664687
0.03278065333,-3699.7513434485486
0.02838035431333333,-3693.7991679974934
0.02741443502,-3687.8469926795733
0.027092461916666668,-3681.894817295086
0.024731325869999998,-3675.9426419105985
0.024194704039999997,-3669.9904665261106
0.024087379680000003,-3664.038291141623
0.023980055306666664,-3658.0861157571358
0.02376540658,-3652.1339404392156
0.02194089236666667,-3646.1817650547277
0.02161891927,-3640.2295896702403
0.020867648710000002,-3634.277414285753
0.019901729437333333,-3628.3252389012655
0.021082297468333334,-3622.3730635167776
0.022048216756333328,-3616.42088813229
0.021511594949666663,-3610.46871281437
0.023014136069333335,-3604.5165373633154
0.024945974644333332,-3598.5643620453952
0.027199786332666665,-3592.6121866609074
0.029990219834999998,-3586.66001127642
0.031707409719333335,-3580.7078358919325
0.03718095239,-3574.7556605740124
0.03825419604,-3568.803485122957
0.03879081787666667,-3562.85130973847
0.04308379254,-3556.8991344205497
0.04651817226333333,-3550.946958969495
0.048235362126666674,-3544.9947836515744
0.05145509313333333,-3539.042608267087
0.05102579567666667,-3533.0904328825995
0.05134776876333333,-3527.138257498112
0.05456749976,-3521.186082180192
0.055318770326666676,-3515.233906729137
0.057465257673333325,-3509.2817314112167
0.056392014006666664,-3503.3295560267293
0.05531877033666668,-3497.377380642242
0.055426094690000004,-3491.425205257754
0.056499338370000006,-3485.4730298732666
0.056070040896666666,-3479.520854488779
0.05478214848666666,-3473.5686791042917
0.05478214849333333,-3467.616503786371
0.055426094690000004,-3461.6643284018837
0.05403087792,-3455.7121530173963
0.056177365263333334,-3449.759977632909
0.054674824123333333,-3443.807802248421
0.054245526669999995,-3437.8556268639336
0.05338693172666667,-3431.903451479446
0.05531877033666668,-3425.9512760949588
0.05403087793333333,-3419.999100710471
0.054996797240000006,-3414.0469253925507
0.05456749979,-3408.0947500080633
0.054567499793333335,-3402.142574623576
0.053708904896666666,-3396.1903992390885
0.05327960744333333,-3390.2382238546006
0.05349425618666667,-3384.286048470113
0.054889472956666664,-3378.333873152193
0.05446017548999999,-3372.3816977677056
0.054889472956666664,-3366.4295223166505
0.05488947298333333,-3360.4773469987304
0.05553341919333333,-3354.525171614243
0.058109204043333335,-3348.5729962297555
0.055318770520000005,-3342.6208208452676
0.05478214874933333,-3336.6686455273475
0.05767990667666666,-3330.716470076293
0.054996797511,-3324.7642947583727
0.05746525801123334,-3318.8121193738853
0.057787231104333335,-3312.8599439893974
0.05886047476433334,-3306.90776860491
0.06165090828333333,-3300.9555932204225
0.06036301585266667,-3295.003417835935
0.06401204434333332,-3289.0512424514473
0.06422669308666666,-3283.099067133527
0.06626585604,-3277.1468916824724
0.06690980223333333,-3271.1947163645523
0.06927093830333333,-3265.2425409800644
0.07088080384666666,-3259.290365595577
0.07109545256000001,-3253.3381902110896
0.07152475005333332,-3247.3860148931694
0.07109545258333333,-3241.4338394421143
0.07410053489666667,-3235.481664057627
0.07281264247000001,-3229.5294887397067
0.07528110294000001,-3223.577313288652
0.07549575167,-3217.625137970732
0.07850083398333334,-3211.672962586244
0.08000337517333334,-3205.7207872017566
0.07978872640666666,-3199.768611817269
0.08011069954333333,-3193.816436499349
0.07957407766666666,-3187.864261048294
0.08086197014666667,-3181.9120857303737
0.08214986254,-3175.9599103458863
0.08290113310333333,-3170.007734961399
0.08515494487000001,-3164.055559576911
0.08612086420333333,-3158.1033841924236
0.08944791959666666,-3152.151208807936
0.08976989276666668,-3146.199033423449
0.09095046079666665,-3140.2468581055286
0.09266765073,-3134.2946827210408
0.09298962383000002,-3128.3425073365534
0.09502878686,-3122.390331952066
0.09738992299333334,-3116.4381565675785
0.09642400366,-3110.4859811830906
0.09953641039333333,-3104.5338058651705
0.10189754656,-3098.581630480683
0.10103895159333336,-3092.6294550296284
0.10350741206000001,-3086.677279711708
0.10382938519333333,-3080.7251043272204
0.10640517006000001,-3074.772928942733
0.10737108942666666,-3068.8207535582455
0.10865898182666667,-3062.8685782403254
0.10898095492666666,-3056.9164027892703
0.11209336166333332,-3050.96422747135
0.11456182216333333,-3045.0120520868627
0.11552774149666668,-3039.0598767023753
0.11520576833666667,-3033.1077013178874
0.11928409441,-3027.1555259334
0.12014268934666666,-3021.2033505489126
0.12185987928333335,-3015.251175164425
0.12143058178333334,-3009.2989998465046
0.12497228602666666,-3003.34682439545
0.12475763732333334,-2997.3946490775297
0.12583088099666667,-2991.4424736930423
0.12765539527333333,-2985.4902983085544
0.12787004401,-2979.538122924067
0.12862131461,-2973.585947606147
0.12776271964333333,-2967.633772155092
0.12894328774333333,-2961.6815967706048
0.12905061206,-2955.729421452684
0.12765539525333333,-2949.7772460016295
0.12872863895666667,-2943.8250706837093
0.12851399016666668,-2937.872895299222
0.12679680028999998,-2931.920719914734
0.12829934140666668,-2925.9685445302466
0.1278700438933333,-2920.0163692123265
0.12754807081666666,-2914.064193761272
0.12626017831666667,-2908.112018443351
0.1256162321166667,-2902.1598430588638
0.12658215140666665,-2896.2076676743764
0.12733342200666667,-2890.255492289889
0.12486496147666669,-2884.303316905401
0.12454298834,-2878.3511415209136
0.12422101523666666,-2872.398966136426
0.12336242026333334,-2866.446790818506
0.12346974461333333,-2860.4946154340187
0.12132325720333333,-2854.542440049531
0.12261114965000001,-2848.5902646650434
0.12185987903666666,-2842.638089280556
0.12078663531333333,-2836.6859138960685
0.12196720340333334,-2830.7337385115807
0.12100128405999999,-2824.7815631936605
0.12239650084333335,-2818.829387742606
0.12196720337666667,-2812.8772124246857
0.12336242017333332,-2806.925037040198
0.12314777143,-2800.9728616557104
0.12196720332333333,-2795.020686271223
0.12497228569999998,-2789.0685108867356
0.12228917643333335,-2783.116335502248
0.12250382517666668,-2777.1641601843276
0.1219672033,-2771.21198479984
0.12325509576666667,-2765.2598093487854
0.12228917643,-2759.3076340308653
0.12185987895,-2753.3554586463774
0.12089395963999998,-2747.40328326189
0.11939141844333334,-2741.4511078774026
0.11982071593666667,-2735.4989325594825
0.11971339156333334,-2729.5467571084273
0.11821085037666666,-2723.594581790507
0.11960606716,-2717.6424064060197
0.121001284,-2711.6902310215323
0.12100128396666666,-2705.7380556370445
0.12143058143333334,-2699.785880252557
0.1208939596,-2693.8337048680696
0.12089395956666665,-2687.881529483582
0.12121593270000001,-2681.929354165662
0.12379171756666668,-2675.977178714607
0.12282579823333334,-2670.0250033966868
0.12379171756666667,-2664.0728280121994
0.12228917640000002,-2658.120652627712
0.1251869344,-2652.168477243224
0.12561623186666668,-2646.216301925304
0.12711877306666666,-2640.264126474249
0.12958723360000002,-2634.311951089762
0.1309824504,-2628.359775771841
0.13162639663333334,-2622.407600387354
0.13280696473333334,-2616.4554250028664
0.13495345216666665,-2610.503249618379
0.13420218156666666,-2604.5510742338915
0.13420218153333333,-2598.5988988494037
0.13549007400000002,-2592.6467235314835
0.13430950593333332,-2586.694548146996
0.13559739836666665,-2580.7423727625087
0.13709993956666666,-2574.790197378021
0.1368852908,-2568.8380219935334
0.13645599336666667,-2562.885846609046
0.1374219127,-2556.9336712245586
0.1386024808,-2550.9814958400707
0.13570472276666667,-2545.0293204555833
0.13742191273333335,-2539.077145137663
0.13495345220000002,-2533.1249697531757
0.1376365615,-2527.172794368688
0.1353827497,-2521.2206189842004
0.13591937156666667,-2515.268443599713
0.13463147914333332,-2509.3162682152256
0.13516810102666665,-2503.3640928973055
0.13430950610333334,-2497.4119175128176
0.13463147920666665,-2491.459742061763
0.13430950612333334,-2485.5075667438427
0.13430950612333334,-2479.5553913593553
0.13570472293333333,-2473.6032159748675
0.13430950614,-2467.65104059038
0.13430950616,-2461.69886527246
0.13259231625666668,-2455.746689821405
0.13527542557,-2449.7945145034846
0.13506077680999998,-2443.842339118997
0.13570472304666667,-2437.8901637345098
0.13366555997666665,-2431.9379883500224
0.13302161372333332,-2425.985812965535
0.13366555993999998,-2420.033637581047
0.1326996406233333,-2414.0814621965596
0.1350607767833333,-2408.1292868786395
0.13173372127000002,-2402.177111427585
0.13108977505666666,-2396.224936109664
0.13087512634333334,-2390.272760725177
0.12980188261666667,-2384.3205853406894
0.12883596325,-2378.368409956202
0.12862131454666667,-2372.4162346382814
0.12905061205666665,-2366.4640591872267
0.12787004391333334,-2360.5118838027392
0.12872863887666666,-2354.559708484819
0.12626017838,-2348.607533033764
0.12497228589666666,-2342.655357715844
0.12250382538666667,-2336.7031823313564
0.12196720350333334,-2330.751006946869
0.11821085057333332,-2324.7988315623816
0.11692295814666666,-2318.846656244461
0.11531309259333333,-2312.8944807934063
0.11252265894666667,-2306.942305475486
0.11327392950666666,-2300.9901300909987
0.10951757655666668,-2295.037954706511
0.10822968411333334,-2289.0857793220234
0.10865898163666667,-2283.133603937536
0.10447333115666667,-2277.1814285530486
0.10447333121333334,-2271.2292531685607
0.10146824884333333,-2265.2770778506406
0.10007303204,-2259.324902466153
0.09567273293,-2253.3727270816657
0.09459948926333334,-2247.420551697178
0.09406286739666665,-2241.4683763126905
0.09116510942666667,-2235.516200928203
0.09019919009333333,-2229.5640255437156
0.08837467582666668,-2223.6118502257955
0.08816002705999999,-2217.6596747747403
0.08268648429333333,-2211.70749945682
0.08257915992666666,-2205.7553240723328
0.08075464562666666,-2199.8031486878454
0.07850083388333333,-2193.8509733033575
0.07785688767,-2187.8987979854373
0.07646167088333333,-2181.9466225343826
0.07452983222333333,-2175.9944472164625
0.07324193979666666,-2170.0422718319746
0.07163207426333333,-2164.09009638092
0.06733909953666667,-2158.137921063
0.06916361377666667,-2152.1857456785124
0.06766107262333333,-2146.233570294025
0.06766107263333333,-2140.281394909537
0.06733909952,-2134.329219591617
0.06733909951,-2128.3770441405622
0.06712445077666666,-2122.424868822642
0.06733909951,-2116.4726934381542
0.06669515330666666,-2110.520518053667
0.06680247766333335,-2104.5683426691794
0.06776839696666666,-2098.616167284692
0.06841234317333333,-2092.663991900204
0.06809037006666667,-2086.7118165157167
0.07184672294666666,-2080.7596411977966
0.07152474984333333,-2074.807465746742
0.07195404731333334,-2068.8552904288213
0.07324193972333333,-2062.903115044334
0.07431518341,-2056.9509396598464
0.07506645399666666,-2050.998764275359
0.07635434639666668,-2045.0465889574386
0.07678364386999999,-2039.094413506384
0.07903745560666667,-2033.1422381884636
0.08182788918666666,-2027.1900628039762
0.08064732114666666,-2021.2378874194885
0.08086196988666666,-2015.285712035001
0.08096929426333332,-2009.3335366505135
0.08365240349999999,-2003.381361266026
0.08311578165666667,-1997.4291858815384
0.08386705222333334,-1991.4770105636183
0.08461832283333333,-1985.5248351791306
0.08483297154666668,-1979.5726597946432
0.08687213456,-1973.6204844101558
0.0864428371,-1967.6683090256681
0.08869664887333334,-1961.7161336411807
0.08976989253333334,-1955.763958256693
0.08976989256333334,-1949.811782938773
0.08912594632333333,-1943.859607487718
0.08955524379666667,-1937.9074321697979
0.09116510934,-1931.9552567853102
0.091057785,-1926.0030814008228
0.09234567743333333,-1920.0509060163351
0.09105778502999999,-1914.0987306318477
0.09073581192666667,-1908.14655524736
0.09030651442666666,-1902.19437992944
0.08966256826,-1896.2422045449523
0.08891129766,-1890.2900290938976
0.08998454136,-1884.3378537759772
0.09073581192666667,-1878.3856783914898
0.08923327079333333,-1872.4335030070024
0.08880397332666667,-1866.4813276225148
0.08644283722666667,-1860.5291523045946
0.08601353972666666,-1854.5769768535397
0.08365240359333333,-1848.6248015356196
0.08526226912666666,-1842.672626151132
0.08365240355999999,-1836.7204507666445
0.08225718679333333,-1830.7682753821568
0.08300845734666668,-1824.8160999976694
0.08182788931,-1818.8639246131818
0.08139859183999999,-1812.9117492286944
0.08214986241,-1806.959573910774
0.08139859180666666,-1801.0073984597193
0.08032534811,-1795.055223141799
0.08118394302,-1789.1030477573115
0.08096929431,-1783.150872372824
0.08118394303333333,-1777.1986969883365
0.07957407752333334,-1771.2465216704163
0.07903745567666666,-1765.2943462193614
0.08096929426666667,-1759.342170834874
0.0819352136,-1753.3899955169536
0.08161324049666667,-1747.4378201324662
0.08279380856333333,-1741.4856447479785
0.08300845727666667,-1735.5334693634911
0.08386705219333333,-1729.5812939790035
0.08461832282333333,-1723.629118594516
0.08483297153000001,-1717.6769432765957
0.08558424210666665,-1711.7247678921083
0.08418902533666667,-1705.7725925076206
0.08547691774666666,-1699.8204171231332
0.08655016143,-1693.8682417386458
0.08526226901666667,-1687.9160663541581
0.08354507911999999,-1681.9638909696707
0.08375972783,-1676.011715585183
0.08343775472333333,-1670.0595402006957
0.08397437657333334,-1664.1073648827753
0.0818278892,-1658.1551894982879
0.08225718666333333,-1652.2030141138002
0.08322310597333334,-1646.2508387293128
0.08268648413333334,-1640.2986633448252
0.08204253791999999,-1634.3464879603378
0.08172056482,-1628.39431257585
0.07871548249,-1622.44213725793
0.08182788917666667,-1616.489961806875
0.07946675307333334,-1610.537786488955
0.08032534801333334,-1604.5856111044675
0.07903745559000001,-1598.6334357199798
0.07935942869333333,-1592.6812603354924
0.07935942868666668,-1586.729085017572
0.07935942869333333,-1580.7769095665174
0.07914477995333333,-1574.824734248597
0.07678364384999999,-1568.8725588641096
0.07860815811333333,-1562.9203834130547
0.07721294132333333,-1556.9682080951345
0.07753491442666666,-1551.0160327106469
0.07356391281,-1545.0638573261595
0.07377856154666666,-1539.1116819416718
0.07474448086,-1533.1595066237517
0.07485180522666667,-1527.2073311726967
0.07399321027666667,-1521.2551558547766
0.07216869602999999,-1515.3029804702892
0.06916361372666667,-1509.3508050858015
0.06970023556333334,-1503.3986297013141
0.07066615488333333,-1497.4464543833938
0.06884164063333333,-1491.494278932339
0.06841234317,-1485.5421035478514
0.06744642385666667,-1479.5899282299313
0.06798304570000001,-1473.6377527788763
0.06615853145666667,-1467.6855774609562
0.06572923399333334,-1461.7334020764686
0.06669515330666667,-1455.7812266919811
0.06680247768333332,-1449.8290513074935
0.06487063906666667,-1443.8768759895734
0.06733909952000001,-1437.9247005385184
0.06572923401666667,-1431.9725252205983
0.06605120711333333,-1426.0203498361109
0.06583655838333334,-1420.0681744516232
0.06476331471,-1414.1159990671358
0.0647633147,-1408.1638236826482
0.06572923402666667,-1402.2116482981608
0.06401204414,-1396.259472913673
0.06326077356333333,-1390.307297595753
0.06261682735333333,-1384.3551222112653
0.06122161059666666,-1378.402946826778
0.06014836692,-1372.4507714422903
0.06068498875666667,-1366.4985960578028
0.059933718190000006,-1360.5464206733152
0.05918244762,-1354.5942452888278
0.059611745113333336,-1348.6420699709074
0.05961174511,-1342.6898945198527
0.05832385270333334,-1336.7377192019326
0.06004104258,-1330.785543817445
0.058001879603333334,-1324.8333684329575
0.05875315017,-1318.8811930484699
0.05918244764333333,-1312.9290177305497
0.05853850142666667,-1306.9768422794948
0.058753150176666664,-1301.0246669615747
0.058323852693333324,-1295.072491577087
0.0602556913,-1289.1203161260323
0.05886047452333334,-1283.168140808112
0.05939709633999999,-1277.2159654236245
0.058216528296666674,-1271.263790039137
0.05725060900666667,-1265.3116146546495
0.058216528299999994,-1259.359439336729
0.05789455519333333,-1253.4072638856744
0.05757258210999999,-1247.4550885677543
0.056499338446666665,-1241.5029131832666
0.05703596028333333,-1235.5507377987792
0.05682131155333334,-1229.5985624142916
0.05564074353,-1223.6463870298041
0.05521144607666667,-1217.6942116453165
0.05531877046333333,-1211.742036260829
0.054138202413333336,-1205.7898609429087
0.05499679736333333,-1199.837685491854
0.05349425621,-1193.8855101739337
0.053279607476666664,-1187.9333347894462
0.05274298565333333,-1181.9811594049586
0.050918471423333334,-1176.0289840204712
0.05113312018333333,-1170.0768087025508
0.05220636384333333,-1164.124633251496
0.04866465972666667,-1158.1724578670085
0.04963057905333334,-1152.2202825490883
0.049737903446666676,-1146.268107164601
0.05027452526,-1140.3159317801133
0.05048917398666666,-1134.3637563956258
0.04995255214666666,-1128.4115810111382
0.05091847145,-1122.4594056266508
0.051347768896666666,-1116.5072303087304
0.05188439074666667,-1110.555054924243
0.05274298569666667,-1104.6028795397553
0.051991715093333335,-1098.650704155268
0.051025795779999994,-1092.6985287707803
0.053708904960000005,-1086.7463533862929
0.05564074355333334,-1080.7941780018052
0.05403087804333334,-1074.842002683885
0.05413820239666667,-1068.8898272328302
0.05349425617333334,-1062.93765191491
0.05585539224333333,-1056.9854765304226
0.05746525775333333,-1051.033301145935
0.057787230853333336,-1045.0811257614475
0.056606662800000006,-1039.12895037696
0.05735793336333333,-1033.1767749924725
0.06014836690666667,-1027.2245996079848
0.06047033999333334,-1021.2724242900647
0.06111428619,-1015.3202488390098
0.06186555676666666,-1009.3680735210896
0.06293880042666668,-1003.4158981366021
0.06444134157999999,-997.4637227521146
0.06594388272333333,-991.511547367627
0.06551458524666666,-985.5593720497068
0.06873431628,-979.607196598652
0.06733909950333333,-973.6550212807317
0.06991488431666666,-967.7028458962442
0.07098812801,-961.7506705117567
0.07216869604,-955.7984951272691
0.07184672294333334,-949.8463197427816
0.07227602042,-943.894144358294
0.07442250778,-937.9419689738065
0.07560307581999999,-931.9897936558864
0.07732026571999999,-926.0376182048315
0.07764223882,-920.0854428869113
0.07914477997333334,-914.1332675024238
0.08225718664333333,-908.1810921179363
0.08257915975,-902.2289167334487
0.08504762021666668,-896.2767414155285
0.08687213448666668,-890.3245659644737
0.08622818827666667,-884.3723905799861
0.08751608069333333,-878.4202152620659
0.08976989243666667,-872.4680398775783
0.08880397311333332,-866.5158644930908
0.09041383866000001,-860.5636891086033
0.09470681341,-854.6115137241158
0.09502878652,-848.6593383396282
0.09599470583666665,-842.7071630217081
0.09588738147666666,-836.7549876372206
0.09867781506,-830.802812252733
0.09899978819,-824.8506368682455
0.0999657075,-818.898461483758
0.09975105877666668,-812.9462860992704
0.10050232935999999,-806.9941107147829
0.10039500499333333,-801.0419353302954
0.10425868226666668,-795.0897599458078
0.10554657471666667,-789.1375846278876
0.10554657471000001,-783.1854092434
0.10500995285999999,-777.2332338589125
0.10490262850333333,-771.281058474425
0.10661981838666668,-765.3288830899374
0.10694179152,-759.3767077054499
0.10790771080666667,-753.4245323209624
0.10855165704000001,-747.4723570030422
0.10876630580333334,-741.5201815519873
0.10887363013333333,-735.5680062340672
0.10994687383666667,-729.6158308495797
0.10930292761,-723.6636554650921
0.10822968391,-717.7114800806046
0.10973222509999998,-711.7593047626843
0.11026884693333333,-705.8071293116295
0.11026884693333333,-699.8549539937093
0.10876630576666667,-693.9027786092217
0.10983954946666667,-687.9506031581669
0.10908827889999999,-681.9984278402467
0.10994687386666667,-676.0462524557591
0.11026884693333333,-670.0940770712716
0.11091279316666668,-664.1419016867841
0.11134209063333333,-658.189726368864
0.1115567394,-652.237550917809
0.11026884693333333,-646.2853755998889
0.11144941500666666,-640.3332002154013
0.11080546879666668,-634.3810248309138
0.11016152256333334,-628.4288494464263
0.1115567394,-622.4766740619388
0.11198603685999999,-616.5244986774512
0.11155673938999999,-610.5723232929637
0.11198603687333335,-604.6201479750434
0.11102011755,-598.6679725239886
0.11187871251666666,-592.7157972060684
0.11198603689333332,-586.7636218215808
0.11209336127999998,-580.8114464370933
0.11112744195,-574.8592710526058
0.11123476633333333,-568.9070957346856
0.10908827892666667,-562.9549202836307
0.10887363019333333,-557.0027448991432
0.11016152261666667,-551.050569581223
0.10898095456666668,-545.0983941967355
0.10704911592,-539.146218812248
0.10801503524,-533.1940434277604
0.10876630584999998,-527.2418680432729
0.10822968400666666,-521.2896926587854
0.10801503524666667,-515.3375173408651
0.10683446719666667,-509.3853419563776
0.10479530417,-503.43316657189007
0.10640516971666668,-497.4809911874026
0.10565389913333334,-491.52881580291506
0.10554657474666668,-485.57664041842753
0.10533192601666667,-479.62446503394
0.10458065543333334,-473.67228971601975
0.1046879798,-467.72011426496493
0.10329276298666668,-461.7679389470447
0.10361473612333334,-455.81576356255715
0.10608319659,-449.8635881780697
0.10543925037666668,-443.91141279358214
0.10597587225,-437.9592374756619
0.10554657474666668,-432.0070620246071
0.10458065542666667,-426.05488670668683
0.10565389912333334,-420.1027113221993
0.10619052097666666,-414.1505358711445
0.10608319663666665,-408.19836055322423
0.10597587221333334,-402.24618516873676
0.10597587224333334,-396.2940097842492
0.10608319661666667,-390.3418343997617
0.10511727729999999,-384.38965908184144
0.10479530416666666,-378.43748363078663
0.10415135796000001,-372.4853083128664
0.10447333108666668,-366.53313292837885
0.10458065545333334,-360.5809575438914
0.10511727730999999,-354.62878215940384
0.10511727729999999,-348.6766067749163
0.10468797983,-342.7244313904288
0.10597587224,-336.77225600594124
0.10780038657666667,-330.820080688021
0.10694179160333334,-324.8679052369662
0.10619052098333333,-318.91572991904593
0.11080546891333333,-312.96355453455845
0.11327392942333335,-307.0113791500709
0.11348857815999998,-301.0592037655834
0.11509844372333333,-295.10702844766314
0.11531309246333334,-289.1548529966083
0.11831817481333334,-283.2026776121208
0.12218185216666666,-277.25050229420054
0.12143058159333335,-271.29832690971307
0.12261114965000001,-265.34615152522554
0.12840666567666667,-259.393976140738
0.13141174805666667,-253.44180075625047
0.13216301863333332,-247.48962537176294
0.13602669601666667,-241.53745005384272
0.13731458848333333,-235.5852746693552
0.1395684002,-229.63309928486765
0.14343207759999999,-223.68092390038012
0.1459005382,-217.7287485158926
0.14772505246666667,-211.7765731314051
0.15223267606666668,-205.82439774691755
0.15577438036666666,-199.8722224289973
0.15620367783333333,-193.9200469779425
0.1607113015,-187.96787166002227
0.16296511326666666,-182.01569627553474
0.16511160076666667,-176.0635208910472
0.16833133193333336,-170.11134550655967
0.17198036056666666,-164.15917012207217
0.17369755053333336,-158.20699473758464
0.1748781186,-152.2548193530971
0.17906376916666666,-146.30264403517688
0.18453731223333333,-140.35046858412204
0.18711309713333332,-134.39829326620182
0.18990353086666667,-128.4461178817143
0.1915133965,-122.49394249722677
0.19634299330000002,-116.54176711273924
0.19913342703333334,-110.58959179481901
0.20149456323333334,-104.63741634376419
0.2022458338666667,-98.68524102584396
0.2046069700666667,-92.73306564135643
0.21040248633333333,-86.7808901903016
0.21630532693333335,-80.82871487238138
0.21941773383333332,-74.87653948789385
0.22403268196666667,-68.92436410340632
0.226608467,-62.9721887189188
0.22875495449999997,-57.02001340099857
0.23165271266666665,-51.067837949943744
0.23508709269999997,-45.115662632023515
0.2393800678,-39.16348724753599
0.24249247470000002,-33.211311863048465
0.243136421,-27.259136478560936
0.24807334236666667,-21.306961094073408
0.2495758836333333,-15.354785709585883
0.2538688587333333,-9.402610325098356
0.25612267066666666,-3.4504350071781276
0.25783986070000003,2.5017404105930483
0.2617035383333333,8.453915761796926
0.26352805279999997,14.406091146284453
0.26706975726666665,20.35826649748833
0.2692162448666667,26.310441915259506
0.27340189563333334,32.26261726646339
0.2791974121333333,38.21479265095091
0.28080727786666665,44.16696800215479
0.2848856042666667,50.119143386642314
0.28939322823333335,56.071318804413494
0.29390085223333334,62.02349415561737
0.29830115183333333,67.97566954010489
0.30109158573333333,73.92784489130877
0.3074237242333333,79.8800202757963
0.30838964373333333,85.83219562700017
0.31472178219999997,91.78437104477135
0.3215905427,97.73654639597522
0.32448830106666665,103.68872178046276
0.32888860076666665,109.64089713166663
0.33371819796666663,115.5930725494378
0.33532806373333335,121.54524793392534
0.3394063902666667,127.49742328512922
0.3442359875,133.44959866961673
0.3450945826333333,139.40177402082062
0.3505681262,145.3539494385918
0.3536805333333333,151.30612478979566
0.3581881574666667,157.2583001742832
0.3643056474,163.21047552548708
0.3679546765333333,169.16265090997462
0.37074511056666665,175.11482626117848
0.3724623007,181.06700167894965
0.37750654683333335,187.01917706343718
0.3826581173666666,192.97135241464107
0.3859851733666666,198.92352779912858
0.38759503910000004,204.87570315033247
0.39038547316666666,210.82787856810364
0.3982201533333333,216.78005391930753
0.40272777763333334,222.73222930379504
0.40541088726666663,228.68440465499893
0.40938188959999994,234.6365800727701
0.4101331602666667,240.58875539069032
0.41667994803333336,246.5409308084615
0.4170019211,252.49310619294903
0.4229047624333333,258.4452815441529
0.42590984533333337,264.3974569619241
0.4308467672,270.349632313128
0.43513974279999995,276.3018076976155
0.4394327184333333,282.25398304881935
0.44361836963333334,288.2061584333069
0.4471600745,294.1583337845108
0.45048713063333334,300.11050920228195
0.4535995379666667,306.06268455348584
0.45714124286666663,312.01485993797337
0.46132689416666667,317.9670353224609
0.4647612747,323.91921067366474
0.46776635769999997,329.8713860914359
0.4718446846,335.8235614426398
0.47570836276666667,341.77573682712733
0.47935739213333334,347.7279121783312
0.4818258532,353.6800875961024
0.4844016386,359.6322629140226
0.4867627753333334,365.5844383317938
0.48966053396666664,371.53661368299765
0.49277294136666666,377.4887890674852
0.49373886093333336,383.44096448525636
0.4955633756333333,389.39313983646025
0.4993197295,395.3453152209478
0.5036127053,401.2974905721517
0.5035053809333333,407.2496659566392
0.5040420029,413.20184130784304
0.5084423031333334,419.1540167256142
0.5086569519333334,425.1061920768181
0.5123059814,431.05836746130564
0.5125206301666667,437.0105428125095
0.5147744425333333,442.96271819699706
0.5188527696333334,448.91489361476823
0.5194967159666667,454.8670689659721
0.5209992575333334,460.8192443504596
0.5237896918666667,466.7714197016635
0.5253995578666667,472.72359511943466
0.5272240726,478.6757704373549
0.5290485873333334,484.6279458551261
0.5322683193333333,490.58012120633
0.5334488877,496.5322965908175
0.5343074828666667,502.48447194202134
0.5372052416333334,508.4366473597925
0.5402103247666666,514.3888227442801
0.5437520299333333,520.340998095484
0.5436447055333332,526.2931734799715
0.5471864107000001,532.2453488311753
0.5467571131333334,538.1975242489465
0.5497621963333333,544.1496996001504
0.5538405234666667,550.1018749846379
0.5560943359,556.0540503358418
0.5579188507,562.0062257203293
0.5596360411,567.9584010715332
0.5637143683,573.9105764893044
0.5669341003333334,579.8627518405083
0.5680073443333333,585.8149272249958
0.5707977787666666,591.767102642767
0.5740175108666666,597.7192779606872
0.5764859721,603.6714533784584
0.5783104869333333,609.6236287296623
0.5813155701666667,615.5758041141498
0.5838913558333334,621.5279794653536
0.5866817903333333,627.4801548831248
0.5902234956,633.432330201045
0.5941944985333333,639.3845056188162
0.595375067,645.3366809700201
0.5976288794666668,651.2888563545076
0.5996680431333333,657.2410317722788
0.6017072068333333,663.1932071234827
0.6047122901666667,669.1453825079702
0.6060001829999999,675.0975578591741
0.6084686442999999,681.0497332436616
0.6113664033,687.0019085948655
0.6138348645999999,692.9540840126367
0.6156593795333333,698.9062593638406
0.6169472724,704.8584347483281
0.6196303825333334,710.8106100995319
0.6189864361333334,716.7627854840194
0.6200596801666667,722.7149609017906
0.6224208171,728.6671362529945
0.6224208171,734.619311637482
0.6224208171,740.5714869886859
0.6247819540333334,746.5236624064571
0.6249966028666667,752.4758377243774
0.6260698469333333,758.4280131421485
0.6270357666,764.3801884933524
0.6284309838666666,770.33236387784
0.6271430910000001,776.2845392290438
0.6287529571666667,782.236714646815
0.6268211177999999,788.1888900313025
0.6297188768333334,794.1410653825064
0.6285383083,800.0932407669939
0.6266064690666666,806.0454161181977
0.6272504154999999,811.9975915359689
0.6274650643333334,817.9497668871728
0.6272504154999999,823.9019422716603
0.6268211179000001,829.8541176228642
0.6276797131,835.8062930073518
0.6266064690333333,841.7584683585557
0.6252112517666667,847.7106437763268
0.6242453321,853.6628191608144
0.6236013857333333,859.6149945120183
0.6244599809666666,865.5671699297894
0.6230647637,871.5193452477097
0.6232794125666666,877.4715206654809
0.6230647638000001,883.4236960166847
0.6216695464666667,889.3758714011722
0.6214548976666666,895.328046752376
0.6207036267666667,901.2802221701472
0.6195230583666667,907.2323975213511
0.6200596803666666,913.1845729058386
0.6187717875333334,919.1367482903262
0.6151227576666667,925.0889236415301
0.6158740286,931.0410990593012
0.6140495136999999,936.9932744105051
0.6122249988,942.9454497949927
0.6117957012,948.8976251461966
0.6098638619,954.8498005306841
0.6077173737666667,960.801975881888
0.6058928589,966.7541512996592
0.6052489124333333,972.706326650863
0.5993460701000001,978.6585020353505
0.5983801505333334,984.6106774531218
0.5949457696666667,990.5628528043255
0.5924773083333333,996.5150281888131
0.5901161714666666,1002.467203540017
0.5856085465666666,1008.4193789245045
0.5828181121,1014.3715542757084
0.5795983800000001,1020.3237296934795
0.5769152699666665,1026.2759050446834
0.5723003206,1032.2280804291709
0.5667194517666667,1038.1802557803749
0.5617825293666666,1044.1324311648623
0.5574895533,1050.0846065826336
0.5552357409333334,1056.0367819338373
0.5492255745333333,1061.988957318325
0.5481523304999999,1067.9411326695288
0.5425714617666667,1073.8933080540164
0.5399956762,1079.8454834052202
0.536453971,1085.7976588229915
0.5344148074,1091.7498341741953
0.5285119655333333,1097.702009558683
0.5229310968666666,1103.6541849098867
0.5187454454,1109.606360327658
0.5160623354999999,1115.558535645578
0.5125206304000001,1121.5107110633492
0.5076910325666667,1127.4628864478368
0.5042566519,1133.4150617990406
0.4995343785666666,1139.3672372168119
0.4948121051666667,1145.3194125680157
0.4907337781666667,1151.2715879525033
0.48708474873333335,1157.223763303707
0.47849879730000006,1163.1759386881947
0.4738838484666667,1169.1281140393985
0.46969819710000005,1175.0802894571698
0.4654052214333333,1181.0324648083736
0.4619708408666667,1186.9846401928612
0.4561753237333333,1192.9368155773486
0.4528482675,1198.8889909285526
0.44930656266666663,1204.8411663463237
0.445013587,1210.7933416975275
0.4398620162,1216.745517082015
0.4321346601,1222.697692433219
0.4283783064333333,1228.6498678509902
0.4232267358,1234.6020431689103
0.42097292363333333,1240.5542185866816
0.4170019212333333,1246.5063939378854
0.41013316040000003,1252.458569322373
0.4091672409,1258.410744740144
0.40347904826666664,1264.362920091348
0.3984348020333333,1270.3150954758355
0.39328323140000004,1276.2672708270395
0.38544855120000004,1282.219446211527
0.3817995220666666,1288.171621562731
0.3790090880333333,1294.123796980502
0.3728915980333333,1300.0759723317058
0.37074511026666673,1306.0281477161934
0.3657008642333333,1311.9803230673972
0.3615152131666666,1317.9324984518848
0.3581881572666667,1323.884673869656
0.3541098306333333,1329.83684922086
0.34885093573333337,1335.7890246053473
0.34208949956666673,1341.7411999565513
0.3399430119,1347.6933753743224
0.3368306047666667,1353.6455506922428
0.33232298070000005,1359.5977261100138
0.32888860043333334,1365.5499014612178
0.3271714102666667,1371.5020768457052
0.32212716430000005,1377.4542521969092
0.3185854597,1383.4064276146803
0.3157950257666666,1389.358602999168
0.30914091410000005,1395.3107783503717
0.30592118266666674,1401.2629537348591
0.3009842612,1407.2151290860631
0.29754988099999996,1413.1673045038342
0.2939008521,1419.1194798550382
0.29111041823333333,1425.0716552395256
0.28069995336666664,1431.0238305907296
0.28391968483333335,1436.976005975217
0.27876811463333334,1442.928181326421
0.27812416840000004,1448.880356744192
0.2736165445,1454.8325321286798
0.26900159626666664,1460.7847074798835
0.2656745405666667,1466.7368828976548
0.26320607986666666,1472.689058215575
0.2608449435333333,1478.6412336333462
0.25773253663333334,1484.59340898455
0.2550494272,1490.5455843690374
0.25343956156666664,1496.4977597202414
0.25011250586666667,1502.4499351380125
0.24796601833333334,1508.4021104559329
0.24324374576666666,1514.354285873704
0.24098993393333334,1520.3064612581916
0.23787752696666667,1526.2586366093954
0.2341211738333333,1532.2108120271666
0.23251130820000002,1538.1629873783704
0.22961355003333336,1544.115162762858
0.22467662866666668,1550.0673381140618
0.22349606056666668,1556.0195134985495
0.2193104098666667,1561.9716888497533
0.217056598,1567.9238642675246
0.21448081296666666,1573.8760396187283
0.20954389169999998,1579.8282150032157
0.20750472856666669,1585.780390420987
0.2062168361,1591.7325657389072
0.20149456359999998,1597.6847411566785
0.1968796155,1603.6369165078822
0.19720158856666667,1609.5890918923699
0.19602102043333333,1615.5412672435737
0.19408918169999997,1621.493442661345
0.19129874796666668,1627.445617979265
0.18925958483333336,1633.3977933970364
0.18711309736666668,1639.3499687482401
0.18582520489999999,1645.3021441327278
0.18249814933333333,1651.2543194839316
0.1792784181,1657.2064949017029
0.17788320126666668,1663.1586702861903
0.17444882133333336,1669.110845637394
0.17230233386666668,1675.0630210218817
0.16940457586666666,1681.0151963730855
0.1673654127333333,1686.9673717908568
0.1628577891,1692.9195471420605
0.15942340926666668,1698.8717225265482
0.15716959743333334,1704.823897877752
0.15598902936666667,1710.7760732622396
0.1524473251,1716.7282486134434
0.1501935133,1722.6804240312147
0.1486909721,1728.632599415702
0.1456858897,1734.584774766906
0.14536391656666667,1740.5369501846772
0.14117826605,1746.4891255025973
0.13946107615,1752.4413009203686
0.13645599372666667,1758.3934762715724
0.13495345254666666,1764.34565165606
0.13259231641333333,1770.2978270072638
0.13119709955,1776.250002425035
0.13087512639666668,1782.2021777762388
0.12894328774,1788.1543531607265
0.12604552975666666,1794.106528545214
0.12497228599333333,1800.058703896418
0.12411369101999999,1806.010879314189
0.12207452800333334,1811.963054665393
0.12207452797,1817.9152300498804
0.11992804055333334,1823.8674054010844
0.11842549940333334,1829.8195807855718
0.11799620190666665,1835.7717561367756
0.11509844389666667,1841.7239315545469
0.11595703883333335,1847.6761069057507
0.11477647076000001,1853.6282822902383
0.11434717326666666,1859.5804577080094
0.11413252452999999,1865.5326330592134
0.11423984889666666,1871.4848084437008
0.11241533453666668,1877.4369837949048
0.1115567396,1883.3891591793922
0.11273730764,1889.3413345305962
0.11187871269666667,1895.2935099483673
0.11230801016333332,1901.2456852995713
0.11230801019333332,1907.1978606840587
0.11187871267666667,1913.1500360352627
0.10941025222,1919.1022114197501
0.10994687408666666,1925.0543868375214
0.10983954966000002,1931.0065621887252
0.10994687405666666,1936.9587375732126
0.10930292785666668,1942.9109129244166
0.10887363035333335,1948.863088308904
0.10908827911666667,1954.815263660108
0.11048349592333334,1960.767439077879
0.11026884719333334,1966.719614429083
0.10930292785333333,1972.6717898135705
0.10951757659333333,1978.6239651647745
0.10919560351666667,1984.5761405825456
0.10737108924333333,1990.5283159670332
0.10930292785666666,1996.480491318237
0.10865898165666667,2002.4326667027246
0.10683446735333331,2008.3848420539284
0.11016152280000001,2014.3370174716997
0.11026884722666667,2020.2891928229035
0.1102688472,2026.241368207391
0.11112744213999999,2032.193543558595
0.11241533455333334,2038.1457189430823
0.11284463203,2044.0978942942863
0.11423984883666666,2050.0500697120574
0.11413252447,2056.002245096545
0.11423984884,2061.954420447749
0.11563506567,2067.9065958322362
0.11606436315333334,2073.8587711834402
0.11531309255666666,2079.8109466012115
0.11735225558666666,2085.7631219524155
0.11756690431,2091.715297336903
0.11660098495,2097.667472688107
0.11767422872666666,2103.619648105878
0.11821085056999998,2109.571823423798
0.11692295810999999,2115.523998841569
0.11745957998333333,2121.4761742260566
0.11810352618000002,2127.4283495772606
0.11627901187666667,2133.380524995032
0.11799620183666666,2139.332700346236
0.11778155305999999,2145.2848757307233
0.11799620177666666,2151.2370510819273
0.11724493118666668,2157.1892264664148
0.11488379501333335,2163.1414018176188
0.11348857822000001,2169.0935772353896
0.11402520005000001,2175.0457525865936
0.11305928069333333,2180.997927971081
0.11102011768333332,2186.950103322285
0.11134209073666666,2192.9022787067724
0.11284463192,2198.8544541245437
0.11155673947333333,2204.8066294757477
0.11059082017666666,2210.758804860235
0.11144941511333334,2216.710980211439
0.11134209069666667,2222.66315562921
0.11187871257,2228.6153309471306
0.11209336129999999,2234.5675063649014
0.11316660496000001,2240.5196817161054
0.1134885781,2246.471857100593
0.11456182176666667,2252.424032451797
0.11595703856666667,2258.376207869568
0.11574238983333333,2264.3283832540556
0.1179962016,2270.2805586052596
0.1178888772,2276.232733989747
0.11842549906666666,2282.184909340951
0.12089395956666667,2288.1370847587223
0.12261114946666667,2294.089260109926
0.12432833939999999,2300.0414354944132
0.12486496126666669,2305.9936108456172
0.1244356638,2311.9457862301047
0.12776271930000002,2317.8979615813087
0.1291579361,2323.85013699908
0.12958723356666668,2329.8023123835674
0.12980188236666668,2335.7544877347714
0.1303385042,2341.7066631525427
0.13237766723333333,2347.658838470463
0.13345091096666664,2353.611013888234
0.1321630185,2359.5631892394376
0.13484612783333333,2365.5153646239255
0.13506077656666668,2371.467539975129
0.13463147909999998,2377.4197153929003
0.13538274973333334,2383.3718907108205
0.13355823536666667,2389.3240661285918
0.13549007406666666,2395.276241513079
0.13420218163333333,2401.228416864283
0.1334509110333333,2407.1805922820545
0.13377288413333333,2413.132767633258
0.1335582354,2419.084943017746
0.13345091106666665,2425.0371183689495
0.13312893793333333,2430.9892937534373
0.1318410455,2436.941469104641
0.1329142892,2442.893644522412
0.13248499173333333,2448.845819873616
0.13227034296666665,2454.7979952581036
0.1315190724,2460.750170675875
0.1295872337,2466.702345993795
0.12915793623333335,2472.6545214115663
0.1292652606,2478.60669676277
0.13130442366666667,2484.5588721472577
0.13055315306666668,2490.5110474984613
0.12958723373333333,2496.4632229162326
0.12990920686666665,2502.4153982341527
0.13066047744333334,2508.367573651924
0.13012385558333334,2514.319749003128
0.1287286388,2520.2719243876154
0.12883596318333332,2526.2240998053867
0.12851399004666667,2532.1762751565907
0.12765539508666668,2538.128450541078
0.12711877320333334,2544.080625892282
0.12776271946999998,2550.0328012767695
0.12604552954333334,2555.9849766279735
0.12572355647,2561.9371520457444
0.12561623207,2567.8893273969484
0.12518693462,2573.841502781436
0.12690412455333333,2579.79367813264
0.12583088082666669,2585.745853517127
0.12647482707666668,2591.6980289348985
0.1270114489,2597.6502042861025
0.12744074634666666,2603.60237967059
0.12937258502666668,2609.554555021794
0.12894328755666665,2615.5067304395648
0.12690412451,2621.4589057574854
0.12819201696000002,2627.411081175256
0.1290506119,2633.36325652646
0.1261528539,2639.3154319109476
0.12905061186,2645.2676072621516
0.12776271941666667,2651.219782679923
0.12647482698666668,2657.1719580644103
0.12593820509666667,2663.1241334156143
0.12486496139999999,2669.0763088001017
0.1255089076,2675.0284841513057
0.12357706890999999,2680.9806595690766
0.12239650084999999,2686.9328349202806
0.12175255462666668,2692.885010304768
0.12035733782333334,2698.837185655972
0.11864014783666665,2704.7893610404594
0.118103526,2710.7415363916634
0.11831817478333333,2716.6937118094347
0.11595703863333334,2722.6458871606387
0.11542041676333333,2728.598062545126
0.11456182181333334,2734.5502379628974
0.11445449741000001,2740.502413314101
0.11381055124333335,2746.454588698589
0.1142398487,2752.4067640497924
0.11220068567333334,2758.35893943428
0.11262998314333335,2764.311114785484
0.1117713882,2770.263290203255
0.110268847,2776.215465554459
0.11037617137,2782.1676409389465
0.10908827891666667,2788.1198162901505
0.10619052096666666,2794.071991674638
0.10780038654666667,2800.0241670924092
0.10511727729333335,2805.976342443613
0.10340008736666667,2811.9285178281007
0.1042586823,2817.880693179304
0.09996570757333333,2823.832868563792
0.10007303194,2829.7850439149956
0.10007303191,2835.737219332767
0.10060965379000002,2841.689394683971
0.09792654456333333,2847.6415700684583
0.09889246390333332,2853.5937454196624
0.09792654458666666,2859.545920837433
0.09653132779333334,2865.498096221921
0.09878513956333335,2871.4502715731246
0.09567273285666666,2877.4024469576125
0.09599470595333333,2883.354622308816
0.09567273288333333,2889.3067977265873
0.09470681356999999,2895.2589730777913
0.0935262455,2901.2111484622787
0.09395554300333332,2907.1633238134827
0.09223835309666667,2913.11549919797
0.09170173125666665,2919.067674549174
0.09105778502,2925.0198499669455
0.09105778501999999,2930.972025351433
0.08912594635333333,2936.9242007026364
0.08944791945666668,2942.8763760871243
0.08719410770999998,2948.828551438328
0.08612086404333334,2954.780726856099
0.08354507919,2960.732902207303
0.08365240356333332,2966.6850775917906
0.08172056489666667,2972.6372529429946
0.08000337501333334,2978.589428360766
0.07925210443666668,2984.541603678686
0.07721294141333333,2990.4937790964573
0.07334926414,2996.4459544809447
0.06991488439,3002.3981298321487
0.0708808037,3008.3503052499195
0.06927093817333334,3014.3024806011235
0.06905628944666667,3020.254655985611
0.06830501888333333,3026.206831336815
0.06723177521666666,3032.1590067213024
0.06690980210666667,3038.1111820725064
0.06723177520666666,3044.0633574902777
0.06594388278666667,3050.015532841481
0.06508528786666667,3055.967708225969
0.06701712648666666,3061.9198836104565
0.06529993659333333,3067.8720589616605
0.06680247774666666,3073.8242343794313
0.06658782899666667,3079.7764097306354
0.06540726095666667,3085.7285851151228
0.06658782900666667,3091.680760466327
0.06648050463666666,3097.632935884098
0.06776839704,3103.585111202018
0.07023685750666668,3109.5372866197895
0.06905628946333332,3115.489461970993
0.07002220876333333,3121.441637355481
0.0705588306,3127.3938127732517
0.07173939867,3133.3459881244557
0.07173939866333333,3139.298163508943
0.07216869616666667,3145.250338860147
0.07152474996000001,3151.2025142446346
0.07281264239666667,3157.1546895958386
0.07581772470333333,3163.10686501361
0.07259799366333333,3169.059040364814
0.07367123733333332,3175.0112157493013
0.07388588609666667,3180.9633911005053
0.07399321043333333,3186.9155664849927
0.07656899527333333,3192.8677418361967
0.07474448103333334,3198.8199172539676
0.07549575160000001,3204.7720926384554
0.07603237340666667,3210.724267989659
0.07560307594,3216.6764434074303
0.07721294145,3222.6286187253504
0.07860815825333334,3228.5807941431217
0.07753491457333334,3234.5329694943257
0.08000337508333334,3240.485144878813
0.08086196999333332,3246.437320230017
0.08257915987,3252.389495647788
0.0833304305,3258.3416709657085
0.08333043047000001,3264.2938463834794
0.08365240360333333,3270.2460217679672
0.08451099853999999,3276.198197119171
0.08579889098333333,3282.150372536942
0.08783805399,3288.102547888146
0.08783805400666667,3294.0547232726335
0.08955524388666668,3300.0068986238375
0.08869664897333333,3305.959074008325
0.08826735148333333,3311.911249359529
0.08837467584999999,3317.8634247772998
0.08826735146333332,3323.815600128504
0.08923327077333333,3329.767775512991
0.09170173123666665,3335.7199509307625
0.09019919009333333,3341.6721262486826
0.09041383884,3347.624301666454
0.09298962371333334,3353.576477017658
0.09213102875666668,3359.5286524021453
0.09320427244000001,3365.4808277533493
0.09556540856666666,3371.4330031711206
0.0967459766,3377.3851784890408
0.09760457159666668,3383.337353906812
0.09706794976333333,3389.2895292580156
0.09899978839666666,3395.241704642503
0.10136092453000001,3401.1938800602743
0.10103895143000001,3407.1460554114783
0.10340008756333334,3413.0982307959657
0.10393670940000001,3419.0504061471697
0.10318543886333333,3425.002581531657
0.10565389936666665,3430.954756882861
0.10500995316333335,3436.9069323006324
0.10447333132666665,3442.859107651836
0.10608319689333333,3448.811283036324
0.10726376496,3454.7634583875274
0.10790771116333335,3460.7156337720153
0.10930292799666667,3466.667809189786
0.11102011792666666,3472.61998454099
0.11252265913000002,3478.5721599254775
0.11370322719666669,3484.5243352766815
0.11488379526666666,3490.476510694453
0.11595703896666666,3496.428686012373
0.11531309273333334,3502.3808614301443
0.11456182219666668,3508.333036781348
0.11649366083333335,3514.2852121658357
0.11606436333333332,3520.237387517039
0.11477647092999999,3526.1895629348105
0.11638633643333333,3532.141738319298
0.11477647089666666,3538.093913670502
0.11552774153,3544.0460890549894
0.11617168776333332,3549.9982644061934
0.11520576839666664,3555.9504398239646
0.11703028266666667,3561.9026151751686
0.11595703899666666,3567.854790559656
0.11563506586666666,3573.8069659108596
0.11627901209666668,3579.7591412953475
0.11692295833333333,3585.711316646551
0.11703028263666666,3591.6634920643223
0.11617168767000001,3597.6156674488097
0.1154204171,3603.5678428000138
0.11456182216333333,3609.520018217785
0.11381055156666664,3615.472193535705
0.11423984903333334,3621.4243689534765
0.11359590283,3627.3765443046805
0.11166406413333334,3633.328719689168
0.11198603723,3639.280895040372
0.11091279353,3645.2330704581427
0.10737108932666668,3651.1852458093467
0.10704911622666667,3657.137421193834
0.10747841369666668,3663.0895965783216
0.10479530449333331,3669.0417719295256
0.10565389942666668,3674.993947347297
0.10340008769333335,3680.946122698501
0.10179022216,3686.8982980829883
0.10232684399333332,3692.8504734341923
0.10125360029333334,3698.8026488186797
0.10050232972666667,3704.7548241698837
0.09835584236,3710.7069995876545
0.09749724739333333,3716.6591749388585
0.09760457182666667,3722.611350323346
0.09653132812666666,3728.56352567455
0.09738992303666666,3734.5157010923213
0.09599470627,3740.4678764768087
0.09663865247333332,3746.4200518280127
0.09631667940666667,3752.3722272125
0.09578005759000001,3758.324402563704
0.09567273322999999,3764.276577981475
0.09556540882666668,3770.228753332679
0.09331159705666668,3776.1809287171664
0.09245300212666667,3782.1331040683704
0.09417019204,3788.085279452858
0.09513611136666666,3794.037454804062
0.09567273322999999,3799.989630221833
0.09599470631000001,3805.9418056063205
0.09620935507666667,3811.8939809575245
0.09438484080333333,3817.846156342012
0.09653132815333333,3823.798331693216
0.09792654493666665,3829.750507110987
0.09824851802666668,3835.7026824621908
0.10039500540333335,3841.654857846678
0.10039500542666667,3847.607033197882
0.10103895159333333,3853.5592086156535
0.10297079029333334,3859.5113839335736
0.10372206086,3865.463559351345
0.10608319692666666,3871.4157347358323
0.10737108936333332,3877.3679100870363
0.10694179186333334,3883.3200855048076
0.10822968426666668,3889.272260856011
0.10844433303333334,3895.224436240499
0.10887363047,3901.1766115917026
0.10919560353666667,3907.1287869761904
0.10983954980333333,3913.080962327394
0.11005419850666666,3919.0331377451653
0.11037617160666667,3924.9853130963693
0.11198603711666667,3930.9374884808567
0.11230801024666669,3936.889663865344
0.11198603711666667,3942.841839216548
0.11305928085,3948.7940146343194
0.11241533461666668,3954.746189985523
0.11144941528,3960.698365370011
0.11348857835,3966.6505407212144
0.11209336151666666,3972.6027161389857
0.11198603717666666,3978.554891456906
0.11209336154333334,3984.507066874677
0.11123476660666666,3990.459242225881
0.11059082040333335,3996.4114176103685
0.11069814477333334,4002.36359302814
0.10876630616666666,4008.315768379344
0.10930292800000001,4014.267943763831
0.10941025236666667,4020.2201191150352
0.10769306249666666,4026.1722944995226
0.1075857381,4032.124469850726
0.10833700866666666,4038.0766452684975
0.10780038683333333,4044.0288206197015
0.1076930625,4049.980996004189
0.10651249439666666,4055.933171355393
0.10844433306666668,4061.8853467398803
0.10876630616666667,4067.8375221576516
0.10962490110333334,4073.7896975088556
0.10930292796999998,4079.741872893343
0.1082296843,4085.694048244547
0.10715644059666667,4091.646223662318
0.10704911623,4097.598398980238
0.10619052123666667,4103.550574398009
0.1078003868,4109.502749749214
0.10737108933333334,4115.454925133701
0.1062978456,4121.407100484905
0.10543925069666667,4127.359275902676
0.10458065575999999,4133.311451287163
0.10468798009666669,4139.263626638367
0.10264881706000001,4145.215802022854
0.10393670949333333,4151.167977374059
0.10361473639666667,4157.12015279183
0.10275614142666667,4163.072328143034
0.10125360022666667,4169.024503527521
0.10114627582666665,4174.976678878726
0.10082430269666666,4180.928854263213
0.09857049092666666,4186.881029614417
0.0992144371,4192.833205032188
0.09749724719666668,4198.785380416675
0.09728259849666666,4204.737555767879
0.09384821866,4210.68973118565
0.09266765059333333,4216.641906503571
0.09363356989666666,4222.594081921342
0.09062848759333335,4228.5462572725455
0.09009186572666668,4234.498432657033
0.08418902542666667,4240.450608008237
0.08257915992666666,4246.402783426008
0.08096929436333332,4252.354958743928
0.07882280699666666,4258.3071341617
0.07817886078666668,4264.259309512903
0.07699829270333335,4270.211484897391
0.07452983224666666,4276.163660315162
0.07399321040333333,4282.115835666366
0.07088080374333333,4288.068011050854
0.06959291132666666,4294.020186402057
0.06712445088333334,4299.972361786545
0.06476331478,4305.924537137749
0.06208020557999999,4311.87671255552
0.06250950305333335,4317.828887906724
0.060899637549999996,4323.7810632912115
0.05907512331333333,4329.733238642415
0.06047034007666668,4335.685414026902
0.058216528356666665,4341.637589444674
0.05896779892666667,4347.589764795878
0.05939709639333334,4353.541940180366
0.057465257783333334,4359.494115531569
0.05692863594,4365.44629094934
0.05886047457333333,4371.398466267261
0.056392014123333334,4377.350641685032
0.05778723091000001,4383.302817036236
0.05767990652999999,4389.254992420723
0.05660666285666666,4395.207167771927
0.05564074355333334,4401.159343189698
0.056070041033333344,4407.1115185741855
0.053172283136666665,4413.06369392539
0.05349425622666667,4419.015869309877
0.05413820243333334,4424.968044661081
0.05413820245333333,4430.920220078852
0.053816229353333335,4436.872395430056
0.05424552682,4442.824570814544
0.05370890499,4448.776746165748
0.05403087810666667,4454.728921550235
0.05360158064933334,4460.681096901439
0.05499679742666667,4466.63327231921
0.054352851220000005,4472.585447703697
0.05413820248833332,4478.537623054902
0.05381622938333334,4484.489798472673
0.053494256253333324,4490.441973790593
0.054567499967,4496.394149208364
0.05488947307033334,4502.346324559568
0.05263566134666667,4508.298499944056
0.05467482433,4514.2506752952595
0.05553341924333333,4520.202850713031
0.055533419236666666,4526.155026064234
0.05521144614,4532.107201448722
0.057572582223333335,4538.059376833209
0.05832385278666666,4544.011552184414
0.058431177153333326,4549.963727602185
0.05971906954666667,4555.9159029533885
0.058216528393333335,4561.868078337876
0.05918244769666667,4567.820253689079
0.060148367023333336,4573.772429073568
0.060041042646666674,4579.724604424771
0.05961174517666667,4585.676779842543
0.060148367023333336,4591.628955193746
0.05853850152,4597.581130578234
0.0588604746,4603.533305996005
0.05886047460333333,4609.485481347209
0.05939709641666666,4615.437656731697
0.059182447699999995,4621.3898320829
0.05821652837666667,4627.342007467388
0.05607004101666666,4633.294182818592
0.05617736541333334,4639.2463582363625
0.05510412172333334,4645.198533587567
0.05585539229666667,4651.150708972054
0.05607004104,4657.102884323258
0.05585539230333333,4663.055059707745
0.055640743563333324,4669.007235125517
0.055962716659999995,4674.959410476721
0.05617736540999999,4680.911585861209
0.05177706641333333,4686.863761212412
0.056821311623333336,4692.8159365968995
0.05574806795666667,4698.768111948104
0.05714328472,4704.720287365874
0.05499679736333333,4710.672462717079
0.05628468978666667,4716.624638101566
0.05574806797,4722.57681345277
0.05714328474,4728.528988870541
0.058431177169999994,4734.4811642550285
0.058645825863333334,4740.433339606233
0.05735793346,4746.38551499072
0.05896779898000001,4752.337690341924
0.05810920403,4758.289865759695
0.060684988873333325,4764.242041110899
0.060792313226666665,4770.194216495386
0.06122161068333334,4776.146391846591
0.06014836702666667,4782.098567231078
0.060577664479999994,4788.050742582282
0.06304612493999999,4794.002918000053
0.061758232543333326,4799.955093351257
0.06315344931,4805.907268735745
0.06315344933333335,4811.859444120232
0.06186555693,4817.811619471436
0.06272415185333334,4823.763794889207
0.06476331487666666,4829.715970240411
0.06594388289,4835.668145624899
0.06594388293666667,4841.620320976102
0.06594388295666666,4847.572496393874
0.06701712664666666,4853.524671711793
0.06927093834,4859.476847129565
0.06937826273666667,4865.429022480769
0.06980756022333334,4871.381197865257
0.07055883080666667,4877.333373283028
0.07206137197,4883.285548634231
0.07206137196666666,4889.237724018719
0.07356391312333334,4895.189899369922
0.07367123748,4901.142074754411
0.07420785931666667,4907.094250105614
0.07259799380666666,4913.046425523386
0.07474448118,4918.998600874589
0.07463715677666667,4924.9507762590765
0.07452983241,4930.902951610281
0.07442250807333334,4936.855126994768
0.07495912991,4942.80730241254
0.07152475010666666,4948.759477763743
0.07066615517333334,4954.711653148231
0.07131010136666667,4960.663828499434
0.07313461561,4966.6160039172055
0.07012953334333333,4972.568179235126
0.07055883080666667,4978.520354652897
0.06948558714333333,4984.472530004101
0.07120277700666666,4990.424705388588
0.06937826278666667,4996.376880739793
0.07002220898333333,5002.329056157564
0.06787572157666667,5008.2812315420515
0.06766107287999999,5014.233406893255
0.06465599058333334,5020.1855822777425
0.06562190988666666,5026.137757628946
0.06358274693,5032.089933046717
0.06454866622333334,5038.042108397922
0.06208020575666667,5043.994283782409
0.06433401745666667,5049.946459133613
0.06390472003333332,5055.8986345181
0.06315344943666666,5061.850809869305
0.06175823267333334,5067.802985287076
0.06165090832,5073.755160671563
0.06358274691,5079.707336022767
0.06132893518666666,5085.659511440538
0.06079231339,5091.611686758459
0.06293880071666666,5097.563862176229
0.06175823269,5103.516037527434
0.06326077380333334,5109.468212911921
0.06165090832,5115.420388263125
0.062402178893333334,5121.372563680896
0.06326077385333333,5127.324738998816
0.06379739564666666,5133.276914416588
0.06444134188,5139.229089801075
0.06690980232333334,5145.181265152279
0.06873431656333333,5151.13344057005
0.06862699221666667,5157.0856159212535
0.07012953333,5163.037791305741
0.06862699218333333,5168.989966656945
0.07002220895666667,5174.942142041433
0.07184672319333334,5180.894317392636
0.07195404756,5186.846492810408
0.07313461559000001,5192.798668161612
0.07206137189666666,5198.7508435460995
0.07291996682666667,5204.703018963871
0.07399321049666667,5210.6551942817905
0.07345658863,5216.607369699562
0.07367123736666666,5222.559545050765
0.07410053482333333,5228.511720435253
0.07334926424666667,5234.463895786457
0.07399321041666666,5240.4160712042285
0.07560307595,5246.368246522148
0.07345658857666666,5252.3204219399195
0.07581772465999999,5258.272597291124
0.07388588602,5264.224772675611
0.07528110279,5270.176948093383
0.07592504899666666,5276.129123444586
0.07603237335333334,5282.081298829074
0.07613969773,5288.033474180277
0.07646167082666666,5293.985649564765
0.07646167085333333,5299.937824915969
0.07678364392666667,5305.89000033374
0.07710561702666667,5311.842175684944
0.07807153636666667,5317.794351069431
0.07710561703666667,5323.746526420636
0.07753491450333333,5329.698701805123
0.07807153634333334,5335.650877156327
0.07817886071666667,5341.603052574098
0.07871548256000001,5347.555227958585
0.07968140186333333,5353.507403309789
0.08032534807666666,5359.45957872756
0.08032534806333334,5365.411754045481
0.08021802367000001,5371.363929463252
0.07968140185,5377.316104814456
0.08043267242,5383.268280198943
0.07850083378333333,5389.220455550148
0.07774956322,5395.172630967918
0.07839350942666666,5401.124806319122
0.07764223884999999,5407.07698170361
0.07656899517,5413.029157088097
0.07646167078666667,5418.981332439301
0.07291996663666667,5424.933507857072
0.07345658849999999,5430.8856832082765
0.07313461538999999,5436.837858592764
0.07281264226999999,5442.7900339439675
0.07055883056333334,5448.742209328455
0.07023685746,5454.694384679659
0.06690980205333334,5460.646560097431
0.06583655838333334,5466.598735448634
0.06658782894,5472.550910833122
0.06519261217333334,5478.503086250893
0.06283147608333332,5484.4552616020965
0.06293880045,5490.407436986584
0.062402178610000004,5496.359612337788
0.06283147608333334,5502.311787722276
0.06132893493333333,5508.263963073479
0.061758232413333336,5514.216138491251
0.061436259306666664,5520.168313842454
0.060041042536666665,5526.1204892269425
0.06025569127333333,5532.072664578146
0.06122161058333333,5538.024839962633
0.06025569128333333,5543.977015380405
0.059826393809999996,5549.929190731608
0.05950442072,5555.881366116096
0.05843117705,5561.8335414673
0.05810920395666666,5567.785716851788
0.05800187959333333,5573.737892202991
0.057465257746666665,5579.690067620762
0.05542609476666668,5585.642242971966
0.05521144606,5591.594418356454
0.054245526753333335,5597.546593707658
0.05263566126666667,5603.498769125429
0.05177706633333334,5609.450944509917
0.051240444493333336,5615.40311986112
0.05124044450666667,5621.3552952456075
0.052099039449999995,5627.307470596812
0.052099039443333335,5633.259646014583
0.05145509326666667,5639.211821365787
0.05070382269166666,5645.163996750274
0.05027452521,5651.116172101479
0.04995255213533333,5657.068347485966
0.048664659742666656,5663.02052283717
0.047054794231,5668.972698254941
0.04845001099466666,5674.924873639428
0.04791338915166667,5680.877048990632
0.048986632816666674,5686.829224375119
0.049308605947999996,5692.781399726324
0.04877198410466666,5698.733575144095
0.04823536226333333,5704.685750495299
0.048986632833666666,5710.637925879786
0.04845001098933333,5716.5901012309905
0.049415930276666666,5722.542276648761
0.04855733536,5728.4944519666815
0.047376767311333334,5734.446627384453
0.04769874039666667,5740.39880276894
0.04909395717,5746.350978120144
0.04641084798666667,5752.303153537915
0.04651817236,5758.2553288891195
0.04480098247,5764.207504273607
0.046840145416666666,5770.15967962481
0.045122955543333336,5776.111855009298
0.044586333693333334,5782.064030360502
0.045230279883333335,5788.016205778273
0.04458633369,5793.968381129477
0.04469365805,5799.920556513965
0.043513090010000005,5805.872731898452
0.04533760424666667,5811.824907249656
0.04447900930999999,5817.777082667427
0.045981550436666664,5823.729258018631
0.04780606466,5829.681433403119
0.046196199156666666,5835.633608754322
0.04812803777333333,5841.585784172094
0.04845001087333334,5847.537959490014
0.046947469740000004,5853.4901349077845
0.04941593017666667,5859.442310258989
0.04930860581333333,5865.394485643476
0.050167200743333334,5871.34666099468
0.05124044440333333,5877.298836412451
0.051455093156666666,5883.251011796939
0.051347768786666664,5889.203187148143
0.053494256139999995,5895.1553625326305
0.05435285105333334,5901.107537883834
0.055318770373333326,5907.059713301605
0.0558553922,5913.011888652809
0.05542609472666667,5918.964064037297
0.05692863587666667,5924.916239388501
0.05896779886333333,5930.868414772988
0.05800187954,5936.820590124192
0.060470339983333336,5942.772765541963
0.061328934923333335,5948.7249409264505
0.06111428618333333,5954.677116277655
0.06272415169666666,5960.629291695426
0.06326077353333333,5966.581467013346
0.06422669283,5972.533642431117
0.06551458525333333,5978.485817782321
0.06798304570000001,5984.437993166809
0.06959291121666666,5990.390168518013
0.07023685744333333,5996.342343935784
0.07302729100666668,6002.294519253704
0.07249066915666667,6008.246694671475
0.073027291,6014.198870055962
0.07613969768,6020.151045407167
0.07646167080666667,6026.103220824938
0.07935942876,6032.055396176142
0.07903745565333332,6038.007571560629
0.07957407749333333,6043.959746911833
0.08086196989666668,6049.911922296321
0.08386705224333335,6055.864097647524
0.08451099845333333,6061.816273065296
0.08612086398333334,6067.768448416499
0.08622818837666667,6073.720623800987
0.08816002699666665,6079.672799218758
0.09073581187333334,6085.624974536679
0.09223835305,6091.57714995445
0.09084313626,6097.529325305653
0.09256032617666667,6103.481500690141
0.09363356987,6109.433676041344
0.09502878665999999,6115.385851459116
0.09749724714666667,6121.338026777036
0.09567273288666667,6127.2902021948075
0.09610203035666669,6133.242377546011
0.09738992282333332,6139.1945529304985
0.09588738164999999,6145.14672834827
0.09696062533,6151.098903699474
0.09717527406333333,6157.051079083962
0.09706794968999999,6163.003254435165
0.09771189592,6168.955429819653
0.09846316653,6174.907605170857
0.09857049086999999,6180.8597805886275
0.09696062537333335,6186.811955939832
0.09760457158333334,6192.764131324319
0.09685330098666667,6198.716306675523
0.09696062537666666,6204.66848206001
0.09696062537666666,6210.620657477782
0.09631667914666668,6216.572832828986
0.09663865227000001,6222.5250082134735
0.09781922032000001,6228.477183564677
0.09685330100666667,6234.429358982448
0.09545808422666667,6240.381534300369
0.09470681362666666,6246.333709718139
0.09631667914999999,6252.285885069344
0.09449216486,6258.238060453831
0.09245300190666667,6264.190235805035
0.09137975820666666,6270.142411222806
0.09095046076,6276.094586607293
0.09052116326,6282.046761958498
0.08901862208333333,6287.998937342985
0.08697945907,6293.951112694189
0.08590621537000002,6299.90328811196
0.08494029606000002,6305.855463463164
0.08558424226666667,6311.807638847651
0.08300845742333333,6317.759814198856
0.08290113308333334,6323.711989583343
0.08172056501333333,6329.6641649345465
0.07946675324333334,6335.616340352318
0.08064732134000001,6341.568515736805
0.08129126754666667,6347.52069108801
0.08257915995666666,6353.472866505781
0.08064732131,6359.4250418569845
0.08172056499000001,6365.377217241472
0.08193521369666666,6371.3293925926755
0.08129126749666667,6377.281567977164
0.08193521370000001,6383.233743328367
0.08118394313333334,6389.185918746139
0.08011069943333333,6395.138094097342
0.08129126747666666,6401.09026948183
0.08236451116,6407.042444833034
0.08172056492333334,6412.9946202175215
0.08236451114,6418.946795635293
0.08075464562333333,6424.898970986496
0.08172056492666667,6430.851146370984
0.08161324054333334,6436.803321722187
0.08161324054,6442.755497106676
0.08322310605666668,6448.707672457879
0.08096929431333334,6454.6598478756505
0.08172056487666667,6460.612023226854
0.08182788924666666,6466.564198611341
0.08257915982666668,6472.516373962546
0.08021802371,6478.468549380316
0.08086196989333334,6484.420724764805
0.08011069930333334,6490.372900116008
0.07796421194,6496.325075500496
0.07850083378,6502.277250851699
0.07742759009666667,6508.22942626947
0.07753491446666667,6514.181601620675
0.07538842709666667,6520.133777005162
0.07420785905,6526.085952356366
0.07238334479666667,6532.038127740853
0.07216869606,6537.990303092058
0.07281264228333334,6543.942478509829
0.07088080364666667,6549.894653894316
0.06905628939666668,6555.84682924552
0.07034418182333334,6561.799004630007
0.06744642388,6567.751179981211
0.06916361378,6573.703355398982
0.06776839701666666,6579.655530750187
0.06766107263666667,6585.607706134674
0.06615853149333334,6591.559881485878
0.06637318023333334,6597.512056903649
0.06583655838666667,6603.46423222157
0.06401204412333333,6609.416407639341
0.06326077353666666,6615.368583023828
0.06132893493,6621.320758375032
0.06175823242333334,6627.272933792803
0.06197288113333333,6633.225109144007
0.06025569125666667,6639.177284528494
0.058323852666666655,6645.1294598796985
0.05864582575666666,6651.081635264186
0.05660666277666667,6657.0338106153895
0.056713987146666665,6662.985986033161
0.05424552670333333,6668.938161384364
0.054245526706666665,6674.890336768853
0.051240444430000004,6680.84251215334
0.05209903936666666,6686.794687504544
0.05285030992666667,6692.746862922315
0.0513477688,6698.699038273518
0.05102579569333334,6704.651213658006
0.04920128144666666,6710.60338900921
0.04963057890666667,6716.555564426982
0.04952325453666667,6722.507739744901
0.04565957733333334,6728.459915162673
0.04630352352666667,6734.412090513877
0.04415703619,6740.3642658983645
0.04297646816,6746.316441316136
0.04286914377666667,6752.268616667339
0.042976468153333336,6758.220792051827
0.04168857576666666,6764.17296740303
0.04082998081333333,6770.125142787518
0.04104462956,6776.077318138722
0.04050800772666666,6782.029493556493
0.04007871026666667,6787.981668907697
0.041044629576666665,6793.933844292184
0.03975673718,6799.886019643389
0.040829980843333336,6805.838195027876
0.039864061560000004,6811.790370445648
0.040186034669999995,6817.742545796851
0.038146871709999995,6823.6947211813385
0.03846884483,6829.646896532542
0.03782489863,6835.599071950313
0.03846884482333334,6841.551247268234
0.03868349357333334,6847.503422686005
0.03696630373,6853.455598037209
0.03707362809,6859.407773421696
0.0370736281,6865.359948772901
0.0383615205,6871.312124190671
0.04072265656666667,6877.264299575159
0.039649412896666666,6883.216474926363
0.04115195403,6889.16865031085
0.04372773882666667,6895.120825662054
0.043405765709999995,6901.073001079825
0.04458633375333334,6907.02517643103
0.04641084798666667,6912.977351815517
0.04394238756,6918.929527166721
0.04533760432666666,6924.881702551208
0.046625496716666666,6930.8338779024125
0.047698740399999995,6936.786053320183
0.04673282109000001,6942.738228671387
0.04684014546333334,6948.690404055875
0.04769874041333333,6954.642579473646
0.04802071351,6960.594754791566
0.04887930844333333,6966.546930209337
0.04973790341333333,6972.4991055605415
0.04920128158333333,6978.451280945029
0.05016720086333334,6984.403456296232
0.05124044454666667,6990.355631714004
0.05252833693333333,6996.307807031924
0.0513477689,7002.259982449696
0.05113312017333333,7008.212157800899
0.05392355370666666,7014.164333185387
0.053386931850000006,7020.116508603158
0.05628468973333334,7026.068683954361
0.057572582133333335,7032.020859338849
0.05596271663,7037.973034690053
0.05778723086666667,7043.925210074541
0.06047034003333334,7049.877385425744
0.060899637496666666,7055.8295608435155
0.060255691296666664,7061.781736194719
0.06132893496333333,7067.733911579207
0.06304612483333333,7073.686086930411
0.06315344921333334,7079.638262314898
0.06572923401666667,7085.59043773267
0.06379739541,7091.542613083873
0.06519261218333333,7097.494788468361
0.06723177516,7103.446963819565
0.06701712643666667,7109.399139237336
0.06937826252333333,7115.351314555256
0.07002220871333334,7121.303489973027
0.07131010114,7127.255665324231
0.06927093815333334,7133.207840708719
0.07066615491333333,7139.160016059923
0.07324193975,7145.112191477694
0.07506645399666667,7151.0643668621815
0.07571040019666667,7157.016542213385
0.07785688756666666,7162.9687175978725
0.07903745561333335,7168.920892949077
0.07914477997666668,7174.873068366848
0.08118394297333333,7180.825243718052
0.08011069927999999,7186.777419102539
0.08150591606666667,7192.729594453744
0.08279380848666668,7198.681769838231
0.08268648411,7204.633945189435
0.08375972779,7210.586120607206
0.08472564712666668,7216.538295991693
0.08483297149333334,7222.490471342897
0.08569156643666666,7228.442646760668
0.08418902527,7234.394822078589
0.08375972779666667,7240.34699749636
0.08569156644999999,7246.299172847564
0.08494029585333333,7252.251348232051
0.08644283702,7258.203523583255
0.08526226896666667,7264.155699001026
0.08558424206666666,7270.10787435223
0.0876234051,7276.060049736718
0.08633551266,7282.012225121205
0.08805270257000002,7287.964400472409
0.08837467565333333,7293.91657589018
0.08976989246666667,7299.868751241384
0.08869664877,7305.820926625872
0.08934059499333334,7311.773101977075
0.08730143198666666,7317.725277361563
0.08708678326666668,7323.677452712767
0.08794537821,7329.629628130538
0.08987721685666666,7335.581803481742
0.08880397314666666,7341.5339788662295
0.08837467569666667,7347.486154284001
0.08826735132666667,7353.438329635204
0.08869664882666667,7359.390505019692
0.09223835298000001,7365.342680370896
0.08955524375666667,7371.294855755384
0.08966256810333334,7377.247031106587
0.08934059502000001,7383.1992065243585
0.09159440676333334,7389.151381875562
0.09062848742,7395.1035572600495
0.09159440673333334,7401.055732611254
0.09041383868666668,7407.007907995741
0.08934059500333331,7412.960083346945
0.08923327063333332,7418.912258764716
0.09073581178333333,7424.864434149204
0.08976989245,7430.816609500408
0.08858932439,7436.7687848848955
0.08676481013333333,7442.720960236099
0.08762340506333333,7448.67313565387
0.08891129750333333,7454.625311005074
0.08708678322,7460.577486389562
0.08751608069333333,7466.529661740766
0.08644283701,7472.481837158537
0.08612086391,7478.434012476457
0.08730143196333333,7484.386187894228
0.08697945885999998,7490.338363278715
0.08569156643999999,7496.29053862992
0.08622818829333334,7502.242714047691
0.08579889082333332,7508.194889398895
0.08697945887333332,7514.147064783382
0.08676481014666666,7520.099240134586
0.08773072946333334,7526.051415519074
0.08590621519333334,7532.003590870278
0.08547691774333332,7537.955766288049
0.08805270258333335,7543.907941639252
0.08665748579999999,7549.86011702374
0.08826735132,7555.812292408227
0.08644283707666667,7561.764467759432
0.08783805388333334,7567.716643177203
0.08526226906666667,7573.6688185284065
0.08504762033,7579.620993912894
0.08536959339666667,7585.5731692640975
0.08461832283,7591.525344681869
0.08311578168333333,7597.477519999789
0.08290113296333333,7603.429695417561
0.08257915986999999,7609.381870768764
0.08096929431333334,7615.334046153252
0.08161324053,7621.286221571023
0.08172056489333333,7627.238396922227
0.08107661872000001,7633.190572306715
0.08043267247666668,7639.142747657918
0.07903745572333333,7645.094923042406
0.07774956328666666,7651.047098393609
0.07635434651,7656.999273811381
0.07656899522666667,7662.951449162585
0.07474448098666667,7668.9036245470725
0.07334926418,7674.855799898276
0.07066615497666667,7680.807975282763
0.07002220875666666,7686.760150700535
0.06980756002666666,7692.712326051739
0.06851966761,7698.664501436227
0.06937826253333333,7704.61667678743
0.07023685747333334,7710.568852205201
0.06723177515666667,7716.521027523122
0.06723177513666667,7722.473202940892
0.06851966756666666,7728.425378292097
0.06787572133,7734.377553676584
0.06658782891333333,7740.329729027788
0.06755374822,7746.281904445559
0.06583655833,7752.2340798300465
0.06648050454,7758.186255181251
0.06744642384666666,7764.138430565738
0.06755374821666667,7770.090605916942
0.06637318016666667,7776.042781334713
0.06733909947333333,7781.994956685917
0.06744642384666667,7787.947132070404
0.06905628936,7793.899307421609
0.07055883050666667,7799.851482806096
0.06894896498666667,7805.8036581573
0.06916361372333334,7811.755833575071
0.07045150613333334,7817.708008959558
0.07066615487333333,7823.660184310763
0.07152474981333333,7829.612359728534
0.07173939854333333,7835.564535046454
0.06991488428999999,7841.516710464225
0.07109545234666667,7847.468885815429
0.07002220866333334,7853.421061199916
0.07388588590999999,7859.3732365511205
0.07377856154,7865.325411968892
0.07259799349666667,7871.2775872868115
0.07206137165,7877.229762704583
0.07270531786666666,7883.18193808907
0.07152474981666666,7889.134113440275
0.07206137165333333,7895.086288858046
0.07152474981666666,7901.0384642092495
0.06959291118666666,7906.990639593737
0.06787572130333334,7912.94281494494
0.06787572131000001,7918.894990329429
0.06894896497999999,7924.847165680632
0.07023685739666667,7930.799341098404
0.06970023556,7936.751516449607
