Average lockin_signal,Ion velocity
0.054030878000000004,-5977.744519726522
0.05886047450999999,-5971.724319486584
0.057894555193333336,-5965.704119246646
0.057250609003333335,-5959.683919006708
0.05735793335,-5953.663718766769
0.05778723081666667,-5947.643518526831
0.05725060898333333,-5941.623318286893
0.05918244758333333,-5935.6031180469545
0.06004104253333333,-5929.582917807016
0.05832385265,-5923.562717633645
0.05821652827666666,-5917.5425173937065
0.056821311506666666,-5911.522317153768
0.05821652827666666,-5905.50211691383
0.056392014039999994,-5899.481916673892
0.05660666277666666,-5893.461716367386
0.05145509310333333,-5887.441516127447
0.056821311506666666,-5881.421315887509
0.056177365306666664,-5875.401115714138
0.055640743463333336,-5869.380915474199
0.055104121633333336,-5863.360715234261
0.05370890486,-5857.340514994323
0.05242101246666667,-5851.3203147543845
0.05220636374666667,-5845.300114514446
0.050059876413333336,-5839.279914274507
0.047591415963333335,-5833.259714034569
0.04694746978666667,-5827.2395137946305
0.044800982456666666,-5821.219313554692
0.04480098244,-5815.199113314754
0.042761819496666666,-5809.1789131413825
0.042010548923333335,-5803.158712834877
0.04158125144666667,-5797.138512594939
0.03857616919666667,-5791.118312355001
0.038898142303333334,-5785.098112115063
0.037180952430000004,-5779.077911875123
0.03782489862333333,-5773.057711635185
0.03600038439,-5767.037511395247
0.0350344651,-5761.017311155309
0.036215033146666666,-5754.997110981937
0.03546376257,-5748.976910741999
0.03492714072666667,-5742.956710502061
0.035893060026666666,-5736.936510262122
0.0376102499,-5730.916310022184
0.03868349356,-5724.896109782246
0.03782489862,-5718.875909542307
0.03975673721,-5712.855709235801
0.03954208845999999,-5706.835508995863
0.04040068341,-5700.815308822493
0.041259278350000005,-5694.795108582553
0.04201054893,-5688.774908342615
0.044693658086666664,-5682.754708102677
0.04576690176333333,-5676.734507862739
0.048342686553333326,-5670.7143076228
0.04791338908,-5664.694107382862
0.05027452516666667,-5658.673907142924
0.050703822653333334,-5652.6537069029855
0.05134776884666667,-5646.633506663047
0.05231368814,-5640.613306423108
0.05349425617333333,-5634.5931062497375
0.056499338479999994,-5628.572906009799
0.055640743533333335,-5622.552705769861
0.05746525775333334,-5616.532505463355
0.05767990650666668,-5610.512305223417
0.05757258214333333,-5604.492104983478
0.059504420746666675,-5598.47190474354
0.058538501433333334,-5592.451704503602
0.059933718203333326,-5586.431504263663
0.059826393843333325,-5580.411304090292
0.06079231315,-5574.391103850354
0.05993371819333334,-5568.370903610416
0.06122161062,-5562.350703370477
0.06250950303666668,-5556.330503130538
0.06122161062333333,-5550.3103028906
0.06304612488,-5544.2901026506615
0.06304612489666667,-5538.269902410723
0.06240217871333333,-5532.249702170785
0.06358274673,-5526.229501930847
0.06358274675,-5520.209301690908
0.06122161067,-5514.18910145097
0.06100696196333333,-5508.168901211032
0.05853850155333332,-5502.148700971093
0.059719069616666655,-5496.128500731154
0.057143284786666665,-5490.108300491216
0.057465257933333326,-5484.088100251278
0.05692863610666667,-5478.06790001134
0.05714328481,-5472.047699771401
0.05939709653,-5466.02749959803
0.05864582597,-5460.007299358092
0.061328935153333326,-5453.987099118153
0.06304612502333333,-5447.966898878215
0.06594388293666666,-5441.946698638277
0.06723177535333334,-5435.9264983983385
0.06851966778666667,-5429.9062980918325
0.07023685764333333,-5423.886097851894
0.07184672317333334,-5417.865897611956
0.07334926434333333,-5411.8456974385845
0.07377856179666667,-5405.825497198646
0.07613969787,-5399.805296958708
0.07699829279999999,-5393.78509671877
0.07882280707333333,-5387.764896478831
0.08064732131,-5381.744696238893
0.08408170109666667,-5375.724495998955
0.08257915998,-5369.7042957590165
0.0854769179,-5363.684095519078
0.08504762044333335,-5357.663895279139
0.08569156667,-5351.643695039201
0.08665748602,-5345.62349486583
0.08826735156666665,-5339.603294559324
0.08762340533666667,-5333.583094319386
0.08826735157999999,-5327.562894079448
0.09127243390666667,-5321.542693839509
0.08901862218333334,-5315.522493599571
0.08869664913666665,-5309.502293359633
0.0914870827,-5303.482093119694
0.09019919028666668,-5297.461892879755
0.08987721717666668,-5291.441692706385
0.09062848781333332,-5285.421492466447
0.09095046091333332,-5279.401292226508
0.08934059538333333,-5273.381091986569
0.08901862226,-5267.360891746631
0.08805270293,-5261.340691506693
0.08740875671333333,-5255.320491266754
0.08740875673666666,-5249.300290960248
0.08655016173666667,-5243.28009072031
0.08569156682333333,-5237.2598905469395
0.08483297188666666,-5231.239690307001
0.08601353992,-5225.219490067063
0.08386705254,-5219.199289827124
0.08257916013666668,-5213.179089587185
0.08118394333666668,-5207.158889347247
0.08150591642999999,-5201.138689107309
0.07785688792333334,-5195.118488867371
0.07742759042333333,-5189.098288627432
0.07807153665666668,-5183.078088387494
0.07753491475666667,-5177.057888147556
0.07635434675333334,-5171.037687974184
0.07452983245333333,-5165.017487734246
0.07592504925333333,-5158.997287494308
0.07431518368666666,-5152.977087187802
0.07571040042666667,-5146.9568869478635
0.07474448112333333,-5140.936686707925
0.07613969789333333,-5134.916486467987
0.07399321052333334,-5128.896286228049
0.07410053486,-5122.876086054677
0.07291996679333333,-5116.855885814739
0.07216869622333334,-5110.835685574801
0.07249066929333334,-5104.815485334862
0.07238334496,-5098.795285094924
0.07077347939,-5092.775084854986
0.06819769455333334,-5086.754884615048
0.06723177522666667,-5080.734684375109
0.06701712649333334,-5074.71448413517
0.06369007106666667,-5068.694283895232
0.06336809794333333,-5062.6740836552935
0.06369007104333334,-5056.653883415355
0.06111428620666667,-5050.633683175417
0.05928977195333333,-5044.613482935479
0.05725060895333334,-5038.59328269554
0.056392014016666665,-5032.573082455602
0.054567499766666666,-5026.552882215664
0.05134776874,-5020.532681975725
0.049523254503333336,-5014.512481735786
0.04973790324333333,-5008.492281495848
0.047162118440000005,-5002.472081322478
0.046410847873333334,-4996.451881082539
0.04458633364333333,-4990.4316808426
0.044264360553333326,-4984.411480602662
0.04276181941333334,-4978.391280362724
0.04050800772333333,-4972.371080122785
0.04093730519666667,-4966.350879816279
0.039005466610000004,-4960.330679576341
0.03718095239,-4954.310479336403
0.03578573562666667,-4948.290279163032
0.035356438153333336,-4942.270078923094
0.034283194510000004,-4936.249878683155
0.03600038436333333,-4930.2296784432165
0.037824898589999996,-4924.209478203278
0.03793222295333333,-4918.18927796334
0.03782489858333333,-4912.169077723402
0.03922011534666667,-4906.148877483463
0.04018603462333333,-4900.128677243525
0.04072265645333334,-4894.108477003587
0.04362041436333333,-4888.0882767636485
0.04533760421666667,-4882.068076590277
0.04619619914666667,-4876.047876283771
0.04533760421666666,-4870.027676043833
0.04941593015,-4864.0074758038945
0.04855733522333333,-4857.987275563956
0.04941593015,-4851.967075324018
0.05113312001666667,-4845.94687508408
0.05252833679,-4839.926674844141
0.0544601754,-4833.906474604203
0.05381622920999999,-4827.886274430832
0.05413820229666667,-4821.866074190893
0.05370890483666666,-4815.845873950955
0.05574806780666667,-4809.825673711017
0.05467482414666667,-4803.805473471079
0.05542609470666667,-4797.78527323114
0.05403087794,-4791.765072991201
0.05607004091666667,-4785.744872684696
0.05800187952,-4779.724672511325
0.05607004091666667,-4773.704472271386
0.054030877936666666,-4767.684272031448
0.05617736528,-4761.66407179151
0.05660666276666667,-4755.6438715515715
0.05553341908,-4749.623671311633
0.05553341909666667,-4743.603471071695
0.05403087796,-4737.583270831756
0.053816229233333325,-4731.563070591817
0.05478214855666667,-4725.542870351879
0.052206363730000004,-4719.522670111941
0.05242101247666667,-4713.502469872003
0.05349425615666666,-4707.482269698631
0.05327960742666666,-4701.462069458693
0.05048917388333333,-4695.441869218755
0.05027452516666667,-4689.4216689122495
0.05188439068333334,-4683.40146867231
0.048664659676666666,-4677.381268432372
0.04684014545,-4671.361068192434
0.04662549671666666,-4665.3408679524955
0.04619619925333334,-4659.320667779125
0.04490830684666667,-4653.300467539186
0.044264360653333334,-4647.2802672992475
0.04372773881666667,-4641.260067059309
0.045122955590000006,-4635.239866819371
0.044586333750000005,-4629.219666579433
0.043835063156666666,-4623.199466339494
0.04480098245,-4617.179266099556
0.045874226116666666,-4611.159065859618
0.043942387490000005,-4605.13886561968
0.04608887483333333,-4599.11866537974
0.04759141594999999,-4593.098465139802
0.04984522765666668,-4587.078264899864
0.04866465960666667,-4581.058064659926
0.04898663271333334,-4575.037864419987
0.05016720073666667,-4569.017664180049
0.04995255199,-4562.997463940111
0.0522063637,-4556.977263700172
0.05209903931666667,-4550.957063460234
0.05263566115666666,-4544.936863220296
0.05349425608333334,-4538.916663046924
0.05499679722666667,-4532.896462806986
0.055211445959999994,-4526.876262567048
0.057035960200000006,-4520.85606232711
0.05682131146666667,-4514.835862087171
0.059289771910000004,-4508.815661847232
0.05896779880333334,-4502.795461540727
0.058645825706666675,-4496.775261300789
0.058538501333333326,-4490.7550610608505
0.059826393740000004,-4484.734860887479
0.05843117696,-4478.714660647541
0.059504420636666666,-4472.6944604076025
0.05789455512333334,-4466.674260167664
0.05810920385666667,-4460.654059927726
0.05671398708666667,-4454.633859687787
0.05778723076,-4448.6136594478485
0.05703596018999999,-4442.59345920791
0.054996797210000004,-4436.573258967972
0.05403087790666666,-4430.553058728034
0.05113312,-4424.532858488095
0.04404971179,-4418.512658314724
0.04920128141333333,-4412.492458008219
0.04877198395000001,-4406.4722577682805
0.047376767193333336,-4400.452057528341
0.046732821003333334,-4394.431857288403
0.047162118489999995,-4388.411657048465
0.046625496659999995,-4382.3914568085265
0.04737676723333333,-4376.371256568588
0.04748409161666667,-4370.35105632865
0.04512295555666667,-4364.3308561552785
0.04834268657333333,-4358.31065591534
0.05027452518666667,-4352.290455675402
0.04920128154666667,-4346.270255435464
0.05091847142666667,-4340.250055195525
0.04930860592,-4334.229854955587
0.05113312016333333,-4328.209654715649
0.049845227783333335,-4322.189454409143
0.05263566135666666,-4316.169254235771
0.05199171513333334,-4310.149053995833
0.05231368824666666,-4304.128853755895
0.05617736549666666,-4298.108653515957
0.05639201423,-4292.088453276018
0.05735793352333334,-4286.06825303608
0.059182447793333336,-4280.048052796142
0.06089963769666667,-4274.0278525562035
0.06304612504666667,-4268.007652316265
0.06422669308333333,-4261.987452076327
0.06411936871666667,-4255.967251836388
0.06669515354,-4249.947051663017
0.06690980228,-4243.926851423079
0.06991488458666666,-4237.906651183141
0.07023685766666667,-4231.886450943201
0.07227602064000001,-4225.866250636696
0.07216869630333334,-4219.846050396758
0.07399321054666667,-4213.82585015682
0.07613969791,-4207.8056499168815
0.07560307607333333,-4201.785449676942
0.07463715676666667,-4195.765249503572
0.07807153654333333,-4189.7450492636335
0.07742759030666667,-4183.724849023695
0.07871548274,-4177.704648783757
0.07764223906666667,-4171.684448543818
0.0778568878,-4165.6642483038795
0.08032534824333333,-4159.644048063941
0.08053999700666666,-4153.623847824003
0.08118394317666668,-4147.603647584065
0.08161324064333335,-4141.583447344126
0.07989605074333335,-4135.563247104188
0.08086197007666666,-4129.54304686425
0.08204253811333334,-4123.522846624312
0.08257915995,-4117.502646384372
0.08182788941,-4111.482446144434
0.08161324067666667,-4105.462245904496
0.08150591630666666,-4099.442045664558
0.08150591630666666,-4093.4218454246193
0.08322310618,-4087.401645184681
0.08182788941000001,-4081.3814449447427
0.08214986248333334,-4075.3612447713713
0.08322310618333333,-4069.341044531433
0.08279380869,-4063.3208442914947
0.08182788938,-4057.3006440515564
0.08032534821666666,-4051.280443811618
0.08161324067666667,-4045.2602435716794
0.08118394315333333,-4039.240043265174
0.08011069951333333,-4033.2198430252356
0.07935942894666667,-4027.1996427852973
0.07925210458333333,-4021.179442611926
0.07968140205,-4015.1592423719876
0.07882280709666667,-4009.1390421320493
0.08032534827333333,-4003.118841892111
0.08021802388,-3997.098641652173
0.07925210457666666,-3991.078441412234
0.07807153651666666,-3985.0582411722958
0.07935942896999999,-3979.0380409323575
0.07860815835666667,-3973.017840692419
0.07871548273666668,-3966.997640452481
0.07678364414333333,-3960.977440212542
0.07624702227666666,-3954.957240039171
0.07571040048333333,-3948.9370397326657
0.07485180555333333,-3942.9168394927274
0.07646167106,-3936.8966392527886
0.07399321062333333,-3930.8764390128504
0.07442250809333333,-3924.856238772912
0.07538842743333334,-3918.836038532974
0.07656899548,-3912.8158382930355
0.07742759039999998,-3906.795638119664
0.07774956352333333,-3900.775437879726
0.07656899544666666,-3894.7552376397875
0.07817886095666667,-3888.7350373998493
0.08000337518666667,-3882.714837159911
0.07882280715,-3876.6946369199723
0.08150591633333333,-3870.674436680034
0.08365240369333334,-3864.6542364400957
0.08343775499333334,-3858.63403613359
0.08397437680999999,-3852.613835960219
0.08451099863,-3846.5936357202804
0.08504762050333332,-3840.573435480342
0.08826735156333333,-3834.553235240404
0.0861208642,-3828.5330350004656
0.08697945913333334,-3822.512834760527
0.08665748607,-3816.4926345205886
0.08655016174,-3810.4724342806503
0.08805270290666667,-3804.452234040712
0.08773072981,-3798.4320338007738
0.08869664907000001,-3792.411833560835
0.08655016174333334,-3786.391633387464
0.08504762062666667,-3780.3714331475257
0.08461832316000001,-3774.3512329075875
0.08397437696666667,-3768.331032667649
0.08322310641333333,-3762.310832361143
0.08107661909333333,-3756.290632121205
0.08193521403333333,-3750.2704318812666
0.08214986280333335,-3744.2502316413284
0.08236451153,-3738.2300314013896
0.08268648462666665,-3732.2098312280186
0.08193521403,-3726.1896309880804
0.08354507959333334,-3720.169430748142
0.08365240386999999,-3714.149230508204
0.08365240386666667,-3708.129030268265
0.08547691813333334,-3702.108830028327
0.08365240383,-3696.0886297883885
0.08386705248,-3690.0684295484502
0.08257916008666667,-3684.048229308512
0.08494029617666667,-3678.0280290685732
0.08375972807,-3672.007828828635
0.08472564736666667,-3665.9876285886967
0.08558424229666667,-3659.9674283487584
0.08483297169666666,-3653.9472281088197
0.08547691786,-3647.9270278688814
0.08655016152666667,-3641.906827628943
0.08676481025999999,-3635.886627389005
0.08783805392999999,-3629.8664271490666
0.08730143207,-3623.846226909128
0.08740875640000001,-3617.8260266691896
0.08848200009666667,-3611.8058264958186
0.08987721687333333,-3605.7856262558803
0.08987721685666668,-3599.765426015942
0.08794537821,-3593.7452257760033
0.09030651430666665,-3587.725025536065
0.09084313613,-3581.7048252961267
0.08901862187666666,-3575.684624989621
0.08880397314,-3569.6644247496824
0.08848200001333333,-3563.6442245763114
0.08891129749,-3557.624024336373
0.08622818825666667,-3551.603824096435
0.08708678321,-3545.5836238564966
0.08483297147333334,-3539.563423616558
0.08665748574,-3533.5432233766196
0.08429634964333334,-3527.5230231366813
0.08365240343000001,-3521.502822896743
0.08397437655666667,-3515.482622656805
0.08225718666333333,-3509.462422416866
0.08333043037,-3503.4422221769278
0.08225718665666666,-3497.4220219369895
0.08139859173333333,-3491.4018217636185
0.08139859176,-3485.3816214571125
0.08096929427333334,-3479.361421217174
0.08032534812000001,-3473.341220977236
0.08182788926,-3467.3210207372977
0.08053999685333334,-3461.3008204973594
0.08064732123,-3455.2806202574207
0.08150591618666667,-3449.2604200174824
0.08075464564,-3443.2402198441114
0.07957407757333333,-3437.220019604173
0.07957407757666667,-3431.199819364235
0.08107661874666666,-3425.179619124296
0.07839350954,-3419.159418884358
0.07882280702333333,-3413.1392186444195
0.0765689953,-3407.1190184044813
0.07828618519333333,-3401.098818164543
0.07613969784,-3395.078617858037
0.07667631969,-3389.058417684666
0.07603237347000001,-3383.0382174447277
0.07506645413333334,-3377.0180172047894
0.07571040036666667,-3370.9978169648507
0.07549575163,-3364.9776167249124
0.07581772475333333,-3358.957416484974
0.07442250798666666,-3352.937216245036
0.07978872637666667,-3346.9170160050976
0.07903745583333334,-3340.896815765159
0.07882280706666667,-3334.8766155252206
0.07935942892333334,-3328.8564152852823
0.08214986246333333,-3322.8362151119113
0.08279380869,-3316.816014871973
0.08397437677000001,-3310.7958146320343
0.08343775492666666,-3304.775614392096
0.08483297169666666,-3298.7554140855905
0.08612086414000002,-3292.735213845652
0.08612086410000001,-3286.7150136057135
0.08547691788666667,-3280.694813365775
0.08676481030000001,-3274.674613125837
0.08901862206666666,-3268.654412952466
0.08719410774999999,-3262.6342127125276
0.08891129766333333,-3256.614012472589
0.09030651443666667,-3250.5938122326506
0.09180905561000001,-3244.5736119927124
0.09084313626666667,-3238.553411752774
0.09223835304333333,-3232.533211512836
0.09406286732333334,-3226.513011272897
0.09417019167,-3220.492811032959
0.09298962364666667,-3214.4726107930205
0.09417019164333333,-3208.4524105530822
0.09395554293333334,-3202.4322103131435
0.09556540845666667,-3196.4120100732052
0.09438484041,-3190.391809833267
0.09363356979,-3184.3716095933287
0.09492146223000002,-3178.3514093533904
0.094277516,-3172.3312091134517
0.09449216473,-3166.3110088735134
0.09352624540666667,-3160.290808633575
0.09438484035666667,-3154.270608393637
0.09363356978333333,-3148.250408220266
0.09449216471666666,-3142.230207980327
0.09374089413666666,-3136.210007740389
0.09374089412666668,-3130.1898075004506
0.09298962354000001,-3124.1696072605123
0.09341892101,-3118.1494070205736
0.09481413779333335,-3112.129206714068
0.09062848745333334,-3106.1090064741297
0.09245300168666666,-3100.0888063007587
0.09159440674333334,-3094.0686060608205
0.09137975800666666,-3088.0484058208817
0.09137975801333333,-3082.0282055809434
0.09084313613666666,-3076.008005341005
0.08998454118999999,-3069.987805101067
0.08880397313999999,-3063.9676048611286
0.08880397313666666,-3057.94740462119
0.08740875633333334,-3051.9272043812516
0.08719410759,-3045.9070041413133
0.08751608069666668,-3039.886803901375
0.08816002692333334,-3033.866603728004
0.08676481012,-3027.8464034880653
0.08590621516333334,-3021.82620318156
0.08590621516333334,-3015.8060029416215
0.08676481012333333,-3009.785802701683
0.08579889079333335,-3003.7656024617445
0.08558424205333333,-2997.745402221806
0.08268648411,-2991.725201981868
0.08236451100333333,-2985.7050017419297
0.08075464548666667,-2979.6848015685587
0.080325348,-2973.66460132862
0.07850083373666666,-2967.6444010886817
0.07871548248,-2961.6242008487434
0.07474448086333334,-2955.604000608805
0.07474448085666667,-2949.583800368867
0.07249066912666667,-2943.563600128928
0.07281264223,-2937.54339988899
0.07098812797666666,-2931.5231995824843
0.06776839694666666,-2925.5029994091133
0.06637318015666667,-2919.4827991691745
0.06648050453,-2913.4625989292363
0.06508528775,-2907.442398689298
0.061972881086666674,-2901.4221984493597
0.059933718106666665,-2895.4019982094214
0.06036301557666666,-2889.3817979694827
0.058001879496666665,-2883.3615977295444
0.056499338350000004,-2877.341397489606
0.05553341905,-2871.321197249668
0.05542609467666667,-2865.300997009729
0.05349425606666667,-2859.280796836358
0.05209903929333334,-2853.26059659642
0.049415930126666674,-2847.2403963564816
0.04984522758333334,-2841.2201961165433
0.04930860575333334,-2835.1999958100373
0.04769874025,-2829.179795570099
0.04544492854666667,-2823.1595953301608
0.04608887474666667,-2817.1393950902225
0.04480098235,-2811.119194850284
0.04404971179,-2805.0989946769128
0.04222519756666667,-2799.0787944369745
0.04072265644,-2793.058594197036
0.04115195390666667,-2787.038393957098
0.04136660264333333,-2781.0181937171596
0.03235135591,-2774.997993477221
0.04104462957,-2768.9777932372826
0.04211787323333333,-2762.9575929973444
0.043620414383333334,-2756.937392757406
0.041366602690000004,-2750.9171925174674
0.04222519763333333,-2744.896992277529
0.042869143843333325,-2738.876792037591
0.04404971189666667,-2732.8565917976525
0.043405765716666676,-2726.8363915577143
0.04458633375333334,-2720.8161913177755
0.04372773883,-2714.7959910778372
0.043083792626666666,-2708.775790837899
0.04351309012666666,-2702.7555905979607
0.04233252209266666,-2696.7353903580224
0.04104462972266667,-2690.715190184651
0.04222519771666666,-2684.6949899447127
0.04168857588933333,-2678.6747897047744
0.04308379263666667,-2672.654589464836
0.04340576570666666,-2666.6343892248974
0.04404971190666666,-2660.614188984959
0.04598155049,-2654.593988745021
0.045230279926666665,-2648.5737884385153
0.04802071344,-2642.553588198577
0.05070382260333334,-2636.5333880252056
0.05081114698,-2630.5131877852673
0.054138202333333336,-2624.492987545329
0.054567499793333335,-2618.4727873053907
0.05542609473333334,-2612.4525870654525
0.05660666275,-2606.4323868255137
0.057787230800000006,-2600.4121865855755
0.05853850135,-2594.391986345637
0.05928977191666667,-2588.371786105699
0.06057766432,-2582.35158586576
0.06175823236,-2576.331385625822
0.061865556726666666,-2570.311185452451
0.06454866591333333,-2564.2909852125126
0.06369007096666666,-2558.270784906007
0.06508528775,-2552.2505846660683
0.06658782889333334,-2546.23038442613
0.06862699188333334,-2540.210184186192
0.07034418177333333,-2534.1899839462535
0.06948558683,-2528.1697837063152
0.06980755992333333,-2522.1495834663765
0.07163207417666666,-2516.1293832930055
0.07173939855,-2510.109183053067
0.07431518338333333,-2504.088982813129
0.07388588591333334,-2498.06878257319
0.07538842706666667,-2492.048582333252
0.07635434637333333,-2486.0283820933137
0.07624702200666666,-2480.0081818533754
0.07581772453666667,-2473.987981613437
0.07860815810999999,-2467.967781306931
0.07871548248666667,-2461.94758113356
0.07774956317,-2455.927380893622
0.07903745558333335,-2449.9071806536836
0.08161324042333333,-2443.8869804137453
0.08193521352666668,-2437.8667801738065
0.08236451100333333,-2431.8465799338683
0.08290113285,-2425.82637969393
0.08311578159,-2419.8061794539917
0.08461832274999999,-2413.785979214053
0.08526226895333333,-2407.7657789741147
0.08569156642333332,-2401.7455787341764
0.08547691768333332,-2395.7253785608054
0.08601353955666667,-2389.705178320867
0.08816002691000001,-2383.6849780809284
0.08912594622666666,-2377.66477784099
0.08944791935333334,-2371.6445775344846
0.09009186556333333,-2365.6243772945463
0.09234567729999998,-2359.604177054608
0.09073581175333334,-2353.5839768146693
0.09202370418666667,-2347.563776574731
0.09449216467,-2341.54357640136
0.09449216469,-2335.5233761614218
0.09459948905666667,-2329.5031759214835
0.09427751594333333,-2323.4829756815448
0.09256032607333335,-2317.4627754416065
0.09556540839,-2311.442575201668
0.09556540840666666,-2305.42237496173
0.09556540838333334,-2299.402174721791
0.09588738150666666,-2293.381974481853
0.09696062521333333,-2287.3617742419146
0.09631667901,-2281.3415740019764
0.09846316640666668,-2275.321373762038
0.09867781514666667,-2269.3011735220994
0.10060965378333332,-2263.280973282161
0.10200487058333334,-2257.260773042223
0.10264881679,-2251.2405728022845
0.10232684369333334,-2245.2203725623463
0.10350741176333333,-2239.2001723224075
0.10350741176,-2233.1799720824692
0.10479530420000001,-2227.1597719090983
0.10704911594,-2221.13957166916
0.10629784540000002,-2215.1193714292212
0.10865898154333335,-2209.099171189283
0.10801503527666667,-2203.0789709493447
0.10876630587666668,-2197.0587707094064
0.11059082017666666,-2191.038570469468
0.11187871262333333,-2185.018370162962
0.11112744202333334,-2178.998169923024
0.11284463193666668,-2172.977969749653
0.11305928072,-2166.9577695097146
0.11552774119999999,-2160.9375692697763
0.11413252439,-2154.9173690298376
0.11466914625333334,-2148.8971687898993
0.11552774122666669,-2142.876968549961
0.11735225552666667,-2136.8567683100227
0.11767422862999999,-2130.836568070084
0.11960606726,-2124.8163678301457
0.11982071605333333,-2118.7961675902075
0.12046466229000001,-2112.775967350269
0.11982071608333333,-2106.755767176898
0.12175255470333335,-2100.7355669369595
0.12175255476,-2094.715366630454
0.12110860855000001,-2088.6951663905156
0.12282579845333334,-2082.6749661505773
0.12411369092666664,-2076.654765910639
0.12325509603333333,-2070.6345656707003
0.12357706914333333,-2064.614365430762
0.12411369095666665,-2058.594165190824
0.12561623220333332,-2052.573965017453
0.12604552965000002,-2046.5537647775143
0.12518693467666667,-2040.533564537576
0.12583088087666666,-2034.5133642976375
0.12626017834666667,-2028.4931640576992
0.12776271950999998,-2022.4729638177607
0.12647482704333332,-2016.4527635778225
0.12722609761,-2010.432563337884
0.12679680014333333,-2004.4123630313784
0.12636750263333332,-1998.3921628580074
0.12550890767666667,-1992.371962618069
0.12550890767666667,-1986.3517623781306
0.12668947578333334,-1980.331562138192
0.12357706904,-1974.3113618982538
0.12422101522333333,-1968.2911616583153
0.12196720344666667,-1962.270961418377
0.11928409416666667,-1956.2507611784388
0.11982071603333333,-1950.2305609385003
0.11713760675333333,-1944.210360698562
0.11413252441333334,-1938.1901604586235
0.11402520004000001,-1932.1699602852525
0.11209336136999999,-1926.149760045314
0.11209336133666666,-1920.1295598053757
0.11069814455999999,-1914.1093595654374
0.10930292775666665,-1908.0891592589317
0.10865898154333332,-1902.0689590189934
0.10726376476999999,-1896.0487587790549
0.10780038658,-1890.0285585391166
0.10608319667333332,-1884.0083583657454
0.10619052106666667,-1877.988158125807
0.10361473616,-1871.9679578858688
0.10275614125333332,-1865.9477576459303
0.10157557318333334,-1859.927557405992
0.10221951938666667,-1853.9073571660535
0.10050232948333333,-1847.8871569261153
0.09878513960666667,-1841.8669566861768
0.09867781520666667,-1835.8467564462385
0.09749724717333334,-1829.8265562063002
0.09814119337666667,-1823.8063559663617
0.09717527404333333,-1817.7861557264234
0.09717527407333333,-1811.765955486485
0.09771189588,-1805.7457552465467
0.09803386898,-1799.7255550066081
0.09846316645999999,-1793.7053547666699
0.09620935471666665,-1787.6851545267316
0.09545808410666667,-1781.664954286793
0.09610203033666666,-1775.6447540468548
0.09578005722333334,-1769.6245538069163
0.09449216478666667,-1763.6043536335453
0.09417019167,-1757.584153393607
0.09481413789666666,-1751.5639531536685
0.09449216479666667,-1745.5437529137303
0.09245300178333334,-1739.5235526737918
0.09309694799666668,-1733.5033524338535
0.09384821858333332,-1727.483152193915
0.09213102864333333,-1721.4629518874094
0.09277497485666668,-1715.442751647471
0.09406286727000002,-1709.4225514741
0.09492146221000002,-1703.4023512341616
0.09331159666666666,-1697.3821509942231
0.09384821853333335,-1691.3619507542849
0.09459948911,-1685.3417505143464
0.09545808405333334,-1679.321550274408
0.09610203028333335,-1673.3013500344696
0.09535075967666666,-1667.2811497945313
0.09567273278666667,-1661.260949554593
0.09567273277333332,-1655.2407493146545
0.09492146221666665,-1649.2205490747162
0.09535075967,-1643.200348901345
0.09352624540333332,-1637.1801486614067
0.09266765042666665,-1631.159948354901
0.09191637988666666,-1625.1397481149627
0.09234567734666667,-1619.1195478750244
0.09170173110333334,-1613.099347635086
0.09148708239333332,-1607.0791473951476
0.09052116308666668,-1601.0589471552091
0.08891129752333334,-1595.0387469152708
0.08848200006666666,-1589.0185467418999
0.08676481014666666,-1582.9983465019614
0.0855842421,-1576.978146262023
0.08311578162,-1570.9579460220846
0.08515494461333334,-1564.9377457821463
0.08129126736666667,-1558.9175455422078
0.08161324047,-1552.8973453022695
0.0794667531,-1546.8771450623312
0.07850083379333334,-1540.8569448223927
0.07721294138,-1534.8367445824545
0.07689096828000001,-1528.816544342516
0.07882280690333333,-1522.7963441025777
0.07646167080666666,-1516.7761438626392
0.07646167080666667,-1510.755943622701
0.07774956323,-1504.7357433827626
0.07774956323333333,-1498.7155431428241
0.07817886070333332,-1492.6953429028858
0.07699829266666666,-1486.6751426629473
0.07742759014333334,-1480.654942423009
0.07571040025666666,-1474.6347421830706
0.07742759014,-1468.6145420096996
0.07753491453333333,-1462.5943417697613
0.07699829269666666,-1456.5741415298228
0.07571040027666666,-1450.5539412898845
0.07678364396333333,-1444.5337409833787
0.07742759017666666,-1438.5135407434404
0.07774956329,-1432.493340503502
0.07571040031,-1426.4731402635637
0.07624702216333333,-1420.4529400901927
0.07592504906333335,-1414.4327398502542
0.07538842725333333,-1408.412539610316
0.07399321047,-1402.3923393703774
0.07517377852666667,-1396.372139130439
0.07410053482000001,-1390.3519388905006
0.07613969784333334,-1384.3317386505623
0.07485180545333334,-1378.311538410624
0.07356391307,-1372.2913381706855
0.07431518369000001,-1366.2711379307473
0.07506645425666666,-1360.2509376908088
0.07334926440666667,-1354.2307374508705
0.07538842744333334,-1348.210537210932
0.07624702243333333,-1342.1903369709937
0.07485180564666667,-1336.1701367310554
0.07485180569,-1330.149936491117
0.07549575189666667,-1324.1297362511787
0.07732026615333333,-1318.1095360112402
0.07699829306,-1312.0893357713019
0.07742759056000001,-1306.0691355313634
0.07978872672,-1300.0489353579924
0.08053999724,-1294.028735118054
0.08043267291,-1288.0085348781156
0.08322310645000001,-1281.9883346381773
0.08236451148333333,-1275.9681343982388
0.08247183588333333,-1269.9479341583005
0.08257916034,-1263.927733918362
0.08011069978333334,-1257.9075336118565
0.08333043084,-1251.8873333719182
0.08225718716666668,-1245.867133198547
0.08365240395666666,-1239.8469329586087
0.08569156697333334,-1233.8267327186702
0.08418902579333333,-1227.806532478732
0.08440367451999999,-1221.7863322387934
0.08494029632,-1215.7661319988551
0.08569156689666667,-1209.7459317589169
0.08247183585,-1203.7257315189784
0.08676481056666667,-1197.70553127904
0.08773072986666668,-1191.6853310391016
0.08730143238666666,-1185.6651307991633
0.08880397355666665,-1179.6449306257923
0.08880397355666665,-1173.6247303858538
0.08901862227666667,-1167.6045300793483
0.09019919036,-1161.5843298394097
0.09062848780999999,-1155.5641295994715
0.08944791977,-1149.543929359533
0.09159440716666667,-1143.5237291195947
0.08998454159666668,-1137.5035288796562
0.09095046093666666,-1131.483328639718
0.09127243404666667,-1125.463128466347
0.09191638027333332,-1119.4429282264084
0.09191638027333333,-1113.4227279864701
0.09127243407666667,-1107.4025277465316
0.09095046093999999,-1101.3823275065934
0.09234567777666668,-1095.362127266655
0.09438484081,-1089.3419270267166
0.09438484080666666,-1083.3217267867783
0.09256032651,-1077.3015265468398
0.09191638031333334,-1071.2813263069015
0.09256032655333334,-1065.261126066963
0.09363357021333334,-1059.2409258270247
0.09352624588333334,-1053.2207255870865
0.09191638036333333,-1047.200525347148
0.09320427279333333,-1041.1803251072097
0.09449216518333332,-1035.1601248672712
0.09427751645333332,-1029.139924627333
0.09524343585666667,-1023.1197243873945
0.09631667944333333,-1017.0995241474561
0.09685330130999999,-1011.079323974085
0.09685330126666668,-1005.0591237341466
0.09824851803333333,-999.0389234942082
0.09899978859666665,-993.01872325427
0.09953641042666668,-986.9985230143316
0.09996570793,-980.9783227078259
0.10157557342666668,-974.9581224678875
0.10243416832666667,-968.9379222279491
0.10350741202666665,-962.9177219880107
0.10468798009333334,-956.8975218146396
0.10661981866999999,-950.8773215747013
0.10855165730333333,-944.857121334763
0.10704911616666668,-938.8369210948246
0.10758573794333333,-932.8167208548862
0.10898095480666668,-926.7965206149478
0.11091279338666667,-920.7763203750094
0.10876630597999999,-914.756120135071
0.11069814467666668,-908.7359198951327
0.11198603709333332,-902.7157196551943
0.11466914636333332,-896.695519415256
0.11134209088333334,-890.6753191753176
0.11445449756666666,-884.6551189353792
0.11499111946333333,-878.6349186954408
0.11649366063333333,-872.6147184555024
0.11563506572,-866.5945182155641
0.11638633627000002,-860.5743179756257
0.11864014801666667,-854.5541177356873
0.12089395982666666,-848.5339174957489
0.12025001356,-842.5137172558105
0.12110860853,-836.4935170824394
0.12035733796000002,-830.4733168425012
0.12282579844666668,-824.4531166025628
0.12239650100333332,-818.4329163626244
0.12411369094333335,-812.412716122686
0.12400636652666665,-806.3925158827476
0.12346974471333333,-800.3723156428092
0.12389904221333335,-794.3521153363035
0.12486496149333333,-788.3319150963652
0.12389904218666666,-782.3117149229942
0.12261114974666666,-776.2915146830558
0.12304044724,-770.2713144431174
0.12110860854666666,-764.251114203179
0.12132325725666666,-758.2309139632406
0.12035733795333332,-752.2107137233022
0.12089395981,-746.1905134833639
0.11767422870666666,-740.1703132434255
0.11617168748666666,-734.1501130034871
0.11456182194333335,-728.1299127635488
0.11434717318666666,-722.1097125236104
0.11295195638,-716.0895123502393
0.112844632,-710.0693121103009
0.11026884712,-704.0491118037952
0.10704911601666667,-698.0289115638569
0.10661981856000001,-692.0087113239185
0.10533192614666666,-685.9885110839801
0.10619052108999999,-679.9683108440418
0.10586854796333334,-673.9481106041034
0.10372206059666667,-667.9279104307323
0.10275614127666667,-661.907710190794
0.10307811437999999,-655.8875099508556
0.10243416817333334,-649.8673097109172
0.1013609245,-643.8471094709788
0.10136092450333332,-637.8269092310404
0.10157557327,-631.806708991102
0.10200487074666666,-625.7865087511636
0.10189754638666666,-619.7663085112254
0.09985838334333334,-613.746108271287
0.10007303213666667,-607.7259080313486
0.09996570778333332,-601.7057077914102
0.10146824892999999,-595.6855075514718
0.09996570776333334,-589.6653073115334
0.10264881700666667,-583.645107071595
0.10297079010999999,-577.6249068316567
0.10307811450333333,-571.6047065917184
0.10436600690666666,-565.58450635178
0.10608319687000001,-559.5643061118416
0.10704911617,-553.5441058719032
0.10683446746666665,-547.5239056985321
0.10758573806666667,-541.5037054585938
0.10801503556333332,-535.4835052186554
0.11187871287,-529.463304978717
0.10941025242666665,-523.4431047387786
0.11059082049333334,-517.422904432273
0.11230801039666667,-511.40270419233457
0.11241533486,-505.38250395239623
0.11370322732666667,-499.36230371245784
0.11402520042666668,-493.34210353908674
0.11381055169333333,-487.3219032991484
0.11187871306000001,-481.30170305921
0.11402520053,-475.2815028192716
0.11509844426333334,-469.2613025793333
0.11756690479333333,-463.2411023393949
0.11574239049666668,-457.2209020994565
0.11606436366333334,-451.2007018595181
0.11660098549666668,-445.1805016195798
0.11842549979666667,-439.1603013796414
0.11874747289333333,-433.140101139703
0.11992804102999999,-427.1199008997646
0.12067931159333334,-421.0997006598263
0.12121593349666666,-415.0795004198879
0.12357706959333332,-409.0593001799495
0.12357706955999999,-403.03909994001117
0.12304044772666667,-397.0188997000728
0.12561623259333332,-390.9986994601344
0.12636750325999999,-384.978499220196
0.12690412506,-378.95829898025767
0.12829934179666666,-372.93809880688656
0.12840666613333332,-366.9178985669482
0.13044582920333334,-360.89769832700983
0.13205569471,-354.87749808707144
0.13452415516333333,-348.85729784713305
0.13473880385,-342.8370976071947
0.13731458876333333,-336.81689736725633
0.13935375175333334,-330.79669706075066
0.13881712988999997,-324.7764968873796
0.13946107607,-318.7562966474412
0.14031967102666665,-312.7360964075028
0.14150023905666667,-306.71589616756444
0.14364672647666665,-300.6956959276261
0.14246615837999999,-294.6754956876877
0.14300278020333335,-288.6552954477493
0.14418334823333334,-282.635095207811
0.14590053816666668,-276.6148949678726
0.14686645750000002,-270.5946947279342
0.14869097176666668,-264.5744944879958
0.15008618863333334,-258.5542942480575
0.1500861886,-252.53409407468638
0.15405719036666668,-246.51389383474802
0.1550231097,-240.49369352824235
0.15480846093333334,-234.47349328830398
0.15674029966666667,-228.4532930483656
0.15974538203333333,-222.43309280842723
0.16092595016666666,-216.41289256848884
0.15985270643333335,-210.39269232855048
0.1626431401,-204.3724921551794
0.16275046446666666,-198.35229191524104
0.16296511319999998,-192.33209167530265
0.16285778883333332,-186.3118914353643
0.16350173503333332,-180.2916911954259
0.16543357376666668,-174.27149095548754
0.16511160063333333,-168.25129071554915
0.16661414186666665,-162.23109047561078
0.1659701956,-156.2108902356724
0.16661414183333334,-150.19068999573403
0.16629216873333333,-144.17048975579567
0.16639949306666665,-138.15028951585728
0.16918992676666667,-132.13008927591892
0.16854598053333336,-126.10988903598054
0.17015584613333334,-120.08968879604217
0.17251698233333335,-114.06948855610379
0.17487811853333332,-108.04928831616542
0.17799052536666668,-102.02908807622704
0.1806736347,-96.00888783628866
0.18324941966666666,-89.98868759635029
0.18571788023333333,-83.96848742297922
0.18861563833333336,-77.94828718304085
0.19108409896666667,-71.92808694310247
0.19441115453333332,-65.9078867031641
0.19591369579999998,-59.88768646322572
0.19924075136666666,-53.86748615672005
0.2037483751,-47.84728591678167
0.2067534576,-41.8270856768433
0.20986586446666666,-35.80688543690493
0.2110464326,-29.78668526353385
0.21512475886666668,-23.766485023595475
0.21791519263333334,-17.746284783657103
0.22102759949999998,-11.726084543718729
0.2237107089,-5.705884303780355
0.22778903520000002,0.31431593615801967
0.23197468583333333,6.334516176096393
0.23497976836666665,12.354716416034767
0.23991668970000002,18.374916622689494
0.24378036726666666,24.395116862627866
0.24560488170000003,30.41531710256624
0.24764404486666666,36.435517375788265
0.2512930737,42.45571761572664
0.2534395612,48.47591785566501
0.2554787244,54.496118095603386
0.2578398606666667,60.51631833554176
0.2615962139333333,66.53651857548013
0.2641719990333333,72.55671878213487
0.2654598916,78.57691902207323
0.2682503254333333,84.5971192620116
0.26996751546666664,90.61731950194998
0.27232865180000004,96.63751974188835
0.2760850050666667,102.65771994854308
0.2779095195666667,108.67792018848145
0.2782314927,114.69812042841983
0.28316841416666666,120.7183206683582
0.2861734968333333,126.73852094158022
0.2891785795,132.7587211815186
0.2908957695,138.77892142145697
0.2939008522,144.79912166139536
0.29669128606666667,150.81932190133372
0.2974425567666667,156.83952210798844
0.30109158573333333,162.85972234792683
0.3028087758,168.8799225878652
0.3048479390666667,174.90012282780356
0.30538456096666666,180.92032306774195
0.3096775363,186.9405233076803
0.3107507801,192.96072351433503
0.31225332143333334,198.98092375427342
0.31472178226666664,205.00112399421178
0.31332656529999997,211.02132423415017
0.31493643103333335,217.04152447408853
0.31686826993333334,223.06172474731056
0.31880010886666665,229.08192498724893
0.3190147576333333,235.10212522718732
0.320517299,241.12232543384204
0.3225564623333333,247.1425256737804
0.3242736524666667,253.1627259137188
0.3259908426,259.18292615365715
0.3271714108666666,265.20312639359554
0.32738605963333334,271.22332663353393
0.3306057911,277.2435268401886
0.332001008,283.263727080127
0.3330742519,289.2839273200654
0.3333962251,295.30412756000374
0.3365086322,301.3243277999421
0.33758187596666667,307.3445280065969
0.33962103930000004,313.36472831310255
0.338977093,319.3849285530409
0.34230414886666666,325.40512879297927
0.3438066902666667,331.425328999634
0.34595317793333336,337.44552923957235
0.34713374616666665,343.46572947951074
0.34767036803333334,349.48592971944913
0.3501388289,355.50612995938747
0.35142672156666666,361.5263301660422
0.3513193971,367.5465304059806
0.3553977237333334,373.566730645919
0.35582702123333326,379.5869308858573
0.3586174551666666,385.6071311257957
0.35915407706666663,391.6273313657341
0.3602273209,397.6475315723888
0.36291043046666666,403.6677318123272
0.3640909987,409.68793211883286
0.3663448108,415.7081323254876
0.3681693253333333,421.72833256542594
0.37203300310000004,427.74853280536433
0.3754673834,433.7687330453027
0.3779358442666667,439.78893328524106
0.3793310612333333,445.8091334918958
0.382336144,451.8293337318342
0.3839460098,457.84953397177253
0.3868437682333333,463.8697342117109
0.3871657413,469.8899344516493
0.39060012166666674,475.9101346915877
0.3929612582,481.9303348982424
0.39392717763333335,487.9505351381808
0.3982201530666667,493.9707353781192
0.4015472091,499.99093565134115
0.4021911554,506.01113589127954
0.4050889138666667,512.0313361312179
0.4059475089333333,518.0515363711563
0.4115283771,524.0717366110947
0.4123869722,530.0919368510331
0.4161433257666667,536.1121370576877
0.4195777062333333,542.1323372976261
0.42451462813333335,548.1525375375645
0.42870027929999993,554.1727377775029
0.43481776953333334,560.1929380174413
0.4381448256666667,566.213138224096
0.43975469149999996,572.2333384640343
0.44458428906666664,578.2535387039727
0.44748204760000004,584.2737389439111
0.45080910376666666,590.2939392171331
0.4522043208333333,596.3141394570715
0.45714124289999997,602.3343396970099
0.46175619176666666,608.3545399369483
0.4647612747666667,614.3747401768866
0.46959087246666664,620.3949403835413
0.4725959554666666,626.4151406234797
0.47581568730000007,632.4353408634181
0.478176824,638.4555411033565
0.4812892314333333,644.4757413432949
0.4853675584333333,650.4959415499495
0.4879433439333334,656.5161417898879
0.49180702216666666,662.5363420298263
0.49824648590000004,668.5565422697647
0.5027541105333334,674.5767425097031
0.5065104643999999,680.5969427496415
0.5099448451333334,686.6171430228635
0.5143451453333333,692.6373432628019
0.5188527700666666,698.6575435027402
0.5237896923333333,704.6777437093949
0.5267947754333333,710.6979439493333
0.5310877513666666,716.7181441892717
0.5360246736333334,722.7383444292101
0.5433227327666666,728.7585446691485
0.5491182503666666,734.7787449090869
0.5538405239333334,740.7989451157415
0.5559870119333333,746.8191453556799
0.5616752051666667,752.8393455956183
0.5655388835666667,758.8595458355567
0.5689732644,764.8797460754951
0.5731589161,770.8999462821498
0.5771299189666667,776.9201465886555
0.5805642998333335,782.9403468285938
0.5867891152,788.9605470352485
0.5930139305,794.9807472751869
0.5973069066666666,801.0009475151253
0.6021365047333332,807.0211477550637
0.6034243976333333,813.0413479950021
0.6080393470333333,819.0615482349403
0.6115810523666667,825.0817484415951
0.6143714868333333,831.1019486815335
0.618664463,837.1221489214719
0.6230647637000001,843.1423491614103
0.6269284422666667,849.1625494013487
0.6317580405666667,855.182749641287
0.6355143947999999,861.2029498479417
0.6389487758666667,867.2231500878801
0.6418465348666667,873.2433503943857
0.6451735915,879.2635506010405
0.6466761331666667,885.2837508409789
0.6504324874999999,891.3039510809173
0.6548327883,897.3241513208557
0.6553694103333334,903.3443515607939
0.6582671693333334,909.3645517674487
0.6622381725,915.3847520073871
0.6673897441666666,921.4049522473255
0.6674970686333334,927.4251524872639
0.6683556638666667,933.4453527272022
0.6700728544333333,939.4655529671406
0.6727559647,945.4857531737953
0.6742585064333334,951.5059534137337
0.6757610482,957.526153653672
0.6761903458666666,963.5463539268941
0.6790881049666666,969.5665541668325
0.6797320514666666,975.5867544067709
0.6805906467333332,981.6069546467093
0.6815565665,987.6271548866475
0.6827371349666667,993.6473550933023
0.6833810814666667,999.6675553332407
0.6834884059,1005.6877555731791
0.6823078373666666,1011.7079558131175
0.6837030547333334,1017.7281560530558
0.6835957303666667,1023.7483562929941
0.6848836233000001,1029.7685564996489
0.6843470012333333,1035.7887567395874
0.6849909477333332,1041.8089569795256
0.6863861651333334,1047.829157219464
0.6869227871666667,1053.8493574594024
0.6869227872,1059.8695577326243
0.6877813824999999,1065.8897579725628
0.6874594092666667,1071.9099582125011
0.6887473022333334,1077.9301584524396
0.6878887069666666,1083.9503586590943
0.6901425196333332,1089.9705588990325
0.6890692755333333,1095.990759138971
0.6874594093,1102.0109593789093
0.6879960314333333,1108.0311596188478
0.6861715164666666,1114.0513598255025
0.6849909479666666,1120.071560065441
0.6834884062,1126.0917603053792
0.6834884061666666,1132.1119605453175
0.6820931888666667,1138.132160785256
0.6801613494666667,1144.1523610251943
0.6761903463,1150.1725612984164
0.6761903463666666,1156.1927615383547
0.6726486408333333,1162.2129617782932
0.6708241258333333,1168.2331619849479
0.6709314503333333,1174.2533622248861
0.6654579054,1180.2735624648246
0.6658872030333334,1186.293762704763
0.6622381732,1192.3139629447014
0.6619161999333333,1198.3341631846397
0.6589111164666667,1204.3543633912946
0.6561206818333333,1210.3745636312328
0.6542961669,1216.394763871171
0.6495738929,1222.4149641111096
0.6474274047333334,1228.435164351048
0.6457102142666665,1234.4553645577028
0.6448516189000001,1240.4755648642083
0.6427051306666667,1246.4957651041468
0.6401293449666667,1252.5159653108014
0.6381975056333333,1258.5361655507397
0.635407071,1264.5563657906782
0.6311140947666667,1270.5765660306165
0.6289676066333333,1276.596766270555
0.6236013863333333,1282.6169665104933
0.6243526571666667,1288.6371667171481
0.6196303833,1294.6573669570864
0.6172692463999999,1300.6775671970247
0.6131909190333333,1306.6977674369632
0.6099711869000001,1312.7179676769015
0.6079320233000001,1318.7381678835563
0.6011705857999999,1324.7583681234946
0.5979508536666667,1330.778568363433
0.5939798507666667,1336.798768636655
0.5909747674666667,1342.8189688765933
0.5868964402666667,1348.8391691165318
0.5839986813,1354.85936935647
0.5793837320666667,1360.8795695964086
0.5749834317,1366.8997698363469
0.5707977800333334,1372.9199700430015
0.5691879141333333,1378.94017028294
0.5619971792666667,1384.9603705228783
0.5557723641333334,1390.9805707628168
0.5526599566333333,1397.000771002755
0.5499768466333333,1403.0209712426936
0.5462204928,1409.0411714493482
0.5424641387333333,1415.0613716892865
0.5386004605,1421.081571929225
0.5333415650333334,1427.101772202447
0.5314097258,1433.1219724423854
0.5270094255666667,1439.1421726823237
0.5200333397333333,1445.1623729222622
0.5141304979333333,1451.1825731622005
0.5099448464333333,1457.202773368855
0.5047932754333334,1463.2229736087936
0.5006076240666667,1469.2431738487319
0.49899775813333336,1475.2633740886704
0.49202167239999994,1481.2835743286087
0.4870847503333333,1487.3037745685472
0.4837576941333333,1493.3239747752018
0.4803233134666667,1499.34417501514
0.4724886329,1505.3643752550786
0.4678736839666667,1511.3845754950169
0.4633660594,1517.4047757349554
0.45950238133333327,1523.4249760081773
0.45445813493333337,1529.4451762481158
0.4499505104333334,1535.465376488054
0.4482333201333333,1541.4855767279923
0.44490626400000005,1547.5057769346472
0.44082793710000007,1553.5259771745855
0.4387887737666667,1559.546177414524
0.4317053641,1565.5663776544623
0.42848563226666664,1571.5865778944008
0.42387068359999996,1577.6067781010554
0.420972925,1583.6269783409937
0.41753854456666667,1589.6471785809322
0.4144261371333333,1595.6673788208705
0.4098111884333333,1601.687579060809
0.40723540306666667,1607.7077793007472
0.40498159100000003,1613.7279795739694
0.4022984812333334,1619.7481798139077
0.39585901789999994,1625.768380053846
0.39242463746666667,1631.7885802605008
0.38716574249999997,1637.808780500439
0.380940928,1643.8289807403776
0.37976035969999994,1649.8491809803159
0.37557470863333337,1655.8693812202544
0.3716037063666666,1661.889581426909
0.36634481143333336,1667.9097816668473
0.36419832366666666,1673.9299819067858
0.3609785921333333,1679.950182146724
0.3529292633666667,1685.9703823866625
0.3499241804666667,1691.9905826266008
0.34713374649999995,1698.0107828332557
0.34359204179999997,1704.0309831397612
0.34026498596666666,1710.0511833796995
0.33468411803333337,1716.0713835863544
0.3333962253666667,1722.0915838262927
0.33028381830000003,1728.1117840662312
0.32749338433333336,1734.1319843061694
0.3220198408,1740.152184546108
0.31611699983333336,1746.1723847860462
0.31139472696666665,1752.1925849927009
0.30677977856666666,1758.2127852326394
0.30398934466666666,1764.2329854725776
0.29873044993333336,1770.2531857125161
0.2974425574,1776.2733859524544
0.292827609,1782.293586159109
0.28874928250000004,1788.3137863990476
0.28585152426666666,1794.3339866389858
0.28198784660000004,1800.354186912208
0.2754410594666667,1806.3743871521463
0.2712554086,1812.3945873920848
0.2666404603,1818.414787632023
0.2617035388666667,1824.4349878719615
0.2586984563,1830.4551881118998
0.25515675179999997,1836.4753883185545
0.2508637767,1842.495588558493
0.24657080166666667,1848.5157887984312
0.2454975578666667,1854.5359890383697
0.24152655589999997,1860.556189278308
0.23401384963333335,1866.5763894849626
0.22907692829999995,1872.5965897249012
0.22854030643333334,1878.6167899648394
0.2255352239,1884.636990204778
0.22371070950000002,1890.6571904779998
0.22134957330000002,1896.6773907179384
0.21727124703333334,1902.6975909578766
0.21491011073333333,1908.7177911978151
0.21190502830000002,1914.7379914377534
0.21072446016666666,1920.758191644408
0.2051435927666667,1926.7783918843465
0.20170921276666667,1932.7985921242848
0.19988469846666668,1938.8187923642233
0.19602102093333332,1944.8389926041616
0.19355256033333335,1950.8591928440999
0.1920500191333333,1956.8793930507547
0.19001085599999998,1962.899593290693
0.18464463736666667,1968.9197935306315
0.18292744743333333,1974.9399937705698
0.1807809599,1980.960194043792
0.1754147413,1986.9803942837302
0.17090711753333335,1993.0005945236685
0.16929725199999998,1999.020794763607
0.16811668383333334,2005.0409949702616
0.1630724384,2011.0611952102001
0.1609259509333333,2017.0813954501384
0.15674030036666667,2023.101595690077
0.15523775916666668,2029.1217959300152
0.15362789353333334,2035.1419961699535
0.1518033792,2041.1621963766083
0.14793970183333333,2047.1823966165466
0.14461264616,2053.202596856485
0.14278813181,2059.2227970964236
0.14246615873333335,2065.242997336362
0.14010502248666667,2071.2631975763
0.13720726441666667,2077.2833978495223
0.13495345262666666,2083.3035980894606
0.13495345260333333,2089.323798329399
0.1343095063366667,2095.3439985360537
0.12958723398333333,2101.364198775992
0.12840666590000002,2107.3843990159303
0.12529425911,2113.404599255869
0.12486496164333334,2119.4247994958073
0.12164523043666668,2125.4449997024617
0.12110860857333333,2131.4651999424004
0.11842549929,2137.4854001823387
0.11617168751,2143.505600422277
0.11606436311666668,2149.5258006622153
0.11370322692666666,2155.5460009021535
0.11166406389,2161.5662011088084
0.10930292777,2167.586401415314
0.10769306218000001,2173.6066016552527
0.10801503528333334,2179.626801861907
0.10629784535666668,2185.647002101846
0.10458065539333333,2191.667202341784
0.10479530415,2197.6874025817224
0.10211219488333334,2203.7076028216607
0.10232684363,2209.7278030283155
0.10007303186666666,2215.748003268254
0.09889246379666666,2221.768203508192
0.0987851394,2227.788403748131
0.09395554281,2233.808603988069
0.09384821846333334,2239.8288042280074
0.09309694785333333,2245.849004434662
0.09095046048333333,2251.8692046746005
0.08923327060000001,2257.8894049145388
0.08816002690333334,2263.909605187761
0.08601353952666667,2269.929805427699
0.08579889079000001,2275.9500056676375
0.08268648411000001,2281.9702059075757
0.08086196984333334,2287.9904061475145
0.07860815812,2294.0106063874528
0.07689096823333334,2300.0308065941076
0.07592504893666667,2306.051006834046
0.07538842708666667,2312.071207073984
0.07399321030666665,2318.0914073139224
0.07302729100666666,2324.1116075538607
0.07334926411333333,2330.1318077605156
0.07109545238666666,2336.152008000454
0.06905628938333334,2342.1722082403926
0.07045150621,2348.192408480331
0.06841234323,2354.212608753553
0.06787572137666667,2360.2328089934913
0.06776839703333333,2366.2530092334296
0.06626585588333334,2372.273209473368
0.06572923405333334,2378.293409713306
0.06583655843000001,2384.313609919961
0.06615853153666666,2390.3338101598993
0.06433401728666667,2396.354010399838
0.06497796351666667,2402.3742106397763
0.06358274675333334,2408.3944108797145
0.06272415183333334,2414.414611119653
0.06379739552666668,2420.4348113263077
0.06390471991333334,2426.455011566246
0.06401204430666667,2432.4752118061842
0.06401204431,2438.495412046123
0.06433401740333333,2444.5156123193447
0.06594388293999999,2450.535812559283
0.06529993673000001,2456.5560127992217
0.06648050482333333,2462.57621303916
0.07055883078000001,2468.596413245815
0.07012953336666666,2474.616613485753
0.07216869627333333,2480.6368137256914
0.07388588617666667,2486.6570139656296
0.07528110299,2492.677214205568
0.07646167102666666,2498.6974144455066
0.07592504918666666,2504.717614652161
0.07882280709666667,2510.7378148921
0.08075464574,2516.758015132038
0.08075464577666668,2522.7782153719763
0.08086197015,2528.7984156119146
0.08290113314000001,2534.8186158185695
0.08633551289666667,2540.838816125075
0.08526226923666667,2546.8590163650133
0.08805270279666666,2552.879216604952
0.08740875656333331,2558.8994168116064
0.08966256829333334,2564.919617051545
0.09213102879333333,2570.9398172914835
0.09331159682666668,2576.9600175314217
0.09341892119333334,2582.98021777136
0.09717527412666667,2589.000417978015
0.09803386909333334,2595.020618217953
0.09824851786,2601.0408184578914
0.10082430266333335,2607.0610186978297
0.10050232962666666,2613.0812189377684
0.10211219516333332,2619.1014191777067
0.10254149263,2625.1216193843616
0.10468798003,2631.141819690867
0.10822968423333333,2637.1620199308054
0.10844433296666667,2643.1822201374603
0.11037617163666669,2649.2024203773985
0.11048349597,2655.222620617337
0.11080546910333333,2661.242820857275
0.11091279344333332,2667.263021097214
0.11187871280666667,2673.2832213038682
0.10983954979999999,2679.303421543807
0.10833700863,2685.3236217837452
0.10865898173333333,2691.3438220236835
0.10994687419666667,2697.364022263622
0.10780038686,2703.38422250356
0.10737108933,2709.404422710215
0.10608319686,2715.424622950153
0.10372206076000001,2721.444823190092
0.10254149269333335,2727.4650234633136
0.10114627589333335,2733.485223703252
0.10114627592666665,2739.5054239431906
0.09846316669333334,2745.525624183129
0.09792654486,2751.545824423067
0.09653132809666669,2757.5660246630055
0.09599470619666667,2763.5862248696603
0.09481413816333334,2769.6064251095986
0.09320427260000001,2775.626625349537
0.09116510960333334,2781.6468255894756
0.09191638020333333,2787.667025829414
0.0914870827,2793.6872260360688
0.08955524407333333,2799.707426276007
0.09009186590333333,2805.7276265159453
0.08955524407666667,2811.7478267558836
0.08869664914333335,2817.7680270291057
0.08987721721000001,2823.788227269044
0.08955524411666667,2829.8084275089823
0.09073581218,2835.828627748921
0.09052116352333332,2841.8488279888593
0.08976989288666666,2847.869028195514
0.09052116348666667,2853.8892284354524
0.09019919042666667,2859.9094286753907
0.09062848785333333,2865.929628915329
0.09159440714666667,2871.9498291552673
0.09073581221333334,2877.970029361922
0.09406286764333334,2883.9902296018604
0.09180905591333333,2890.010429841799
0.09363357017666667,2896.0306300817374
0.09245300211333334,2902.0508303216757
0.09374089458,2908.071030594898
0.09502878697333332,2914.091230834836
0.09341892144000001,2920.1114310747744
0.09374089450333334,2926.1316313147126
0.09588738186666668,2932.1518315213675
0.09535076010666667,2938.172031761306
0.09406286767,2944.192232001244
0.09492146256333334,2950.212432241183
0.0930969483,2956.232632481121
0.09234567773999998,2962.2528327210593
0.09427751632999999,2968.273032927714
0.09374089452333334,2974.2932331676525
0.09320427262000001,2980.3134334075908
0.09213102894999999,2986.333633647529
0.09298962388,2992.3538338874678
0.09417019194,2998.374034094122
0.09234567766333333,3004.394234400628
0.09159440708333333,3010.4144346405665
0.09073581213333333,3016.4346348472213
0.08944791973333333,3022.4548350871596
0.08955524408333333,3028.475035327098
0.09073581208999999,3034.495235567036
0.08944791973999999,3040.5154358069744
0.08966256847333332,3046.535636046913
0.08987721722666668,3052.5558362535676
0.08880397352666668,3058.5760364935063
0.08944791972,3064.5962367334446
0.08719410800666667,3070.616436973383
0.08687213493666668,3076.636637213321
0.08655016183000001,3082.656837419976
0.08697945933,3088.6770376599143
0.08783805426666667,3094.69723796642
0.08740875686333334,3100.7174382063586
0.08601354008999999,3106.737638413013
0.08601354009666666,3112.7578386529512
0.08386705269666667,3118.77803889289
0.08612086450333334,3124.7982391328283
0.08515494521,3130.8184393727665
0.08472564774333334,3136.8386395794214
0.08579889142666668,3142.8588398193597
0.08579889143000001,3148.879040059298
0.08601354027000001,3154.899240299236
0.07925210513999999,3160.919440539175
0.08558424282333332,3166.9396407791132
0.08633551341000001,3172.959840985768
0.08515494533666668,3178.9800412257064
0.08826735210666665,3185.0002414656446
0.08880397390666667,3191.020441738867
0.08848200084666667,3197.040641978805
0.08966256886333333,3203.0608422187433
0.09105778566333333,3209.0810424586816
0.09234567809666666,3215.1012426986204
0.09320427307000001,3221.1214429052748
0.09277497563333333,3227.141643145213
0.09277497560333332,3233.1618433851518
0.09395554364999999,3239.18204362509
0.09846316711000001,3245.2022438650283
0.09889246456333334,3251.2224441049666
0.09835584273666668,3257.2426443116215
0.0991071133,3263.2628445515597
0.10028768136,3269.283044791498
0.10168289813666669,3275.3032450314367
0.10254149304333333,3281.3234453046584
0.10307811489,3287.343645544597
0.10286346615000001,3293.3638457845354
0.10350741237000001,3299.3840460244737
0.10554657535,3305.404246264412
0.10511727784666668,3311.424446471067
0.10490262910666666,3317.444646711005
0.10608319716999999,3323.4648469509434
0.10651249463000001,3329.485047190882
0.10704911646,3335.5052474308204
0.10790771139333333,3341.5254476374753
0.10822968450333333,3347.5456478774136
0.10962490129666667,3353.565848117352
0.10930292813000002,3359.58604835729
0.11059082054000001,3365.6062485972284
0.11284463230666668,3371.626448837167
0.11445449781333333,3377.646649110389
0.11327392974666667,3383.6668493503275
0.11413252465666668,3389.687049590266
0.11660098513666667,3395.70724979692
0.11799620194666667,3401.727450036859
0.11767422876,3407.7476502767972
0.11595703882333334,3413.7678505167355
0.11660098506,3419.788050756674
0.11960606738333333,3425.8082509966125
0.11724493119333335,3431.828451203267
0.11810352614333335,3437.848651443205
0.11896212108333333,3443.868851683144
0.11831817485666667,3449.889051923082
0.11896212105,3455.9092521630205
0.11638633617333333,3461.9294523696753
0.11756690421666667,3467.949652676181
0.11735225547000001,3473.969852916119
0.11574238992333334,3479.990053122774
0.11391787556333333,3486.0102533627123
0.11220068570000001,3492.0304536026506
0.11177138817666667,3498.0506538425893
0.11144941508666667,3504.0708540825276
0.11102011756333334,3510.091054322466
0.10747841339999999,3516.1112545291207
0.10780038648666668,3522.131454769059
0.10855165705999999,3528.1516550089973
0.10651249403666667,3534.1718552489356
0.10554657471666666,3540.1920554888743
0.10393670916333335,3546.2122556955287
0.10125359996666668,3552.232455935467
0.09985838312333332,3558.252656241973
0.09975105875333334,3564.2728564486274
0.09899978821333333,3570.293056688566
0.09717527392999999,3576.3132569285044
0.09524343528,3582.3334571684427
0.09545808404,3588.353657408381
0.09470681346333333,3594.3738576483197
0.09256032611666666,3600.394057854974
0.09127243368333333,3606.4142580949124
0.09213102864333333,3612.434458334851
0.0903065144,3618.4546585747894
0.09041383879666666,3624.4748588147277
0.09019919006,3630.495059054666
0.09148708249666666,3636.515259261321
0.09041383882666666,3642.535459501259
0.08912594646000001,3648.5556597411974
0.08923327082666666,3654.5758600144195
0.08794537839333333,3660.596060254358
0.08601353979666666,3666.6162604942965
0.08762340533000001,3672.636460734235
0.08783805410000001,3678.656660974173
0.08730143226666666,3684.676861180828
0.08848200037333333,3690.697061420766
0.08633551300999999,3696.7172616607045
0.08826735167666666,3702.7374619006428
0.08655016170666667,3708.7576621405815
0.08869664910666668,3714.7778623805198
0.08740875671333333,3720.798062587174
0.08676481052,3726.818262827113
0.08483297189333333,3732.838463067051
0.08429635002000001,3738.8586633069895
0.08633551305666666,3744.8788635802116
0.0852622694,3750.89906382015
0.08451099884,3756.919264060088
0.08375972823333333,3762.9394643000264
0.08343775513333333,3768.959664539965
0.08558424249,3774.9798647466196
0.08365240386666667,3781.0000649865583
0.08279380889,3787.0202652264966
0.08311578198666666,3793.040465466435
0.08172056515666666,3799.060665706373
0.08354507941666667,3805.080865913028
0.08225718695,3811.1010661529663
0.08225718694333332,3817.1212663929045
0.08161324072333333,3823.1414666328433
0.08064732137000001,3829.1616668727816
0.08096929448666666,3835.1818671460037
0.08096929443666666,3841.202067385942
0.08000337508333334,3847.2222676258802
0.07774956331666667,3853.2424678658185
0.07839350951666667,3859.2626680724734
0.07764223893333333,3865.2828683124117
0.07774956329333334,3871.30306855235
0.07506645405666666,3877.3232687922887
0.07549575153,3883.343469032227
0.07399321037,3889.3636692388814
0.07173939864333333,3895.38386947882
0.07002220873,3901.4040697187584
0.06927093816,3907.4242699586966
0.06819769449,3913.444470198635
0.06701712643,3919.4646704385736
0.06562190966666666,3925.484870645228
0.06583655839000001,3931.5050709517336
0.06229485424,3937.5252711916723
0.06089963747333333,3943.5454713983268
0.06122161056666667,3949.5656716382655
0.058645825746666665,3955.5858718782038
0.05778723081666667,3961.606072118142
0.056928635873333334,3967.6262723580803
0.05564074346666666,3973.6464725980186
0.05510412163666667,3979.6666728046735
0.054030877963333335,3985.6868730446117
0.05381622922999999,3991.7070732845505
0.05263566119666666,3997.7272735244887
0.051884390636666666,4003.747473764427
0.05231368809333333,4009.767673971082
0.04973790328666666,4015.78787421102
0.04855733527,4021.8080745175257
0.04984522767333333,4027.8282747241806
0.04887930837666667,4033.848474964119
0.049308605846666666,4039.868675204057
0.04920128148666667,4045.888875443996
0.04920128149,4051.909075683934
0.0517770663,4057.9292759238724
0.052313688133333335,4063.9494761305273
0.05381622929333333,4069.9696763704655
0.052635661253333334,4075.989876610404
0.05553341919666668,4082.010076850342
0.05864582582333333,4088.030277090281
0.05671398720333334,4094.0504772969352
0.06004104261666667,4100.0706775368735
0.06197288125,4106.090877776812
0.06326077364333334,4112.11107801675
0.06315344926333333,4118.131278289972
0.06540726098333334,4124.1514785299105
0.06776839708,4130.17167876985
0.06787572146,4136.191879009788
0.07066615501,4142.212079249726
0.07302729113666666,4148.232279456381
0.07560307593333333,4154.252479696319
0.07538842723,4160.272679936257
0.07517377849,4166.2928801761955
0.07656899526666666,4172.313080416134
0.07871548264333333,4178.333280656073
0.08161324059333334,4184.353480862727
0.08064732125666667,4190.373681102666
0.08107661872333333,4196.393881342604
0.08408170105333335,4202.414081582542
0.08633551279,4208.434281855764
0.08633551276666668,4214.454482095703
0.08676481027333333,4220.474682335641
0.08751608087666667,4226.494882575579
0.08944791952000002,4232.5150827822345
0.09073581194666668,4238.535283022173
0.08934059517,4244.555483262111
0.09116510946333334,4250.575683502049
0.09148708254666667,4256.595883741988
0.09492146236666665,4262.616083981926
0.09492146238333334,4268.636284188581
0.09470681371333334,4274.656484428519
0.09567273302333333,4280.676684668458
0.09459948934,4286.696884908396
0.09760457171999999,4292.717085148334
0.09899978855999998,4298.7372853882725
0.09738992298333334,4304.757485661495
0.10007303223333334,4310.777685901433
0.10071697846000001,4316.797886141371
0.09942908602333334,4322.818086348027
0.10211219532333334,4328.838286587965
0.10232684406333332,4334.858486827903
0.10189754662333333,4340.878687067841
0.10007303240333333,4346.89888730778
0.10125360047999998,4352.919087514434
0.10125360046333333,4358.939287754373
0.10200487107,4364.9594879943115
0.10189754668666667,4370.97968823425
0.10071697864,4376.999888474188
0.10114627611999999,4383.020088714126
0.09985838373,4389.040288920781
0.10189754675,4395.060489227287
0.09953641066666667,4401.080689467225
0.10007303249999999,4407.1008896738795
0.09899978880333332,4413.121089913819
0.09857049130333334,4419.141290153757
0.09867781574333333,4425.161490393695
0.09492146282666665,4431.1816906336335
0.09620935525,4437.201890840288
0.09556540909666666,4443.222091080226
0.09427751667666666,4449.242291320164
0.09513611163666667,4455.262491560104
0.09417019230666666,4461.282691800042
0.09599470657333335,4467.30289203998
0.09384821921999999,4473.323092246635
0.09610203093666665,4479.343292486573
0.09341892175666666,4485.363492793079
0.09331159731666666,4491.383692999733
0.09427751664999999,4497.403893239672
0.09202370487666667,4503.42409347961
0.09309694854333334,4509.444293719548
0.09266765104000001,4515.464493959487
0.09137975860999999,4521.484694199426
0.08987721737333332,4527.50489440608
0.09062848800666667,4533.525094646018
0.09234567782333332,4539.5452948859565
0.09137975848333334,4545.565495125895
0.08923327104666667,4551.585695365833
0.08955524418333334,4557.605895572488
0.09170173146666667,4563.626095812427
0.09127243396333334,4569.646296052365
0.08998454147,4575.666496292303
0.08848200033666666,4581.686696565525
0.09041383896666666,4587.706896805464
0.08794537844333333,4593.727097045402
0.08816002720666667,4599.74729728534
0.08601353979666666,4605.7674975252785
0.08558424229,4611.787697731934
0.08451099863,4617.807897971872
0.08418902548,4623.82809821181
0.08300845741,4629.848298451749
0.08150591623666666,4635.868498691687
0.08354507924333333,4641.888698931625
0.08322310610666667,4647.9088991382805
0.0826864843,4653.929099378219
0.08236451114,4659.949299618157
0.08322310610666667,4665.969499858095
0.08247183553,4671.9897001313175
0.07667631970333333,4678.009900371256
0.08182788933,4684.030100611194
0.07989605068666666,4690.050300851132
0.08086196999,4696.070501057788
0.08011069942,4702.090701297726
0.07989605068333334,4708.110901537664
0.08204253803333333,4714.131101777602
0.07935942885333334,4720.151302017541
0.08000337508333333,4726.171502257479
0.07957407758333333,4732.191702464133
0.08021802382,4738.211902704073
0.07935942882333334,4744.232102944011
0.07839350951666667,4750.252303183949
0.08043267254999999,4756.272503423887
0.07721294147666667,4762.292703630542
0.07807153641333334,4768.312903937048
0.07850083391333333,4774.333104176986
0.07817886084,4780.3533043836405
0.07721294150666667,4786.373504623579
0.07817886081000001,4792.393704863517
0.07839350957333334,4798.413905103456
0.07925210453999999,4804.434105343395
0.07946675327,4810.454305583333
0.07860815833666666,4816.474505789987
0.08064732137000001,4822.4947060299255
0.07946675334,4828.514906269864
0.08000337520333334,4834.535106509802
0.08053999703999999,4840.555306749741
0.08193521384666666,4846.5755069896795
0.08075464580666665,4852.595707196334
0.08161324076333333,4858.61590750284
0.08279380883,4864.636107742778
0.08300845757333332,4870.656307949433
0.08290113321666667,4876.676508189371
0.08451099876666666,4882.696708429309
0.08526226934333335,4888.7169086692475
0.08322310636000001,4894.737108909187
0.08536959375000001,4900.757309115841
0.08579889124000001,4906.777509355779
0.08622818865666666,4912.797709595718
0.08601353996000001,4918.817909835656
0.08773072988666668,4924.838110075594
0.08676481058,4930.858310315532
0.08762340552999999,4936.878510522188
0.08665748623000001,4942.898710762126
0.08697945936333334,4948.918911068632
0.08869664929666667,4954.939111275286
0.08794537870333334,4960.959311515225
0.08848200053,4966.979511755163
0.08805270307,4972.999711995101
0.08966256864333333,4979.01991223504
0.08740875684,4985.040112474978
0.08783805438333335,4991.060312681633
0.08816002748333333,4997.080512921571
0.08794537875333334,5003.10071316151
0.08751608128333332,5009.120913401448
0.08515494516333333,5015.141113641386
0.08461832341500002,5021.161313848042
0.08365240404533335,5027.18151408798
0.083115782218,5033.201714327918
0.08279380912766668,5039.221914567856
0.08107661923266667,5045.242114841079
0.08375972845466667,5051.262315081017
0.08408170155133333,5057.282515320955
0.08418902595133333,5063.302715560893
0.08322310661366666,5069.322915800832
0.08257916034233334,5075.343116007487
0.08558424265333332,5081.363316247425
0.08515494522666667,5087.3835164873635
0.08504762081666667,5093.403716727302
0.08612086440333333,5099.42391696724
0.08590621569333334,5105.4441171738945
0.08655016184999999,5111.464317413833
0.08504762072666666,5117.484517653771
0.08633551308,5123.50471789371
0.08633551309,5129.5249181336485
0.08569156686666667,5135.545118406871
0.08730143234666667,5141.565318646809
0.08740875673333333,5147.585518886747
0.08708678356666666,5153.6057191266855
0.08687213481333333,5159.62591933334
0.08601353988666666,5165.646119573278
0.08547691803666667,5171.666319813216
0.08257916005333332,5177.686520053156
0.08354507939666667,5183.706720293094
0.08182788943666668,5189.726920533032
0.08053999702999999,5195.747120739687
0.08214986257,5201.767320979625
0.07989605082666666,5207.787521219563
0.07871548275,5213.807721459501
0.07893013147666667,5219.827921699441
0.0776422391,5225.848121972662
0.07764223906333333,5231.868322212601
0.07517377855333333,5237.888522452539
0.07624702228333333,5243.908722659194
0.07485180548333333,5249.928922899132
0.07334926433666666,5255.94912313907
0.07420785929666666,5261.9693233790085
0.07506645424000001,5267.989523618947
0.07613969788000001,5274.009723858886
0.07291996686,5280.02992406554
0.07249066936333333,5286.050124305479
0.07485180549666666,5292.070324545417
0.07431518366,5298.090524785355
0.07452983236666666,5304.1107250252935
0.07173939882333333,5310.130925231949
0.07270531809333335,5316.151125471887
0.07377856179,5322.171325778392
0.07442250799000001,5328.1915260183305
0.07474448105999999,5334.211726224986
0.07367123742333333,5340.231926464924
0.07302729119,5346.252126704862
0.07324193989333333,5352.272326944801
0.07356391302333333,5358.292527184739
0.07270531809,5364.312727391394
0.07474448106,5370.3329276313325
0.07549575163000001,5376.353127871271
0.07345658865666667,5382.373328111209
0.07216869632,5388.393528351147
0.07302729122333333,5394.413728591086
0.07281264252000001,5400.433928797741
0.07098812832,5406.454129037679
0.07088080395333334,5412.474329344184
0.07109545268666666,5418.49452955084
0.07066615525666667,5424.514729790778
0.06819769482333334,5430.534930030716
0.06830501919333333,5436.555130270654
0.06873431669,5442.575330510593
0.06862699229333333,5448.595530717247
0.06648050496666667,5454.615730957185
0.06487063944,5460.635931197125
0.06669515370333334,5466.656131437063
0.06497796380666666,5472.676331677001
0.06744642427333335,5478.696531916939
0.06680247803666667,5484.716732123594
0.06551458564,5490.736932363532
0.06658782930666667,5496.75713260347
0.06701712677333334,5502.77733284341
0.06540726127333334,5508.797533116631
0.06540726124,5514.81773335657
0.06562190997333334,5520.837933596508
0.06401204440333334,5526.8581338364465
0.06390472003333333,5532.878334076385
0.06540726116333334,5538.898534283039
0.06583655863,5544.9187345229775
0.06347542253333334,5550.938934762916
0.06454866622666668,5556.959135002855
0.06551458549333333,5562.979335242793
0.06444134182666666,5568.999535449448
0.06143625952666667,5575.019735689386
0.06465599052333333,5581.039935929324
0.06369007121999999,5587.0601361692625
0.06272415189000001,5593.080336409201
0.06304612498666666,5599.100536682423
0.06304612495333334,5605.120736922361
0.06476331482000001,5611.1409371623
0.06229485438666666,5617.161137402239
0.06326077368666666,5623.181337608893
0.06487063918666668,5629.201537848831
0.06369007112,5635.22173808877
0.06326077362,5641.241938328708
0.06465599042333334,5647.262138568646
0.06422669292333334,5653.2823387753015
0.06465599039666665,5659.30253901524
0.06487063913,5665.322739255178
0.06540726096333334,5671.342939495116
0.06583655843333333,5677.363139735055
0.06411936855,5683.383339974993
0.06562190968,5689.403540181648
0.06744642393,5695.423740488153
0.06605120713333333,5701.443940728092
0.06637318023333333,5707.464140934747
0.06519261220666668,5713.484341174685
0.06733909954666667,5719.504541414623
0.06723177519333333,5725.524741654562
0.06680247771333332,5731.5449418945
0.06648050461999999,5737.565142134438
0.06583655840666668,5743.585342341094
0.06712445082666667,5749.605542581032
0.06626585588999999,5755.62574282097
0.06572923404333332,5761.645943060908
0.06787572139666666,5767.666143300847
0.06798304575666667,5773.686343507501
0.06690980208666668,5779.706543747439
0.06744642392666667,5785.726744053945
0.06766107264666667,5791.7469442606
0.06776839700333333,5797.767144500539
0.06809037011666667,5803.787344740477
0.06873431631666667,5809.8075449804155
0.06927093815,5815.827745220354
0.06959291124333333,5821.847945460292
0.07098812801333333,5827.8681456669465
0.07152474985333333,5833.888345906885
0.07152474984666667,5839.908546146824
0.07098812801333333,5845.928746386762
0.07088080363333334,5851.9489466267005
0.07291996661666665,5857.969146866639
0.07184672294333333,5863.989347073293
0.07291996662666667,5870.009547313231
0.07249066915666667,5876.0297476197375
0.0703441818,5882.049947826392
0.07109545237333334,5888.07014806633
0.07109545238666667,5894.090348306269
0.07291996663,5900.110548546208
0.07152474985,5906.130748786146
0.07077347928000001,5912.1509489928
0.07131010112666666,5918.171149232739
0.07184672296000001,5924.191349472677
0.06980755996333333,5930.211549712615
0.06927093815,5936.231749952554
0.06884164067,5942.251950192493
0.06637318021333334,5948.272150399147
0.06529993655666666,5954.292350639085
0.06615853148,5960.312550879024
0.06519261217,5966.332751118962
0.06411936849666666,5972.352951392184
0.06175823241,5978.373151632122
0.059933718170000004,5984.3933518720605
0.06122161057666667,5990.413552111999
0.05843117704,5996.433752318654
0.05585539222,6002.453952558592
0.05403087797,6008.474152798531
0.05467482417333333,6014.494353038469
0.05156241753666666,6020.514553278407
0.049093957093333335,6026.5347535183455
0.049737903279999995,6032.554953725001
0.04694746973333334,6038.575153964939
0.04748409158,6044.595354204877
0.04598155045,6050.615554444816
0.045874226073333337,6056.635754684754
0.04501563113666667,6062.655954957976
0.04533760422666667,6068.676155197914
0.04651817226333333,6074.696355437853
0.046625496630000006,6080.716555677791
0.047484091549999996,6086.736755884446
0.04726944281333334,6092.7569561243845
0.04684014534666667,6098.777156364323
0.04780606464333333,6104.797356604261
0.0469474697,6110.817556844199
0.04759141589333333,6116.837757050854
0.04630352349,6122.857957290793
0.045981550386666674,6128.878157530731
0.04716211842333334,6134.8983577706695
0.046303523486666665,6140.918558010608
0.045659577283333336,6146.938758250546
0.04523027982,6152.9589584572
0.04426436052,6158.979158763706
0.043298441220000004,6164.999359003645
0.04372773869,6171.019559210299
0.04158125135666666,6177.039759450238
0.04125927826333334,6183.059959690177
0.04050800769,6189.080159930115
0.039649412763333336,6195.100360170053
0.038683493463333336,6201.120560409991
0.038146871633333336,6207.140760616646
0.038254196,6213.160960856584
0.039542088393333334,6219.181161096523
0.03868349346666667,6225.201361336462
0.03793222290333333,6231.2215615764
0.03943476402999999,6237.241761783054
0.0388981422,6243.2619620229925
0.03793222291,6249.2821623294985
0.0385761691,6255.302362536153
0.03879081783,6261.322562776091
0.03889814220333333,6267.3427630160295
0.042010548829999994,6273.362963255968
0.039649412763333336,6279.383163495907
0.040508007693333334,6285.403363735845
0.04104462953333333,6291.4235639425
0.04190322446333333,6297.443764182438
0.04072265643,6303.463964422376
0.03900546657,6309.4841646623145
0.040508007703333335,6315.504364902253
0.03825419601,6321.524565108908
0.03578573558333333,6327.544765348846
0.03782489854333333,6333.564965588785
0.03589305996,6339.585165895291
0.03718095235,6345.605366101945
0.03589305995666667,6351.625566341883
0.036966303613333334,6357.645766581822
0.03825419601,6363.66596682176
0.03782489853666667,6369.686167061698
0.03900546656666667,6375.7063672683535
0.040078710233333335,6381.726567508292
0.04211787320333333,6387.74676774823
0.04125927826333333,6393.766967988168
0.04158125135666666,6399.787168228107
0.04201054882333333,6405.807368468045
0.04394238742333333,6411.8275686747
0.045015631093333335,6417.847768914638
0.046088874753333335,6423.867969154577
0.048557335189999995,6429.888169394515
0.050703822536666665,6435.908369667737
0.05274298551000001,6441.928569907675
0.052742985506666666,6447.948770147614
0.05456749975333333,6453.968970387552
0.056821311476666664,6459.989170594207
0.05767990640666667,6466.009370834146
0.05800187951666667,6472.029571074084
0.05886047446333333,6478.049771314022
0.06132893493,6484.06997155396
0.05982639379333334,6490.090171793899
0.05800187954,6496.110372000553
0.060148366896666666,6502.130572240492
0.05875315013333334,6508.1507724804305
0.05928977198666666,6514.170972720369
0.05928977200333333,6520.191172960307
0.060684988796666665,6526.211373233529
0.060792313173333334,6532.2315734734675
0.05993371823333334,6538.251773713406
0.05993371825999999,6544.271973953344
0.061006961916666665,6550.2921741599985
0.06068498883333332,6556.312374399938
0.05875315022666666,6562.332574639876
0.059182447693333334,6568.352774879814
0.057787230929999996,6574.3729751197525
0.05617736539333334,6580.393175326407
0.057035960350000005,6586.413375566345
0.05843117711333332,6592.433575806283
0.056070041036666664,6598.453776046222
0.055855392309999995,6604.473976286161
0.05692863597666667,6610.494176526099
0.057035960340000004,6616.514376732754
0.056284689756666666,6622.53457703926
0.05649933850333333,6628.554777279198
0.05692863597666667,6634.574977485852
0.05875315021,6640.595177725791
0.05714328470333333,6646.615377965729
0.05778723090333333,6652.635578205667
0.05832385272999999,6658.655778445606
0.05832385271333334,6664.675978652261
0.056713987210000004,6670.696178892199
0.05789455524666667,6676.716379132137
0.05961174512666667,6682.7365793720755
0.057465257773333334,6688.756779612014
0.056499338446666665,6694.776979851952
0.058967798886666666,6700.797180058607
0.05746525774333333,6706.817380298546
0.05735793336333333,6712.837580605052
0.056821311523333334,6718.857780811706
0.05821652830666666,6724.877981051644
0.05660666278333334,6730.898181291583
0.055104121633333336,6736.918381531521
0.05628468967333333,6742.938581771459
0.057679906453333325,6748.9587820113975
0.05682131152,6754.978982218053
0.057572582086666664,6760.999182457991
0.05864582577,6767.019382697929
0.05682131153666667,6773.039582937868
0.054138202366666666,6779.059783177806
0.05499679730333334,6785.079983384461
0.05682131155666667,6791.1001836243995
0.055426094776666664,6797.120383864338
0.05435285112333333,6803.14058413756
0.05381622928333333,6809.160784377498
0.055533419179999995,6815.1809846174365
0.05360158056666666,6821.201184857375
0.05274298562666666,6827.221385097313
0.05274298562333333,6833.241585337251
0.05070382265666667,6839.261785543907
0.05124044447666667,6845.281985783845
0.049415930276666666,6851.302186023783
0.04791338913666667,6857.3223862637215
0.047376767310000005,6863.34258650366
0.048235362243333336,6869.362786710314
0.04705479419,6875.382986950252
0.04533760434333334,6881.403187190192
0.044371685036666664,6887.42338743013
0.04233252206333334,6893.443587670068
0.04201054896666667,6899.46378794329
0.03932743979,6905.483988183229
0.036322357528,6911.504188423167
0.035678411311333334,6917.524388663105
0.03707362808333333,6923.5445888697595
0.033961221453333336,6929.564789109698
0.03396122144233333,6935.584989349636
0.032887977767,6941.605189589575
0.033209950871,6947.625389829514
0.032458680302666666,6953.645590069452
0.032136707198333336,6959.665790276106
0.032780653376,6965.6859905160445
0.031600085337666665,6971.706190755983
0.033317275207,6977.726390995921
0.03396122140233333,6983.74659123586
0.033853897040000004,6989.7667915090815
0.033531923943,6995.786991749021
0.03524911380666667,7001.807191988959
0.036107708743333335,7007.827392195613
0.03803954733933334,7013.847592435552
0.036000384382999996,7019.86779267549
0.037502925511000006,7025.887992915428
0.04029335904466667,7031.9081931553665
0.039864061582666664,7037.928393395306
0.04158125147333333,7043.94859360196
0.04158125146333334,7049.968793841898
0.042654495117,7055.988994081837
0.04458633374266666,7062.009194321775
0.04480098250766667,7068.029394561713
0.04694746983433334,7074.049594801651
0.05081114706166667,7080.069795008307
0.052742985666666665,7086.089995314812
0.05306495876,7092.110195554751
0.05370890496333334,7098.130395761405
0.05574806793333333,7104.150596001344
0.05703596034333334,7110.170796241282
0.058860474589999996,7116.19099648122
0.06293880055333334,7122.211196721159
0.06326077367333334,7128.231396927814
0.06497796356666667,7134.251597167752
0.06787572149666667,7140.27179740769
0.07088080378,7146.291997647629
0.07377856170333334,7152.312197887567
0.07291996678333333,7158.332398127505
0.07528110286666667,7164.352598334161
0.07699829276666666,7170.372798574099
0.07807153646666666,7176.392998880604
0.07774956336666668,7182.413199087259
0.07871548269999999,7188.433399327198
0.08300845739333333,7194.453599567136
0.08129126753333334,7200.473799807074
0.08139859193333333,7206.494000047012
0.08429634982666667,7212.514200286951
0.08644283722666668,7218.534400493605
0.08547691793000001,7224.554600733544
0.08805270276,7230.5748009734825
0.08934059522666667,7236.595001213421
0.09095046072666668,7242.615201453359
0.09180905572666666,7248.6354016600135
0.09202370449666668,7254.655601899952
0.09223835322666667,7260.67580213989
0.09170173139666667,7266.696002413112
0.09653132796000001,7272.7162026530505
0.09653132799333332,7278.73640289299
0.09620935489333333,7284.756603132928
0.09932176159333334,7290.776803372866
0.09878513972666665,7296.7970036128045
0.10007303212666667,7302.817203819459
0.09975105906,7308.837404059397
0.10018035652666667,7314.857604299335
0.10221951956000001,7320.877804539275
0.10382938512666666,7326.898004779213
0.10372206072666668,7332.918204985867
0.10393670949333333,7338.938405225806
0.10361473636,7344.958605465744
0.10565389936666668,7350.978805705682
0.10447333129999999,7356.99900594562
0.10340008756333334,7363.019206218843
0.10415135816666667,7369.039406458781
0.10393670934333332,7375.05960669872
0.10640516987666666,7381.079806938658
0.10576122362333333,7387.100007145313
0.10898095467333334,7393.120207385251
0.10597587230000001,7399.140407625189
0.10651249417333335,7405.1606078651275
0.10919560336333334,7411.180808105066
0.10855165712999999,7417.201008345005
0.10930292768666668,7423.221208551659
0.10962490081666666,7429.241408791598
0.11026884700999999,7435.261609031536
0.11059082010333332,7441.281809271474
0.10704911590999999,7447.3020095114125
0.10951757637666666,7453.322209784635
0.10822968394999999,7459.342410024573
0.1095175764,7465.362610264511
0.10833700831,7471.3828104711665
0.1091956033,7477.403010711105
0.10619052092666666,7483.423210951043
0.10844433269999999,7489.443411190981
0.10790771088,7495.46361143092
0.10694179155333333,7501.483811670858
0.10608319661,7507.504011877513
0.10812235965999999,7513.5242121174515
0.10844433275333333,7519.54441235739
0.10822968403666666,7525.564612597328
0.10801503533000001,7531.584812837266
0.10941025213333333,7537.605013043921
0.10941025214,7543.625213283859
0.10780038663666668,7549.645413590365
0.10962490092999999,7555.665613830303
0.10855165727666667,7561.685814036959
0.10994687407333333,7567.706014276897
0.10844433292666666,7573.726214516835
0.10973222536666666,7579.746414756773
0.10876630609,7585.766614996712
0.10941025231666666,7591.786815203366
0.11059082035666667,7597.807015443304
0.10994687415666667,7603.827215683244
0.11187871288333333,7609.847415923182
0.11177138851666667,7615.86761616312
0.11166406412,7621.887816403058
0.11262998348333335,7627.908016609713
0.11359590278666669,7633.928216849651
0.11348857848666667,7639.948417156157
0.11026884728333335,7645.9686173628115
0.11402520032333334,7651.98881760275
0.11509844405666668,7658.009017842689
0.11584971468333334,7664.029218082627
0.11542041718666667,7670.0494183225655
0.11316660541666668,7676.06961852922
0.11262998361333333,7682.089818769158
0.11144941550666666,7688.1100190090965
0.11209336174333333,7694.130219249035
0.11016152309999999,7700.150419488974
0.1085516575,7706.170619728912
0.10790771126,7712.190819935567
0.10704911632333332,7718.211020175505
0.1061905214,7724.231220415443
0.10415135836333334,7730.251420688665
0.10189754657333334,7736.271620928604
0.09878513983,7742.291821168542
0.09663865244999999,7748.31202140848
0.09717527428666667,7754.332221648418
0.09427751627333332,7760.352421888358
0.09256032637666667,7766.372622095012
0.09137975832666667,7772.39282233495
0.08987721713,7778.413022574889
0.09030651459,7784.433222814827
0.08880397344666667,7790.453423054765
0.08783805412666668,7796.4736232614205
0.08762340533666667,7802.493823501359
0.08676481038333334,7808.514023741297
0.08858932465999998,7814.534223981235
0.08590621547333332,7820.554424221174
0.08622818854999999,7826.574624494396
0.08655016170333334,7832.594824734334
0.08547691806,7838.615024974272
0.08375972815999999,7844.635225214211
0.08365240375333333,7850.655425420866
0.08290113321,7856.675625660804
0.07978872654000001,7862.695825900742
0.08032534837000001,7868.716026140681
0.078178861,7874.736226380619
0.07807153663,7880.756426587273
0.07807153663333333,7886.776626827213
0.07828618536666666,7892.796827067151
0.07506645433,7898.817027307089
0.0747444812,7904.837227547027
0.07463715687,7910.857427786966
0.07302729133333334,7916.877628060188
0.07109545273333334,7922.897828300126
0.06980756034333334,7928.918028540064
0.06809037043666667,7934.938228746719
0.06830501917666666,7940.958428986658
0.06798304610333333,7946.978629226596
0.06884164103333333,7952.9988294665345
0.06712445113,7959.019029706473
0.06658782933666667,7965.039229946411
0.06637318056666668,7971.0594301530655
0.06658782929666666,7977.079630393004
0.06830501919333333,7983.099830632943
0.06776839733,7989.120030872881
0.0673390999,7995.1402311128195
0.06712445113333333,8001.160431319474
0.0661585318,8007.180631559412
0.06884164103333333,8013.200831865918
0.06755374856666667,8019.221032072573
