Average lockin_signal,Ion velocity
0.08150591612666666,-5910.558211062792
0.08354507911333332,-5904.589173982045
0.08762340514,-5898.620136901299
0.08558424212666667,-5892.65109988712
0.08655016143666668,-5886.682062806373
0.08848200007,-5880.713025725627
0.09041383870666668,-5874.74398864488
0.09084313618333333,-5868.774951564134
0.08976989246333333,-5862.805914549955
0.08966256809,-5856.836877469208
0.08966256809666666,-5850.867840388461
0.08934059499666668,-5844.898803374283
0.08987721683666668,-5838.929766293536
0.08955524371666666,-5832.960729279357
0.09234567731333333,-5826.9916921986105
0.09170173106333333,-5821.022655051296
0.09341892099,-5815.053618037117
0.09202370418,-5809.084580956371
0.09406286721666667,-5803.115543942192
0.09481413776333332,-5797.146506861445
0.09427751592,-5791.177469780699
0.09620935458666667,-5785.20843276652
0.09588738144000002,-5779.239395685773
0.09492146213666668,-5773.270358605027
0.09578005709666666,-5767.30132152428
0.09502878651,-5761.332284443533
0.09610203022666668,-5755.3632474293545
0.09513611090666667,-5749.394210348608
0.09749724700000001,-5743.425173267861
0.09738992265333334,-5737.4561362536815
0.09846316636666667,-5731.487099172936
0.09910711258,-5725.518062158756
0.09889246384666667,-5719.549025011443
0.10028768063666667,-5713.579987930696
0.10125359998,-5707.610950916517
0.10114627559666667,-5701.6419138357705
0.10146824872,-5695.672876821591
0.10243416804666668,-5689.703839740844
0.10415135798666668,-5683.734802660098
0.10232684372,-5677.765765645919
0.10275614121999999,-5671.796728565172
0.10415135802333335,-5665.8276914844255
0.10458065550333334,-5659.858654403679
0.10415135800666668,-5653.889617322933
0.10361473616,-5647.920580308753
0.10586854796666667,-5641.951543228007
0.10500995298999999,-5635.98250614726
0.10404403367333333,-5630.013469133081
0.10490262867000001,-5624.044432052335
0.10382938495999999,-5618.075395038156
0.10243416814666667,-5612.1063578908415
0.10329276311333334,-5606.137320810095
0.10619052108333334,-5600.168283795916
0.10254149254333333,-5594.1992467151695
0.10264881688333333,-5588.230209700991
0.10372206059333333,-5582.261172620244
0.10232684381,-5576.292135539497
0.10307811440666666,-5570.3230985253185
0.10415135806999999,-5564.354061378004
0.10436600685999999,-5558.385024363825
0.10350741188333334,-5552.415987283079
0.10307811438666666,-5546.446950202332
0.10232684383333333,-5540.477913188153
0.10286346567666667,-5534.508876107407
0.10179022198666667,-5528.53983902666
0.10189754639,-5522.57080201248
0.10286346574,-5516.601764931735
0.10382938506666667,-5510.632727850988
0.10318543885999999,-5504.663690770241
0.10254149264000001,-5498.694653689495
0.10297079012666666,-5492.725616675316
0.10200487081666666,-5486.756579594569
0.10179022203333334,-5480.7875425803895
0.10286346578,-5474.818505499643
0.10168289772333333,-5468.849468418896
0.09910711285666667,-5462.8804314047175
0.09985838345666669,-5456.911394257404
0.10028768093333333,-5450.942357243224
0.09728259858333334,-5444.973320162478
0.09857049101666666,-5439.004283081732
0.09653132798666668,-5433.035246067552
0.09588738180333334,-5427.066208986806
0.09631667923333333,-5421.097171906059
0.09513611116,-5415.12813489188
0.09427751616333334,-5409.159097744567
0.09341892127333334,-5403.190060730387
0.09062848765999999,-5397.22102364964
0.09170173129999999,-5391.251986568894
0.09148708251666667,-5385.282949554715
0.09062848759999999,-5379.313912473968
0.09052116320333332,-5373.344875459789
0.08891129767333333,-5367.375838379043
0.08869664890000001,-5361.406801298296
0.08816002703999999,-5355.43776421755
0.08783805394,-5349.468727136803
0.08719410773666665,-5343.499690122624
0.08526226906333334,-5337.5306530418775
0.08386705225666667,-5331.561615961131
0.08290113295,-5325.592578946952
0.08161324054666666,-5319.623541866205
0.08075464557666666,-5313.654504785459
0.07796421199333332,-5307.685467771279
0.07978872627333335,-5301.716430623966
0.07689096829666667,-5295.747393609787
0.07667631956,-5289.77835652904
0.07367123724666667,-5283.8093194482935
0.07270531797333334,-5277.840282434115
0.07334926417333333,-5271.871245353368
0.07141742554,-5265.902208339188
0.07077347934,-5259.933171258442
0.07002220876666666,-5253.964134111128
0.06905628944666665,-5247.995097096949
0.06798304576333333,-5242.026060016203
0.06701712645666667,-5236.057023002023
0.06411936854,-5230.087985921276
0.06422669289666667,-5224.118948840531
0.06261682738,-5218.149911826351
0.06132893498333333,-5212.180874745604
0.06132893499,-5206.211837664858
0.061006961866666674,-5200.242800584111
0.06025569128,-5194.273763503365
0.05928977198666666,-5188.304726489186
0.05875315014666666,-5182.335689408439
0.05639201406666667,-5176.3666523276925
0.05692863590333333,-5170.397615313514
0.05714328462999999,-5164.428578232767
0.056606662780000004,-5158.459541218588
0.05521144602333333,-5152.4905041378415
0.053923553613333335,-5146.521466990527
0.053816229259999994,-5140.552429976348
0.052850309946666674,-5134.583392895602
0.05424552671333333,-5128.614355881423
0.05274298559666666,-5122.645318800676
0.053172283056666665,-5116.67628171993
0.05134776884333333,-5110.707244705751
0.052850309963333335,-5104.738207625004
0.052742985609999994,-5098.769170544258
0.05295763434666667,-5092.800133463511
0.05124044446666667,-5086.831096382764
0.05199171504,-5080.8620593685855
0.053923553623333335,-5074.893022287839
0.05446017546,-5068.923985207092
0.05242101247666666,-5062.954948192913
0.053386931793333335,-5056.985911112167
0.05327960741999999,-5051.01687403142
0.05327960740666667,-5045.047836950674
0.052742985593333326,-5039.078799869927
0.05285030995,-5033.109762855748
0.05317228304333333,-5027.140725775002
0.05317228305333333,-5021.171688760822
0.052421012473333334,-5015.202651680075
0.05285030995666667,-5009.2336145993295
0.05574806786,-5003.26457758515
0.05649933842000001,-4997.295540504403
0.053279607400000005,-4991.3265034236565
0.05488947290666666,-4985.35746634291
0.05413820234,-4979.388429262164
0.05488947289999999,-4973.419392247984
0.054782148526666664,-4967.450355167238
0.05542609474333333,-4961.481318086491
0.055748067836666665,-4955.512281072312
0.055962716569999994,-4949.543243991566
0.05649933840000001,-4943.574206910819
0.05746525770666666,-4937.605169830073
0.057787230806666666,-4931.636132749326
0.058001879533333335,-4925.667095735147
0.057679906430000004,-4919.6980586544005
0.059182447566666664,-4913.729021640222
0.060684988716666666,-4907.759984559475
0.06014836686666667,-4901.790947478728
0.059933718143333335,-4895.82191046455
0.06025569124,-4889.852873317235
0.06047033997666667,-4883.883836303056
0.060041042509999996,-4877.91479922231
0.060041042526666664,-4871.945762141563
0.06014836689666666,-4865.976725127384
0.06250950299000001,-4860.007688046638
0.06143625930333333,-4854.038650965891
0.06154358366999999,-4848.069613951712
0.06132893493666667,-4842.100576870966
0.06100696183666667,-4836.131539790219
0.06304612481666666,-4830.162502709472
0.06326077354333333,-4824.193465628726
0.06283147608,-4818.224428614547
0.0614362593,-4812.2553915338
0.06068498873666667,-4806.2863545196205
0.06143625929666666,-4800.317317438874
0.06089963747000001,-4794.348280358128
0.06047033999999999,-4788.379243277382
0.05961174506,-4782.410206196635
0.057787230806666666,-4776.441169182455
0.05886047447666667,-4770.472132101709
0.05767990643666667,-4764.503095020963
0.05896779885666666,-4758.534058006783
0.056928635883333335,-4752.565020926037
0.05596271657666666,-4746.59598384529
0.05424552671,-4740.626946831111
0.05692863589666667,-4734.657909683798
0.05692863589666666,-4728.688872669618
0.057572582103333325,-4722.719835588871
0.05607004096666667,-4716.750798508125
0.05499679730666666,-4710.781761493946
0.05564074352,-4704.812724413199
0.05553341918000001,-4698.84368739902
0.05617736540666666,-4692.874650318274
0.05392355369333333,-4686.905613237527
0.05564074359000001,-4680.936576156781
0.05499679739333333,-4674.967539076034
0.05660666291666666,-4668.998502061855
0.054674824313333335,-4663.0294649811085
0.05671398730000001,-4657.060427900362
0.055640743662333327,-4651.091390886183
0.05499679746333334,-4645.122353805436
0.05735793354666666,-4639.15331672469
0.054567499968,-4633.184279643943
0.05531877054466666,-4627.215242563197
0.056499338563333334,-4621.246205549018
0.055855392378333334,-4615.277168468271
0.054674824323333336,-4609.308131387525
0.05596271672666667,-4603.339094373346
0.05607004109,-4597.370057292599
0.056606662886666666,-4591.4010202118525
0.05585539231666666,-4585.431983197673
0.05456749991333334,-4579.462946050359
0.05488947297333333,-4573.49390903618
0.05370890493666667,-4567.524871955434
0.053923553650000004,-4561.555834941254
0.05209903942666667,-4555.586797860507
0.05263566122333333,-4549.617760779762
0.051347768806666666,-4543.648723765582
0.05070382260666667,-4537.679686684835
0.05048917385999999,-4531.710649604089
0.04920128144666667,-4525.741612523342
0.04941593017666667,-4519.7725754425965
0.04791338903666666,-4513.803538428417
0.04694746972666667,-4507.83450134767
0.04447900927666667,-4501.8654642669235
0.04490830675666666,-4495.896427252745
0.04523027985333333,-4489.927390171998
0.045552252950000004,-4483.958353091251
0.04501563111,-4477.989316010505
0.04426436055333333,-4472.020278929758
0.044479009273333335,-4466.051241915579
0.04447900928,-4460.082204834833
0.045230279836666665,-4454.113167820654
0.04329844124333334,-4448.144130739907
0.04415703617333333,-4442.175093659161
0.04276181940999999,-4436.206056644982
0.04319111687,-4430.237019564235
0.042439846303333334,-4424.267982483489
0.04254717066666667,-4418.298945402742
0.041151953916666664,-4412.329908321995
0.04147392700666667,-4406.3608713078165
0.039434764043333334,-4400.39183422707
0.041259278280000006,-4394.422797146323
0.04018603462333333,-4388.453760132144
0.038468844763333336,-4382.484723051398
0.039220115326666666,-4376.515685970651
0.039971385899999996,-4370.546648889905
0.04222519760333333,-4364.577611809158
0.040293359003333334,-4358.608574794979
0.04201054888333333,-4352.639537714233
0.04201054889333333,-4346.670500700053
0.044157036233333335,-4340.701463619306
0.041259278346666664,-4334.7324265385605
0.04329844133666667,-4328.763389524381
0.04340576570333334,-4322.794352377067
0.041366602733333334,-4316.8253153628875
0.04308379262333334,-4310.856278282141
0.04426436068,-4304.887241201395
0.04233252208833333,-4298.918204187215
0.043942387607666666,-4292.949167106469
0.041473927200999995,-4286.980130025722
0.04447900949,-4281.011093011543
0.04555225315966666,-4275.042055930797
0.049308606005000005,-4269.07301885005
0.049845227830000005,-4263.103981769304
0.05113312020666666,-4257.134944688557
0.052528336993333334,-4251.165907674378
0.055211446160000004,-4245.1968705936315
0.055855392356666665,-4239.227833579453
0.05617736545666666,-4233.258796498706
0.05886047461333333,-4227.289759417959
0.06068498886666667,-4221.320722403781
0.06304612494,-4215.351685256466
0.06218753,-4209.382648242287
0.06454866607,-4203.413611161541
0.06787572147333333,-4197.444574080794
0.06851966770333333,-4191.475537066615
0.06851966770666666,-4185.506499985869
0.07023685757333333,-4179.537462905122
0.07227602057,-4173.568425890943
0.07345658863666667,-4167.599388743629
0.07506645411666667,-4161.63035172945
0.07495912974333334,-4155.661314648703
0.07689096841,-4149.692277567957
0.07764223898,-4143.723240553778
0.07764223895333333,-4137.754203473031
0.07946675322,-4131.785166392285
0.08043267255333332,-4125.816129378105
0.07968140198,-4119.847092297359
0.08182788933333333,-4113.878055216613
0.08375972797000002,-4107.909018135866
0.08483297167333333,-4101.939981121686
0.08590621534666666,-4095.97094404094
0.08622818845,-4090.0019069601935
0.08633551281333333,-4084.032869946014
0.08869664892666668,-4078.063832865268
0.09019919009999999,-4072.0947957845215
0.08869664892666666,-4066.125758770342
0.08783805399333333,-4060.1567216230283
0.08998454133666667,-4054.1876846088494
0.08934059513666666,-4048.218647528103
0.08740875649000002,-4042.249610447356
0.08987721697333333,-4036.280573433177
0.08783805396333333,-4030.3115363524303
0.08708678335999999,-4024.342499271684
0.08665748589,-4018.373462257505
0.08891129761333333,-4012.404425110191
0.08901862200999999,-4006.4353880960116
0.08730143209666667,-4000.466351015265
0.08751608083333333,-3994.497314001086
0.08644283716000001,-3988.5282769203395
0.08751608084,-3982.559239839593
0.08644283713333334,-3976.5902028254136
0.08408170105333335,-3970.6211657446675
0.08429634979,-3964.652128663921
0.08365240357666666,-3958.6830915831742
0.08311578177333333,-3952.7140545024276
0.08214986246666667,-3946.745017488249
0.0823645112,-3940.775980407502
0.08011069948,-3934.8069433267556
0.07935942888666667,-3928.8379063125763
0.07893013139,-3922.8688692318296
0.07774956337333333,-3916.8998321510835
0.07571040037,-3910.930795136904
0.07517377853,-3904.9617579895903
0.07474448103333332,-3898.992720975411
0.07238334496,-3893.0236838946644
0.07249066932333333,-3887.0546468804855
0.07152475002333332,-3881.085609799739
0.06948558702,-3875.1165727189923
0.07023685765333333,-3869.147535704813
0.07002220888666667,-3863.178498624067
0.06980756015333334,-3857.2094615433202
0.06830501898666667,-3851.2404244625736
0.06905628962,-3845.271387381827
0.06841234338666667,-3839.3023503676477
0.06884164085333333,-3833.3333132869016
0.06615853165333334,-3827.364276206155
0.06583655855333333,-3821.3952391919756
0.06701712658666666,-3815.426202111229
0.06540726105333333,-3809.457165030483
0.06261682752333332,-3803.4881279497363
0.061221610759999996,-3797.5190908689897
0.06111428635666666,-3791.5500538548104
0.06143625945666667,-3785.5810167740638
0.05982639396,-3779.611979759885
0.05682131166333334,-3773.6429426791383
0.05746525786333334,-3767.6739055983917
0.057465257863333334,-3761.7048685842124
0.05649933857,-3755.735831503466
0.0570359604,-3749.7667944227196
0.05435285119666666,-3743.797757341973
0.05360158062333333,-3737.8287202612264
0.05521144616999999,-3731.859683247047
0.05220636384999999,-3725.890646166301
0.05252833695,-3719.9216090855543
0.05134776891,-3713.952572071375
0.05124044458666666,-3707.9835349906284
0.051777066399999995,-3702.0144979098823
0.04887930845666666,-3696.0454608291357
0.04694746985,-3690.076423748389
0.04565957746666666,-3684.1073867342097
0.044479009406666666,-3678.138349653463
0.04415703629666667,-3672.1693126392843
0.04254717081,-3666.2002755585377
0.042332522086666664,-3660.231238477791
0.041473927130000005,-3654.2622014636117
0.03964941289333334,-3648.2931643162983
0.03986406164333334,-3642.324127302119
0.03718095246333333,-3636.3550902213724
0.03707362809333333,-3630.386053140626
0.03428319458,-3624.4170161264465
0.03524911389166667,-3618.4479790457003
0.032780653449999995,-3612.4789419649537
0.032995302206000006,-3606.5099049507744
0.034283194569666664,-3600.540867870028
0.03256600472933333,-3594.5718307892816
0.03224403162266667,-3588.602793708535
0.033317275289333335,-3582.6337566277884
0.03310262653466667,-3576.664719613609
0.03385389707033334,-3570.6956825328625
0.033317275230000006,-3564.7266454521164
0.03439051888,-3558.757608437937
0.035356438166666664,-3552.7885713571904
0.033853897023333336,-3546.819534276444
0.03535643814666667,-3540.8504971956977
0.03718095236,-3534.8814601815184
0.03578573559,-3528.912423100772
0.03675165488333334,-3522.943386020025
0.03653700613666667,-3516.974349005846
0.034927140636666666,-3511.0053119250997
0.03600038429666667,-3505.036274844353
0.03439051880333333,-3499.067237830174
0.03492714063,-3493.09820068286
0.03610770866333333,-3487.129163668681
0.03600038429666667,-3481.1601265879344
0.03460516753,-3475.191089507188
0.035785735560000004,-3469.2220524930085
0.03471249189666667,-3463.253015412262
0.03696630359333333,-3457.2839783315158
0.03600038429333333,-3451.3149413173364
0.037824898520000004,-3445.34590423659
0.03836152035333334,-3439.3768671558432
0.03782489852666667,-3433.407830075097
0.03846884472333333,-3427.4387930609178
0.03900546655666667,-3421.469755980171
0.03997138585666666,-3415.5007188994246
0.03739560106333333,-3409.5316818852452
0.038254195996666664,-3403.562644804499
0.03997138585333333,-3397.5936077237525
0.038254195996666664,-3391.624570643006
0.037932222896666666,-3385.6555335622593
0.03879081784,-3379.6864965480804
0.03997138586333333,-3373.717459467334
0.03836152038000001,-3367.748422386587
0.04082998081333333,-3361.779385372408
0.04179590013,-3355.8103482916613
0.04125927829,-3349.841311210915
0.04265449507,-3343.872274196736
0.04404971185333334,-3337.903237049422
0.04490830681333333,-3331.9342000352426
0.04404971190666667,-3325.9651629544965
0.04737676728666667,-3319.996125940317
0.04662549673666667,-3314.0270888595705
0.046840145516,-3308.058051778824
0.0474840917,-3302.0890147646446
0.04898663284333334,-3296.1199776838985
0.049737903416666666,-3290.150940603152
0.05091847148333334,-3284.1819035224053
0.05295763445666666,-3278.2128664416587
0.055211446183333325,-3272.24382942748
0.056821311699999995,-3266.274792346733
0.05703596043666667,-3260.3057552659866
0.05810920413666667,-3254.3367182518073
0.06014836708666666,-3248.3676811710607
0.06154358389333333,-3242.3986440903145
0.06433401745666667,-3236.429607009568
0.06326077382,-3230.4605699288213
0.06626585612333334,-3224.491532914642
0.06701712669333333,-3218.522495833896
0.06905628971333334,-3212.5534588197165
0.06894896538333334,-3206.58442173897
0.06970023594333334,-3200.6153846582233
0.07088080401,-3194.646347644044
0.07195404775333333,-3188.677310563298
0.07356391327666666,-3182.7082734825512
0.07281264271333333,-3176.7392364018046
0.07367123764666667,-3170.770199321058
0.07388588642,-3164.801162306879
0.07463715698333333,-3158.8321252261326
0.07399321083,-3152.863088145386
0.07399321089333333,-3146.8940511312067
0.07367123780666666,-3140.92501405046
0.07388588650666666,-3134.955976969714
0.07420785963666666,-3128.9869398889673
0.07399321090666666,-3123.0179028082207
0.07538842771,-3117.0488657940414
0.07485180583666666,-3111.0798287132952
0.07571040084333333,-3105.1107916325486
0.07356391345666667,-3099.1417546183693
0.07356391341666667,-3093.1727175376227
0.07291996721666667,-3087.2036805234434
0.07270531848666667,-3081.23464337613
0.07152475038333334,-3075.2656063619506
0.07098812853333333,-3069.296569281204
0.07088080417333333,-3063.3275322004574
0.06980756044333333,-3057.3584951862786
0.06991488483666666,-3051.389458105532
0.06733909993000001,-3045.4204210247854
0.0675537487,-3039.451384010606
0.06379739576333333,-3033.4823469298594
0.06433401758666667,-3027.5133098491133
0.06261682765,-3021.5442727683667
0.06347542261333333,-3015.57523568762
0.06100696211,-3009.6061986734408
0.06186555700333333,-3003.6371615926946
0.06036301584,-2997.668124511948
0.058323852876666665,-2991.6990874977687
0.058216528473333334,-2985.730050417022
0.056499338573333335,-2979.7610134028428
0.05456749994000001,-2973.7919762555293
0.054567499949999994,-2967.82293924135
0.05188439074666667,-2961.8539021606034
0.05209903947,-2955.884865079857
0.05005987649333334,-2949.915828065678
0.04930860592,-2943.9467909849313
0.04898663281000001,-2937.9777539041847
0.04909395717,-2932.0087168900054
0.04673282109000001,-2926.0396797426915
0.047376767313333325,-2920.0706427285127
0.04598155051333334,-2914.101605647766
0.04694746981,-2908.1325685670195
0.04705479417333334,-2902.16353155284
0.047806064749999995,-2896.194494472094
0.04662549669333333,-2890.2254573913474
0.04641084796,-2884.256420377168
0.04973790333,-2878.2873832964215
0.04909395711333333,-2872.318346215675
0.049415930229999995,-2866.3493091349287
0.04866465965333333,-2860.3802721207494
0.048342686543333326,-2854.411235040003
0.050167200776666664,-2848.442197959256
0.04941593020999999,-2842.4731609450773
0.04898663273666667,-2836.5041238643307
0.04887930837666667,-2830.535086783584
0.04866465964333333,-2824.566049769405
0.049523254566666675,-2818.597012622091
0.04780606470333334,-2812.627975607912
0.05027452514333334,-2806.6589385271654
0.05134776882333334,-2800.689901446419
0.052206363740000004,-2794.7208644322395
0.05274298557333334,-2788.7518273514934
0.05252833684666667,-2782.782790270747
0.05349425615333333,-2776.8137532565675
0.05231368811333333,-2770.8447161092536
0.05403087798,-2764.8756790950742
0.05166974191333334,-2758.906642014328
0.054245526733333334,-2752.937605000149
0.053816229259999994,-2746.968567919402
0.05263566122,-2740.9995308386556
0.05456749982,-2735.0304938244767
0.05446017545666667,-2729.06145674373
0.05467482419,-2723.0924196629835
0.05682131153666667,-2717.123382582237
0.055748067869999994,-2711.1543455014903
0.05767990648333333,-2705.1853084873114
0.05574806787666667,-2699.216271406565
0.05907512324333334,-2693.247234325818
0.05918244760666667,-2687.278197311639
0.05875315013333333,-2681.3091602308928
0.05928977196333333,-2675.340123150146
0.06186555679,-2669.371086135967
0.06261682734333333,-2663.402048988653
0.06272415171333334,-2657.4330119744736
0.06497796343,-2651.4639748937275
0.06787572137,-2645.494937812981
0.06884164066,-2639.5259007988016
0.06916361377333334,-2633.556863718055
0.07077347928666666,-2627.587826703876
0.07270531792333333,-2621.6187896231295
0.07495912966,-2615.649752542383
0.07732026574333332,-2609.6807154616363
0.07796421196333334,-2603.7116783808897
0.08129126737333334,-2597.742641366711
0.08107661863666667,-2591.773604285964
0.08290113289666666,-2585.8045672052176
0.08365240347333332,-2579.8355301910383
0.08333043035666667,-2573.866493110292
0.08494029588666667,-2567.8974560295455
0.08536959338333333,-2561.928418948799
0.08526226897,-2555.9593818680523
0.08536959337333333,-2549.990344853873
0.08644283705,-2544.021307773127
0.08622818831666668,-2538.0522706923803
0.08676481015333333,-2532.083233678201
0.08676481017,-2526.1141965974543
0.08934059501000001,-2520.1451595832755
0.08880397316,-2514.176122502529
0.0886966488,-2508.2070854217823
0.08697945888999999,-2502.2380483410357
0.09084313616333334,-2496.269011260289
0.09084313616666667,-2490.29997424611
0.08944791939333334,-2484.3309371653636
0.09062848743333334,-2478.361900084617
0.08998454118999999,-2472.3928630704377
0.08976989248666667,-2466.4238259896915
0.09041383869333335,-2460.454788908945
0.08773072949,-2454.4857518281983
0.08622818833000001,-2448.5167147474517
0.08719410765,-2442.5476777332724
0.08805270260999999,-2436.5786406525262
0.08461832282,-2430.6096035717796
0.08590621527666668,-2424.6405665576003
0.08558424215,-2418.6715294768537
0.08375972787666668,-2412.702492462675
0.08483297155333332,-2406.733455315361
0.08762340516333333,-2400.7644183011816
0.08526226907000001,-2394.795381220435
0.08740875645,-2388.8263441396884
0.08773072957333332,-2382.8573071255096
0.08719410772999998,-2376.888270044763
0.09041383881,-2370.9192329640164
0.08891129764333333,-2364.950195949837
0.08891129766666667,-2358.981158869091
0.08901862206666666,-2353.0121217883443
0.09019919017,-2347.0430847075977
0.08955524396999999,-2341.074047626851
0.09052116330666667,-2335.105010612672
0.08966256836666665,-2329.1359735319256
0.08998454155,-2323.166936451179
0.09170173147333334,-2317.1978994369997
0.09245300207333333,-2311.228862356253
0.09127243402666667,-2305.2598252755065
0.09062848782333334,-2299.2907881947604
0.09223835342666666,-2293.321751180581
0.09202370471,-2287.3527140998344
0.09191638041000001,-2281.383677019088
0.09191638045,-2275.414640004909
0.09191638044,-2269.4456029241624
0.09159440747333332,-2263.4765658434158
0.09137975875333333,-2257.5075288292364
0.09148708316333333,-2251.5384916819226
0.09159440755666666,-2245.5694546677437
0.08848200093166668,-2239.600417586997
0.09180905630000001,-2233.6313805062505
0.09459948996333334,-2227.662343492071
0.09406286815666666,-2221.693306411325
0.09556540928333333,-2215.7242693305784
0.09578005800333333,-2209.755232316399
0.09781922103666667,-2203.7861952356525
0.09975105967666666,-2197.817158154906
0.09899978911333333,-2191.8481210741597
0.09996570836666667,-2185.8790840599804
0.10136092522666668,-2179.910046979234
0.10221952015,-2173.941009898487
0.10436600754666665,-2167.9719728843083
0.10479530497666667,-2162.0029358035617
0.10565389997333334,-2156.033898722815
0.10576122434333333,-2150.0648616420685
0.10747841427333332,-2144.095824561322
0.11048349656333332,-2138.126787547143
0.1116640647,-2132.1577504663965
0.1114494159,-2126.18871338565
0.11134209149666667,-2120.2196763714705
0.11295195709666665,-2114.2506392907244
0.11102011836333332,-2108.281602209978
0.11445449826333332,-2102.3125651957985
0.11402520072666668,-2096.3435280484846
0.11327393009333335,-2090.3744910343053
0.11305928132666665,-2084.405453953559
0.11552774175999998,-2078.4364168728125
0.11466914679333334,-2072.467379858633
0.11488379546,-2066.4983427778866
0.11445449802666667,-2060.5293057637077
0.11370322742666666,-2054.560268682961
0.11252265929333334,-2048.5912316022145
0.11359590299333333,-2042.622194521468
0.11520576859333333,-2036.6531574407215
0.11220068616333334,-2030.6841204265422
0.11134209113,-2024.7150833457958
0.10994687433,-2018.7460462650492
0.10801503569666666,-2012.7770092508702
0.10597587263333332,-2006.8079721701235
0.10619052136333333,-2000.8389350893772
0.10629784564,-1994.8698980086306
0.10447333136999999,-1988.900860927884
0.10350741199333334,-1982.9318239137049
0.1039367095,-1976.9627868329583
0.10146824891,-1970.993749752212
0.10071697835,-1965.0247127380326
0.09706794975333333,-1959.0556756572862
0.09588738165,-1953.0866386431069
0.09610203039,-1947.1176015623605
0.09266765055666666,-1941.148564481614
0.09427751610666667,-1935.1795274008673
0.09009186571,-1929.210490320121
0.08955524384333334,-1923.2414533059416
0.08826735138666665,-1917.2724162251952
0.08687213460666665,-1911.3033791444486
0.08461832284,-1905.3343421302695
0.08354507914333333,-1899.365305049523
0.08172056487333333,-1893.3962679687766
0.07935942879,-1887.42723088803
0.07839350945666666,-1881.4581938072834
0.07699829266999998,-1875.4891567931043
0.07173939868666666,-1869.5201197123577
0.07259799358,-1863.5510826316113
0.07152474991333334,-1857.582045617432
0.07302729107333333,-1851.6130085366856
0.06948558691666666,-1845.6439715225063
0.0683050189,-1839.6749343751926
0.06680247775333333,-1833.7058973610133
0.06605120719333334,-1827.7368602802667
0.06433401731666667,-1821.7678231995203
0.06433401731666667,-1815.798786185341
0.06476331483999999,-1809.8297491045946
0.06347542243333333,-1803.860712023848
0.06379739551000001,-1797.891675009669
0.06250950313999999,-1791.9226379289223
0.0616509082,-1785.953600848176
0.05896779908266667,-1779.9845637674293
0.060148367128,-1774.0155266866827
0.06057766462266667,-1768.0464896725036
0.06089963773766666,-1762.077452591757
0.06132893520766667,-1756.1084155110107
0.06100696208466667,-1750.1393784968313
0.060792313370999995,-1744.170341416085
0.06315344943866667,-1738.2013044019056
0.063904720011,-1732.232267254592
0.064012044368,-1726.2632302404127
0.06519261239,-1720.294193159666
0.06766107283,-1714.3251560789197
0.06809037030333333,-1708.3561190647404
0.06851966775666667,-1702.387081983994
0.06680247785333333,-1696.4180449032474
0.06991488453333333,-1690.4490078890683
0.07077347949666667,-1684.4799707417544
0.06927093833999999,-1678.5109337275753
0.07088080382666667,-1672.5418966468287
0.07173939877666667,-1666.5728595660821
0.07206137187666667,-1660.603822551903
0.07259799371333332,-1654.6347854711564
0.07206137185666667,-1648.66574839041
0.07216869625,-1642.6967113762307
0.07463715668666666,-1636.7276742954843
0.07249066933,-1630.7586372147377
0.07474448104333332,-1624.7896001339914
0.07592504908333332,-1618.8205630532448
0.07581772471666666,-1612.8515260390654
0.07624702220333333,-1606.882488958319
0.07807153645333333,-1600.9134519441398
0.07699829275666668,-1594.9444148633934
0.0765689953,-1588.9753777826468
0.07764223898666667,-1583.0063407684677
0.07968140199333333,-1577.0373036211538
0.08021802383333333,-1571.0682666069747
0.07903745578666667,-1565.099229526228
0.08075464566333333,-1559.1301924454815
0.07914478017333333,-1553.1611554313024
0.07935942887999999,-1547.1921183505558
0.08043267256333335,-1541.2230812698094
0.08182788936333334,-1535.25404425563
0.07957407765,-1529.2850071083164
0.08204253813333333,-1523.3159700941371
0.08086197009666667,-1517.3469330133908
0.08118394319,-1511.3778959326442
0.08118394322000001,-1505.4088589184648
0.08064732139333333,-1499.4398218377185
0.08247183566333334,-1493.4707848235391
0.08214986259333334,-1487.5017477427928
0.08279380878666666,-1481.5327106620462
0.08311578186,-1475.5636735812998
0.08601353984666665,-1469.5946365005532
0.08719410790666667,-1463.625599486374
0.08655016171,-1457.6565624056275
0.08494029617,-1451.6875253248809
0.08676481044666667,-1445.7184883107018
0.08762340536333334,-1439.7494512299552
0.08826735156333333,-1433.7804141492088
0.08816002716999999,-1427.8113771350295
0.08708678351666665,-1421.8423399877158
0.08773072972000001,-1415.8733029735365
0.08773072971666666,-1409.9042658927901
0.08676481036,-1403.9352288120435
0.08794537844,-1397.9661917978642
0.08869664897,-1391.9971547171178
0.08730143218000001,-1386.0281177029385
0.08526226914333333,-1380.0590806221921
0.08644283716333333,-1374.0900435414455
0.08655016154333334,-1368.1210064606992
0.08547691782333333,-1362.1519693799526
0.08869664889000001,-1356.1829323657735
0.09019919003333333,-1350.2138952850269
0.08837467576333334,-1344.2448582042803
0.08762340516666667,-1338.2758211901012
0.09062848751000001,-1332.3067841093546
0.09116510931999999,-1326.3377470286082
0.09052116313999999,-1320.3687099478616
0.09191637988000001,-1314.3996728671152
0.09309694792666667,-1308.430635852936
0.09041383872333335,-1302.4615987721895
0.09127243366333333,-1296.492561691443
0.09406286721333335,-1290.5235246772636
0.09191637983666667,-1284.5544875965172
0.09363356976,-1278.585450582338
0.09417019156333332,-1272.6164135015915
0.09620935455666667,-1266.647376420845
0.09588738148666666,-1260.6783393400985
0.09502878649333334,-1254.709302259352
0.09535075961,-1248.7402652451728
0.09481413777666668,-1242.7712281644262
0.09535075959666667,-1236.8021910836796
0.09481413774999999,-1230.8331540695006
0.09470681339000002,-1224.864116988754
0.09610203019,-1218.8950799080076
0.09556540833999999,-1212.926042827261
0.09545808398,-1206.9570057465146
0.09706794948999999,-1200.9879687323353
0.09738992260666667,-1195.0189316515887
0.09760457135,-1189.0498945708423
0.09588738143999999,-1183.080857556663
0.09781922010666666,-1177.1118204759166
0.09781922008666666,-1171.1427834617373
0.09803386887,-1165.1737463144236
0.09642400331666666,-1159.204709233677
0.09792654448666667,-1153.235672219498
0.09738992263,-1147.2666351387513
0.09910711253333333,-1141.2975981245722
0.09599470585666665,-1135.3285610438256
0.09771189577,-1129.359523963079
0.09781922012666666,-1123.3904869489
0.09803386889666665,-1117.4214498681533
0.09899978822666666,-1111.452412787407
0.09738992265333335,-1105.4833757066604
0.10007303189333333,-1099.514338625914
0.09985838317000001,-1093.5453016117347
0.09878513951000001,-1087.576264530988
0.09996570754333334,-1081.6072274502417
0.10125360000666667,-1075.6381904360624
0.10136092437666666,-1069.669153355316
0.10200487060666667,-1063.7001162745694
0.10103895127,-1057.731079193823
0.10232684370666667,-1051.7620421130764
0.10232684370333334,-1045.7930050988973
0.10189754622999998,-1039.8239680181507
0.10146824876666666,-1033.8549310039716
0.10232684370333334,-1027.885893923225
0.10382938487333333,-1021.9168568424785
0.10243416809333333,-1015.9478198282993
0.10318543867,-1009.9787826809854
0.10082430255666668,-1004.0097456668062
0.10136092434333334,-998.0407085860597
0.10050232943,-992.0716715053132
0.10157557311,-986.102634491134
0.10018035632666666,-980.1335974103876
0.10093162687666667,-974.1645603296411
0.1012536,-968.1955233154619
0.10071697814333334,-962.2264862347154
0.09771189582666667,-956.2574491539688
0.09706794959666666,-950.2884120732223
0.09760457145333333,-944.3193749924758
0.09588738155333333,-938.3503379782966
0.09567273282,-932.3813008975501
0.09406286725333333,-926.4122638833709
0.09363356981666666,-920.4432268026244
0.09374089415333335,-914.4741897218779
0.09245300174666667,-908.5051526411314
0.09202370425,-902.5361155603848
0.08966256812333333,-896.5670785462056
0.08869664878,-890.5980414654591
0.08816002695666665,-884.6290043847126
0.08633551266333334,-878.6599673705334
0.08601353957333334,-872.6909302897869
0.08193521356,-866.7218932090404
0.08515494462,-860.7528561948612
0.08257915977000001,-854.7838190475474
0.08214986228666667,-848.8147820333681
0.07978872619666666,-842.8457449526217
0.08096929424666666,-836.8767078718752
0.07957407745,-830.907670857696
0.07935942870333333,-824.9386337769495
0.07646167076666667,-818.9695967627703
0.07646167076333334,-813.0005596820238
0.07334926407666666,-807.0315226012773
0.07173939856,-801.0624855205308
0.06991488431,-795.0934484397842
0.06884164062333333,-789.124411425605
0.06862699188333334,-783.1553743448585
0.06551458522666666,-777.186337264112
0.06261682729333333,-771.2173002499328
0.06143625925666666,-765.2482631691863
0.06004104247666667,-759.2792260884398
0.05746525766,-753.3101890076933
0.05564074341333333,-747.3411519269467
0.05424552664000001,-741.3721149127675
0.0517770662,-735.403077832021
0.05274298549666667,-729.4340407512746
0.050489173793333335,-723.4650037370953
0.05113311999333333,-717.4959666563489
0.04791338899333333,-711.5269296421696
0.04855733519333333,-705.5578925614232
0.04780606462,-699.5888554141094
0.04651817221666666,-693.6198183999302
0.04587422602333333,-687.6507813191836
0.04437168488333334,-681.6817443050044
0.04415703615333333,-675.7127072242579
0.041581251349999994,-669.7436701435114
0.04276181938666667,-663.7746331293322
0.04050800768666666,-657.8055960485857
0.03911279092,-651.8365589678392
0.035893059930000006,-645.8675218870927
0.03621503303,-639.8984848063461
0.03331727514333333,-633.9294477921669
0.03310262641,-627.9604107114204
0.03245868022,-621.9913736306739
0.033209950786666664,-616.0223366164947
0.031278112186666665,-610.0532995357482
0.02988289543,-604.084262521569
0.03192205838666667,-598.1152253742553
0.03009754417,-592.1461882935087
0.030634166,-586.1771512793295
0.03213670712333333,-580.208114198583
0.03213670714,-574.2390771844038
0.03449784319666666,-568.2700401036573
0.034927140673333336,-562.3010030229108
0.03685897926666667,-556.3319660087316
0.03900546659666667,-550.3629289279851
0.03922011534,-544.3938918472386
0.04040068338333333,-538.4248547664921
0.042761819449999995,-532.4558176857455
0.04362041438666667,-526.4867806715663
0.04469365805666667,-520.5177435908198
0.045659577373333336,-514.5487065100733
0.04823536218,-508.5796694958941
0.05166974192666666,-502.6106324151476
0.05038184952666667,-496.6415954009684
0.050703822636666666,-490.6725582536546
0.05285030999666667,-484.7035211729081
0.05446017553000001,-478.7344841587289
0.05585539229,-472.7654470779824
0.054245526796666665,-466.7964100638032
0.055962716706666665,-460.82737298305665
0.05617736544333333,-454.85833590231016
0.05456749997666668,-448.88929888813095
0.05435285124666667,-442.9202617408171
0.05542609494666667,-436.9512247266379
0.055748068046666675,-430.98218764589143
0.05639201427999999,-425.01315056514494
0.05574806808333333,-419.04411355096573
0.055104121889999996,-413.0750764702192
0.056177365593333334,-407.1060393894727
0.05531877066333333,-401.1370023752935
0.054889473200000004,-395.167965294547
0.055211446346666665,-389.1989282138005
0.056499338739999995,-383.22989113305397
0.056284690043333335,-377.2608540523075
0.057465258076666664,-371.2918170381283
0.060363016029999994,-365.3227799573818
0.06100696222333333,-359.3537429432026
0.06079231352666667,-353.38470586245603
0.06433401761,-347.41566878170954
0.06648050504333335,-341.44663176753033
0.06540726134666668,-335.4775946202165
0.06905628990666667,-329.5085576060373
0.07045150670666665,-323.5395205252908
0.07109545286333334,-317.5704834445443
0.07356391336333333,-311.6014464303651
0.0721686966,-305.63240934961857
0.07667632006,-299.6633722688721
0.07646167139333333,-293.6943352546929
0.07860815875666667,-287.7252981073791
0.07882280752333333,-281.75626109319984
0.08129126795333333,-275.78722401245335
0.08429635028666667,-269.81818693170686
0.08365240411999998,-263.84914991752765
0.08891129818666667,-257.88011283678117
0.08912594695333333,-251.91107582260193
0.09213102926,-245.9420387418554
0.09374089489333333,-239.97300166110892
0.09824851837,-234.0039645803624
0.09878514024,-228.03492749961592
0.10200487131999998,-222.0658904854367
0.10393670996333333,-216.0968534046902
0.10704911667666667,-210.12781632394368
0.10801503599000001,-204.15877930976447
0.11134209153333334,-198.18974222901798
0.11284463271333334,-192.22070514827146
0.11703028311999998,-186.25166813409226
0.11831817559666664,-180.28263098677846
0.12239650170000001,-174.31359397259925
0.12336242103666667,-168.34455689185273
0.12540158406,-162.37551981110624
0.12626017904666667,-156.40648279692704
0.12851399080666667,-150.43744571618052
0.12958723457,-144.4684087020013
0.13184104635333332,-138.4993716212548
0.13302161445000002,-132.530334473941
0.13452415571,-126.56129745976179
0.13591937254,-120.59226037901529
0.13978304989333334,-114.62322336483608
0.14278813227,-108.65418628408958
0.14278813235333335,-102.68514920334307
0.14504194407,-96.71611218916387
0.14783237780666666,-90.74707510841735
0.15266197456333333,-84.77803802767085
0.15405719148000002,-78.80900094692434
0.15545240828666665,-72.83996386617784
0.1582428419933333,-66.87092685199863
0.16275046566999998,-60.90188977125212
0.16328708754333335,-54.93285269050561
0.16543357504333336,-48.963815676326405
0.1676873867966667,-42.9947785955799
0.1716583886666667,-37.025741581400695
0.17122909117,-31.056704500654188
0.17337557867333334,-25.087667353340382
0.17605868796333335,-19.118630339161175
0.17723925606666666,-13.149593258414669
0.17766855354333336,-7.1805562442354605
0.1790637704,-1.2115191634889544
0.18110293344999998,4.757517883973903
0.1824981503333333,10.726554964720409
0.18475196223333334,16.695592012183265
0.18679112530666667,22.66462912621342
0.1871130984,28.63366617367628
0.19001085650000002,34.60270322113914
0.19162072213333334,40.57174030188564
0.19290861466666667,46.540777349348495
0.19344523653333334,52.50981439681136
0.19505510216666666,58.47885144427421
0.1977382115333333,64.44788852502072
0.19763088713333335,70.41692557248358
0.20095794276666668,76.38596268651374
0.19988469890000002,82.35499973397658
0.20149456453333334,88.32403678143945
0.20364105206666663,94.29307386218595
0.20449964696666667,100.26211090964881
0.20664613450000002,106.23114795711166
0.2121196775666667,112.20018500457452
0.21405151636666664,118.16922208532102
0.2165199769666667,124.13825913278389
0.21780786949999997,130.10729624681403
0.21909576193333336,136.0763332942769
0.22210084453333334,142.04537034173975
0.2246766296,148.01440742248627
0.22650114393333332,153.98344446994912
0.22950622646666666,159.95248151741197
0.23218933593333335,165.92151856487484
0.23422849903333332,171.89055564562133
0.23755555466666667,177.8595927596515
0.2377702034,183.82862980711434
0.2388434471666667,189.79766685457722
0.23980936663333333,195.76670390204006
0.2425998003333333,201.73574098278658
0.2437803684666667,207.70477803024943
0.24399501716666663,213.67381507771228
0.2460341804,219.64285212517515
0.24914658729999997,225.61188920592164
0.24957588473333334,231.5809263199518
0.2510784259666667,237.54996336741465
0.25419083290000005,243.51900041487752
0.2560153472666667,249.48803746234037
0.2552640766,255.4570745430869
0.2580545104,261.42611159054974
0.2598790247666667,267.3951486380126
0.2605229710333334,273.36418568547543
0.2626694585333333,279.333222766222
0.2630987560333334,285.3022598802521
0.26524524353333334,291.27129692771496
0.2664258115666666,297.2403339751778
0.2672844066,303.2093710226407
0.2677137041,309.1784081033872
0.2674990552666667,315.14744515085005
0.2687869477,321.1164821983129
0.2708261109,327.08551924577574
0.2706114620666667,333.05455635980593
0.2729725984333333,339.0235934405524
0.2737238690333333,344.99263048801527
0.27458246403333336,350.9616675354781
0.2769436003333334,356.930704582941
0.2771582491666667,362.8997416636875
0.2794120611,368.86877871115036
0.27951938546666666,374.8378157586132
0.2816658730333333,380.80685280607605
0.28241714366666665,386.77588992010624
0.28488560440000005,392.7449270008527
0.2861734969333333,398.7139640483156
0.2895005527,404.6830010957784
0.2928276085333333,410.6520381432413
0.2943301498,416.6210752239878
0.29368620353333336,422.59011227145066
0.29830115193333334,428.5591493189135
0.29797917876666663,434.52818636637636
0.29733523246666665,440.49722348040655
0.2985158007,446.46626056115304
0.30205750530000003,452.4352976086159
0.30130623459999994,458.40433465607873
0.30109158583333334,464.37337170354164
0.3030234247333333,470.3424087842881
0.30431131733333333,476.311445831751
0.3052772367666667,482.2804828792138
0.30559920993333334,488.249519993244
0.3065651294,494.21855704070686
0.3077456976,500.18759412145334
0.3073164000333333,506.1566311689162
0.3096775364666667,512.125668216379
0.31128740223333334,518.0947052638419
0.31354121426666665,524.0637423445884
0.3147217825,530.0327793920513
0.3195513797333333,536.0018164395142
0.3199806773,541.9708535535443
0.3194440553666667,547.9398906010072
0.3232004088666667,553.9089276817537
0.3254542208666667,559.8779647292165
0.3251322477,565.8470017766793
0.3262054915666666,571.8160388241422
0.32985452060000003,577.7850759048887
0.3301764937666667,583.7541129523516
0.33114241326666666,589.7231499998145
0.3345767935333333,595.6921871138446
0.33436214473333337,601.6612241613075
0.33672328116666667,607.630261242054
0.33801117383333334,613.5992982895168
0.3402649859333333,619.5683353369797
0.3406942834333333,625.5373723844425
0.34316274426666665,631.506409465189
0.3453092320333333,637.475446512652
0.34487993450000004,643.4444836266821
0.34895826109999994,649.4135206741449
0.35024615369999995,655.3825577216078
0.3535732097,661.3515948023543
0.35604167056666663,667.3206318498171
0.35883210463333337,673.28966889728
0.3588321046,679.2587059447428
0.36269578249999995,685.2277430254894
0.36623748726666666,691.1967800729523
0.36763270433333334,697.1658171869824
0.37160370666666664,703.1348542344452
0.37611133076666664,709.1038912819081
0.3805116306333334,715.0729283626546
0.38480460619999995,721.0419654101174
0.3871657427333333,727.0110024575803
0.39017082563333333,732.9800395050431
0.3930685840666666,738.9490765857897
0.39628831579999996,744.9181136332526
0.4005812914,750.8871507472827
0.40401567180000003,756.8561877947456
0.40863062050000004,762.8252248422084
0.41313824483333333,768.7942619229549
0.4168945985666667,774.7632989704177
0.4207582766666667,780.7323360178806
0.4248366035666667,786.7013730653434
0.4284856328333333,792.67041014609
0.43138339146666665,798.6394472601202
0.43524706946666664,804.608484307583
0.43900342316666663,810.5775213550459
0.44469161586666667,816.5465584025087
0.4484479696333333,822.5155954832552
0.4534922160333334,828.484632530718
0.45993167966666676,834.4536695781809
0.4645466286333333,840.4227066256437
0.4662638189333333,846.3917437063903
0.47055679456666666,852.3607808204205
0.47592301416666666,858.3298178678833
0.4801086656,864.2988549153462
0.4835430461333334,870.267891962809
0.4885872927333333,876.2369290435555
0.4951340806,882.2059660910184
0.5003929758333333,888.1750031384812
0.5032907347000001,894.144040185944
0.5084423057,900.1130772666907
0.5134865523,906.0821143807208
0.5164916354,912.0511514281836
0.5211065845333334,918.0201884756465
0.5267947776333334,923.9892255231093
0.5291559142333333,929.9582626038558
0.5333415658333333,935.9272996513187
0.5379565148666666,941.8963366987815
0.5450399253666667,947.8653737462444
0.5494402255666667,953.8344108602746
0.554377148,959.8034479410211
0.5597433679333332,965.7724849884839
0.5630704243,971.7415220359468
0.5670414270999999,977.7105590834096
0.5719783494333334,983.6795961641561
0.5775592181666668,989.648633211619
0.5809935990666667,995.6176702590818
0.5874330630666668,1001.5867073065447
0.5932285807666667,1007.5557444205749
0.5977362055666666,1013.5247815013214
0.6023511548999999,1019.4938185487842
0.6066441310333333,1025.462855596247
0.6092199167333333,1031.43189264371
0.6142641637,1037.4009297244565
0.6182351666,1043.3699667719193
0.6236013869333333,1049.3390038193822
0.6272504166333333,1055.308040866845
0.6332605832666666,1061.2770779808752
0.6379828571,1067.2461150616216
0.6413099136666667,1073.2151521090846
0.6456028899333334,1079.1841891565473
0.6479640268666667,1085.1532262040103
0.6506471370333333,1091.1222632847569
0.6533302472333333,1097.0913003322196
0.6577305479333334,1103.0603373796826
0.6593404140333333,1109.0293744937126
0.6645993100333333,1114.9984115411755
0.6676043934666666,1120.967448621922
0.6720046942666666,1126.9364856693849
0.6742585068333332,1132.9055227168476
0.6753317509666666,1138.8745597643106
0.6781221855666666,1144.8435968450572
0.6796247273666666,1150.81263389252
0.6819858643666666,1156.7816709399829
0.6825224864666666,1162.7507080540129
0.6847762990333334,1168.7197451014758
0.6856348943666667,1174.6887821822222
0.6878887069666666,1180.6578192296852
0.6882106802,1186.626856277148
0.6900351951666667,1192.5958933246109
0.6910011148666667,1198.5649304053575
0.6918597101333334,1204.5339674528202
0.6960453622333334,1210.5030045002832
0.6965819842666666,1216.4720416143132
0.6972259307,1222.4410786617761
0.6982991747999999,1228.4101157425225
0.6996943921666666,1234.3791527899855
0.7005529875000001,1240.3481898374482
0.7015189072333333,1246.3172268849112
0.7003383386666666,1252.2862639656578
0.7008749606999999,1258.2553010131205
0.7007676363,1264.2243381271508
0.6995870677333333,1270.1933751746135
0.6988357968333333,1276.1624122220765
0.6993724189,1282.1314493028228
0.6958307132333333,1288.1004863502858
0.6967966329333334,1294.0695233977485
0.6963673353000001,1300.0385604452115
0.6928256296666667,1306.007597525958
0.6925036564333333,1311.9766345734208
0.6918597099333335,1317.945671687451
0.6908937902333333,1323.9147087349138
0.6871374358,1329.8837457823768
0.6879960311,1335.8527828631231
0.6854202452,1341.821819910586
0.6844543255333333,1347.790856958049
0.6819858640666667,1353.7598940055118
0.6810199443333333,1359.7289310862584
0.6769416167666668,1365.6979681337211
0.6755463993999999,1371.6670052477514
0.6726486403333333,1377.636042295214
0.6708241252999999,1383.605079342677
0.6689996103666668,1389.5741164234234
0.6671750953999999,1395.5431534708864
0.6640626875,1401.5121905183494
0.6634187410666667,1407.481227565812
0.6618088749333334,1413.4502646465587
0.6589111159,1419.4193017605887
0.6545108151666666,1425.3883388080517
0.6520423538000001,1431.3573758555144
0.6507544609,1437.3264129029774
0.6466761334000001,1443.2954499837238
0.6428124548,1449.2644870311867
0.6416318863333333,1455.2335240786497
0.6391634250666667,1461.2025611261124
0.6366949637333333,1467.171598206859
0.6330459339333333,1473.140635320889
0.6278943624333333,1479.109672368352
0.6233867376000001,1485.0787094158147
0.6180205172333334,1491.0477464632777
0.6152300826666667,1497.016783544024
0.6102931601666667,1502.985820591487
0.6065368060333333,1508.95485763895
0.5995607197333334,1514.9238946864127
0.5985948002333333,1520.8929317671593
0.5935505532666667,1526.8619688811893
0.5889356039333333,1532.8310059286523
0.5798130297,1538.800042976115
0.5739101877,1544.769080023578
0.5694025628333333,1550.7381171043244
0.5648949381,1556.7071541517873
0.5575968789333333,1562.6761911992503
0.5523379833666667,1568.645228246713
0.5447179512333333,1574.6142653607433
0.5412835704333333,1580.5833024414896
0.5333415649666667,1586.5523394889526
0.5296925355000001,1592.5213765364153
0.5189600956333333,1598.4904135838783
0.5109107661666666,1604.4594506646247
0.5055445463333333,1610.4284877120876
0.5005002997333333,1616.3975247595506
0.4954560532,1622.366561840297
0.4896605359333333,1628.3355989210436
0.4836503698666667,1634.30463600179
0.47785485273333334,1640.273673049253
0.4739911745666667,1646.2427100967157
0.46798100856666663,1652.2117471441786
0.4611122475,1658.180784224925
0.4546727841,1664.149821272388
0.4518823499,1670.118858319851
0.44608683286666667,1676.0878954005973
0.44147188416666666,1682.056932481344
0.4391107474,1688.0259695620903
0.43299325736666666,1693.9950066095532
0.4292369037333333,1699.964043657016
0.4238706843,1705.933080704479
0.4175385449666667,1711.9021177852253
0.4113137306333334,1717.8711548326883
0.4046596186333333,1723.8401918801512
0.40025931863333336,1729.8092289941812
0.3961809919666666,1735.7782660416442
0.3912440702,1741.7473031223906
0.3868437702333334,1747.7163401698535
0.3829800923333333,1753.6853772173163
0.3789017656,1759.6544142647792
0.37600400716666665,1765.6234513455256
0.37106708536666666,1771.5924883929886
0.3648422709333334,1777.5615254404515
0.3601199978333333,1783.5305625544815
0.35668561756666667,1789.4995996019445
0.3535732102333333,1795.4686366826909
0.35024615426666666,1801.4376737301538
0.34788501776666664,1807.4067107776166
0.3444506374,1813.3757478250795
0.34047963510000007,1819.344784905826
0.3374745523666667,1825.3138219532889
0.33339622576666667,1831.2828590007518
0.32781535773333337,1837.2518961147819
0.32223448973333335,1843.2209331622448
0.3207319483666667,1849.1899702429912
0.3168682707,1855.1590072904542
0.3147217829333333,1861.128044337917
0.3109654296333333,1867.0970813853799
0.31160937586666665,1873.0661184661262
0.30731640060000004,1879.0351555135892
0.30409666913333333,1885.0041926276194
0.2940081770333333,1890.9732296750822
0.29894509883333337,1896.9422667225451
0.29529606983333334,1902.9113038032915
0.2943301505,1908.8803408507545
0.2925056359666667,1914.8493778982172
0.2891785802,1920.8184149456802
0.2860661731333333,1926.7874520264265
0.2860661731,1932.7564890738895
0.2819878466666667,1938.7255261879197
0.27962671023333335,1944.6945632353825
0.27447513996666667,1950.6636002828454
0.2695382185,1956.6326373635918
0.2665331358333333,1962.6016744110548
0.2641719994666667,1968.5707114585175
0.2604156462333333,1974.5397485059805
0.2560153467,1980.5087855867268
0.2534395616333333,1986.4778226341898
0.251293074,1992.44685974822
0.24732207206666665,1998.4158967956828
0.2443169894666667,2004.3849338431457
0.23905809493333333,2010.3539709238921
0.2358383637,2016.323007971355
0.23218933486666668,2022.2920450188178
0.2293989010666667,2028.2610820662808
0.22456930413333334,2034.2301191470272
0.22188619476666668,2040.1991562610574
0.21845181473333333,2046.1681933085204
0.2145881372,2052.1372303559833
0.21265629843333334,2058.106267403446
0.21136840596666664,2064.0753044841927
0.20278245596666666,2070.0443415316554
0.2026751315666667,2076.013378579118
0.19891877850000003,2081.982415626581
0.19634299346666664,2087.9514527073275
0.19419650596666668,2093.920489821358
0.19323058663333334,2099.8895268688207
0.18979620663333333,2105.8585639162834
0.1873277461,2111.827600963746
0.18668379983333336,2117.7966380444927
0.18282012233333333,2123.7656750919555
0.18239082486666666,2129.7347121394187
0.17841982303333334,2135.703749220165
0.17584403806666668,2141.672786267628
0.17509276743333335,2147.641823381658
0.17477079433333334,2153.6108604291207
0.17466346996666668,2159.579897476584
0.17294627993333334,2165.5489345240467
0.17122909003333334,2171.5179716047933
0.17090711690000002,2177.487008652256
0.16833133193333336,2183.4560456997187
0.16951190000000002,2189.4250827804653
0.16307243766666665,2195.394119861212
0.1600673552,2201.3631569419586
0.16199919389999998,2207.3321939894213
0.1589941115,2213.301231036884
0.1555597316,2219.2702680843468
0.15394986596666665,2225.2393051650934
0.15234000043333334,2231.208342212556
0.14954956673333333,2237.1773792600193
0.14933491796666667,2243.1464163407654
0.14632983556666665,2249.115453421512
0.1427881313,2255.0844905022586
0.1404269951,2261.0535275497214
0.13870980513333334,2267.0225645971846
0.1360266959,2272.9916016446473
0.13216301853333334,2278.960638725394
0.13055315296666667,2284.9296757728566
0.1295872336,2290.8987128203194
0.12529425876666667,2296.867749901066
0.1254015832,2302.8367869818126
0.12175255456666667,2308.805824062559
0.11939141843333334,2314.774861110022
0.11509844364333333,2320.7438981574846
0.11488379489666667,2326.7129352049474
0.11134209073000001,2332.681972285694
0.10758573776666668,2338.6510093331567
0.10565389911,2344.62004638062
0.10275614114666666,2350.58908349465
0.10018035629,2356.5581205421126
0.09867781512333333,2362.5271576228592
0.09363356978333333,2368.496194670322
0.09019918999,2374.465231717785
0.08751608079333333,2380.434268765248
0.08547691777333333,2386.4033058459945
0.08225718675333334,2392.3723428934572
0.08182788924666666,2398.34137994092
0.07764223892333333,2404.3104170549504
0.07764223892,2410.279454102413
0.07356391293333334,2416.24849118316
0.07077347936333334,2422.2175282306225
0.06927093826000001,2428.1865652780853
0.06841234336,2434.155602325548
0.06562190975333333,2440.1246394062946
0.06605120725666667,2446.0936764537573
0.06197288129333334,2452.0627135012205
0.0597190696,2458.0317506152505
0.06089963766,2464.0007876627133
0.057894555369999996,2469.96982474346
0.05649933861,2475.9388617909226
0.054782148753333336,2481.907898838386
0.05435285132333333,2487.8769358858485
0.050381849753333326,2493.845972966595
0.05134776903999999,2499.815010014058
0.05091847161666666,2505.784047128088
0.049415930500000003,2511.753084175551
0.043835063447,2517.722121223014
0.04952325483700001,2523.6911583037604
0.048128038131,2529.660195351223
0.04726944316766666,2535.629232398686
0.04877198428666666,2541.5982694461486
0.052528337086666675,2547.567306526895
0.05424552689666667,2553.536343574358
0.05488947313333333,2559.5053806883884
0.05682131172333333,2565.474417735851
0.056284689853333326,2571.443454783314
0.05971906957,2577.4124918640605
0.06208020567,2583.381528911523
0.062080205629999996,2589.3505659589864
0.06304612493,2595.3196030397326
0.06658782903,2601.2886400871957
0.06776839706666667,2607.2576771346585
0.06948558693333333,2613.2267142486885
0.07120277680666667,2619.1957512961517
0.0705588306,2625.1647883436144
0.06991488440333334,2631.133825424361
0.07141742552333334,2637.1028624718238
0.07066615495333332,2643.0718995192865
0.07302729105333333,2649.040936600033
0.07367123722666667,2655.009973647496
0.07399321032666667,2660.979010761526
0.07517377837666667,2666.948047808989
0.07377856158666667,2672.9170848564518
0.07410053468333333,2678.8861219039145
0.07538842711666667,2684.855158984661
0.07324193975,2690.824196032124
0.0720613717,2696.793233079587
0.07259799353,2702.762270160333
0.07334926411666667,2708.7313072077964
0.07291996664333333,2714.7003443218264
0.07141742548666667,2720.669381369289
0.07109545239,2726.6384184167523
0.07152474985666667,2732.607455464215
0.07141742550333334,2738.5764925449616
0.06959291125333333,2744.5455295924244
0.06916361377666666,2750.514566639887
0.06830501885,2756.4836037206337
0.06873431632999999,2762.4526407680964
0.06690980206666668,2768.4216778821265
0.06787572140666666,2774.3907149295896
0.06787572141333333,2780.3597519770524
0.06744642395,2786.328789024515
0.06830501888,2792.2978261052617
0.06583655843666666,2798.2668631527245
0.06605120719666667,2804.2359002001876
0.06497796351666667,2810.204937280934
0.06776839706,2816.1739743616804
0.06304612489666667,2822.143011442427
0.06497796353333334,2828.1120484898897
0.06476331478666666,2834.081085537353
0.06508528789333334,2840.0501225848157
0.06347542237666666,2846.0191596655623
0.06326077362,2851.988196713025
0.061436259369999996,2857.9572337604877
0.062080205583333326,2863.9262708412343
0.061758232493333336,2869.895307921981
0.060577664433333324,2875.864345002727
0.06057766443333334,2881.8333820501903
0.061436259386666664,2887.802419097653
0.05800187961,2893.7714561451157
0.05918244765,2899.7404932258623
0.05821652833333333,2905.709530273325
0.05821652832333334,2911.6785673207883
0.05950442075,2917.6476044015344
0.056392014063333336,2923.616641482281
0.05692863591666667,2929.5856785630276
0.05767990649666666,2935.5547156104903
0.05671398718666667,2941.5237526579535
0.05692863591333333,2947.4927897054163
0.05692863591333333,2953.461826786163
0.056177365356666675,2959.4308638336256
0.054889472939999996,2965.3999008810883
0.055104121693333334,2971.3689379951184
0.05617736537333332,2977.3379750425815
0.05435285111333333,2983.3070121233277
0.055640743533333335,2989.276049170791
0.05639201411,2995.2450862182536
0.057679906499999996,3001.2141232657164
0.05821652833666666,3007.183160346463
0.05821652834,3013.1521973939257
0.058109203969999995,3019.121234441389
0.06186555681,3025.090271555419
0.06379739541666667,3031.0593086028816
0.06401204413,3037.0283456836282
0.06454866595666667,3042.997382731091
0.06572923399333333,3048.966419778554
0.06476331466666667,3054.935456826017
0.06658782891,3060.9044939067635
0.06809037005,3066.873530954226
0.06894896498333335,3072.842568001689
0.06894896497666667,3078.811605115719
0.06927093808,3084.780642163182
0.07141742543666667,3090.7496792439283
0.07088080359666667,3096.7187162913915
0.07055883049333334,3102.6877533388542
0.07377856153,3108.656790419601
0.07259799349333333,3114.6258274670636
0.07281264222333333,3120.5948645145263
0.07367123717333333,3126.563901628557
0.07249066913,3132.5329386760195
0.07431518339333333,3138.5019757234822
0.07345658845,3144.471012804229
0.07249066915,3150.4400498516916
0.07431518341333333,3156.4090868991548
0.07517377837666667,3162.378123979901
0.07367123722,3168.347161027364
0.07431518344666667,3174.316198074827
0.07485180529333334,3180.285235188857
0.07238334485333335,3186.2542722363196
0.07420785912,3192.223309283783
0.07474448099,3198.1923463645294
0.06798304579999999,3204.161383411992
0.07313461548666667,3210.130420459455
0.07463715667,3216.0994575402015
0.07313461551,3222.068494587664
0.07249066932666666,3228.037531635127
0.07388588609,3234.0065687491574
0.07399321050333334,3239.97560579662
0.07377856180333334,3245.944642844083
0.07334926431666666,3251.9136799248295
0.07356391306666667,3257.882716972292
0.07377856182333332,3263.8517540197554
0.07388588619666665,3269.8207911005015
0.07399321060000001,3275.7898281479647
0.07388588622666666,3281.7588652619947
0.07238334504999999,3287.7279023094575
0.07152475011333333,3293.69693935692
0.071202777,3299.6659764043834
0.06980756023,3305.63501348513
0.06970023582666666,3311.6040505325927
0.06766107284666667,3317.5730875800555
0.06680247793666667,3323.542124660802
0.06615853171666668,3329.511161708265
0.06476331489333333,3335.480198822295
0.06433401746666667,3341.449235869758
0.06175823262333333,3347.4182729172207
0.06208020568,3353.3873099646835
0.06165090824333333,3359.35634704543
0.06197288137666667,3365.325384092893
0.06014836710333333,3371.294421140356
0.06154358389,3377.263458221102
0.062080205720000003,3383.2324952685653
0.06261682754999999,3389.2015323825954
0.06315344939333334,3395.170569430058
0.06240217881333334,3401.139606477521
0.06004104271333333,3407.108643524984
0.06057766457666666,3413.0776806057306
0.06261682754333334,3419.0467176531934
0.06240217880666666,3425.015754700656
0.062294854406666676,3430.9847917814027
0.061114286366666666,3436.9538288621493
0.06369007116666667,3442.9228659428954
0.06272415186333334,3448.8919029903586
0.06304612496,3454.8609400378214
0.06229485436666667,3460.829977085284
0.06433401733666666,3466.7990141660307
0.06497796353333334,3472.7680512134934
0.06583655849666667,3478.7370882609566
0.06529993663,3484.706125341703
0.06669515340333333,3490.6751624224494
0.06723177527333334,3496.644199503196
0.06980756007666666,3502.6132365506587
0.06894896510666666,3508.5822735981214
0.07098812812666667,3514.5513106455846
0.07109545246666667,3520.5203477263312
0.06905628948666666,3526.489384773794
0.07034418190333334,3532.4584218212567
0.07131010120333334,3538.4274589020033
0.06798304580333334,3544.39649598275
0.07002220877333333,3550.365533063496
0.06809037018,3556.3345701109592
0.06991488441666667,3562.303607158422
0.06894896512666666,3568.2726442058847
0.06894896515,3574.2416812866313
0.06851966764666666,3580.210718334094
0.06841234329333333,3586.1797553815572
0.06755374834333333,3592.1487924955873
0.06519261227333334,3598.11782954305
0.06733909960000001,3604.0868666237966
0.06884164075,3610.0559036712593
0.06540726099000001,3616.024940718722
0.06744642396333334,3621.9939777994687
0.06648050467333333,3627.963014846932
0.06583655843666668,3633.9320518943946
0.06540726097,3639.9010889418573
0.06272415177666667,3645.8701260558873
0.06175823247333334,3651.8391631033505
0.06111428625333334,3657.8082001840967
0.06208020555999999,3663.77723723156
0.06079231314,3669.7462742790226
0.06229485428333333,3675.715311359769
0.060041042573333335,3681.684348407232
0.05982639382333333,3687.6533854546947
0.06057766441,3693.622422502158
0.0596117451,3699.591459616188
0.05714328467333333,3705.5604966636506
0.05971906947,3711.529533744397
0.05896779889,3717.49857079186
0.05778723086333334,3723.4676078393227
0.059611745093333335,3729.4366449200693
0.05821652833333333,3735.4056819675325
0.057787230833333335,3741.374719014995
0.057572582116666667,3747.343756129025
0.05778723086333334,3753.312793176488
0.056392014069999996,3759.281830223951
0.05853850142333333,3765.2508673046973
0.056821311556666664,3771.2199043521605
0.05607004098999999,3777.188941399623
0.05660666284666666,3783.15797848037
0.0554260948,3789.1270155278326
0.057787230880000005,3795.0960525752953
0.05725060907333334,3801.0650896893258
0.05821652837333333,3807.0341267367885
0.05832385275333333,3813.0031637842512
0.05950442079666666,3818.972200864998
0.05789455530666667,3824.9412379124606
0.05778723093333333,3830.9102749599233
0.06036301577333333,3836.87931204067
0.060792313276666655,3842.848349088133
0.05907512337666667,3848.817386135596
0.058216528493333336,3854.786423249626
0.05907512343333333,3860.7554602970886
0.05928977219333333,3866.7244973445518
0.058431177206666664,3872.693534425298
0.062187530113333334,3878.662571472761
0.06004104275333333,3884.631608520224
0.061328935189999996,3890.6006456009704
0.05939709656666667,3896.569682648433
0.062080205730000004,3902.538719762463
0.061006962100000006,3908.5077568099264
0.060363015863333334,3914.476793857389
0.059504420929999996,3920.445830904852
0.06154358389666667,3926.4148679855984
0.059075123436666675,3932.383905033061
0.06014836714000001,3938.352942080524
0.0612216108,3944.3219791612705
0.06250950323333333,3950.2910162087337
0.06111428643333333,3956.2600533227637
0.05918244783333334,3962.2290903702265
0.059719069626666677,3968.198127417689
0.06293880069666667,3974.1671644651524
0.06326077382333334,3980.1362015458985
0.06208020582666666,3986.1052385933617
0.06165090833333333,3992.0742756408245
0.06336809826999999,3998.043312721571
0.06250950330333334,4004.012349769034
0.06197288151,4009.981386883064
0.06444134198333333,4015.950423930527
0.06379739578333334,4021.9194609779897
0.061972881523333335,4027.8884980254525
0.06358274706,4033.857535106199
0.062187530272666665,4039.826572153662
0.06422669323333334,4045.7956092011245
0.06401204446,4051.764646281871
0.06326077388,4057.7336833626177
0.06293880078033333,4063.7027204433643
0.06283147639333332,4069.671757490827
0.06250950326,4075.64079453829
0.06250950326666667,4081.6098316190364
0.062402178903333334,4087.578868666499
0.059611745357,4093.5479057139623
0.05982639406133333,4099.516942761425
0.057787231057666665,4105.485979842171
0.05896779905333333,4111.455016922918
0.060041042748000005,4117.424054003664
0.05896779908233333,4123.393091051127
0.059289772203333334,4129.36212809859
0.05832385286333333,4135.3311651793365
0.05810920411333333,4141.300202226799
0.05864582596033333,4147.269239274263
0.05832385282,4153.238276321726
0.05971906958333333,4159.207313402472
0.058323852813333334,4165.176350483219
0.059075123363333336,4171.1453875639645
0.05800187968,4177.114424611428
0.0599337183,4183.083461658891
0.05800187969666667,4189.0524987396375
0.05778723096666666,4195.0215357871
0.06036301577666666,4200.990572834563
0.059826393953333334,4206.959609882026
0.06014836705333334,4212.928646996056
0.06197288130666667,4218.897684043519
0.06283147623333334,4224.8667211242655
0.06336809809333334,4230.835758171728
0.06250950314666666,4236.804795219191
0.06476331488333333,4242.773832299938
0.0666951535,4248.7428693474
0.06959291145333334,4254.711906394863
0.06991488455,4260.680943442326
0.07173939877,4266.649980556356
0.07324193998333332,4272.619017603819
0.07377856184333333,4278.588054684566
0.07528110294333333,4284.557091732028
0.0768909685,4290.526128779491
0.07753491472666667,4296.495165860238
0.07796421217666667,4302.4642029077
0.07925210456,4308.433239955163
0.07989605080666666,4314.402277002626
0.07871548274333333,4320.371314116656
0.08300845746666667,4326.340351164119
0.0821498625,4332.309388244866
0.08461832296333333,4338.278425292328
0.08547691793000001,4344.247462339791
0.08644283723000001,4350.216499420538
0.08837467585999999,4356.1855364680005
0.08783805402666667,4362.154573515464
0.08740875656000001,4368.123610629494
0.08998454139333334,4374.092647676956
0.09030651452666666,4380.06168472442
0.08944791955999999,4386.030721805166
0.09041383882666666,4391.999758852629
0.09116510946,4397.968795900092
0.08826735152666666,4403.937832980839
0.08955524392666665,4409.9068700283015
0.08955524392666668,4415.875907075764
0.08998454139333334,4421.844944189795
0.08934059516,4427.813981237257
0.08891129772666667,4433.78301828472
0.09062848762666668,4439.752055365467
0.08891129772666667,4445.7210924129295
0.08923327082666666,4451.690129460392
0.09019919016,4457.659166541139
0.08987721709666667,4463.6282035886015
0.09234567752666667,4469.597240636064
0.08934059526333334,4475.566277750095
0.09256032629333333,4481.5353147975575
0.09213102886,4487.50435184502
0.09084313642999998,4493.473388925767
0.09148708262666667,4499.44242597323
0.09245300193,4505.411463020692
0.0892332709,4511.380500101439
0.08869664906666667,4517.349537148902
0.09019919023,4523.318574262932
0.08858932469999999,4529.287611310395
0.08773072973666667,4535.256648357858
0.08697945917333334,4541.22568540532
0.08676481040333334,4547.194722486067
0.08461832304,4553.16375953353
0.08504762057666666,4559.132796580992
0.08300845755000001,4565.101833661739
0.08118394328666667,4571.070870709202
0.07957407780333334,4577.039907823232
0.08204253826,4583.008944870695
0.0809692946,4588.977981918158
0.08043267277,4594.947018998904
0.07882280724666667,4600.916056046367
0.07957407784666666,4606.885093093831
0.07828618545666667,4612.854130141293
0.07871548288333334,4618.82316722204
0.07828618541666667,4624.792204269503
0.07957407788333333,4630.761241383532
0.07764223926000001,4636.730278430996
0.07839350982333333,4642.699315478459
0.07957407785333333,4648.668352559205
0.08129126778333333,4654.637389606668
0.08150591646666668,4660.606426654131
0.08096929468000001,4666.575463701593
0.08161324083333334,4672.54450078234
0.08129126773666667,4678.513537863087
0.08139859209333333,4684.482574943833
0.08214986274,4690.451611991296
0.08290113326,4696.420649038759
0.08386705255333333,4702.389686119505
0.08247183580333334,4708.358723166968
0.08472564752666667,4714.327760214431
0.08461832316,4720.2967972618935
0.08526226934999999,4726.26583434264
0.08494029622333332,4732.234871423387
0.08622818865,4738.203908504133
0.08655016178333334,4744.172945551596
0.08644283737999998,4750.141982599059
0.08697945924666667,4756.111019679805
0.08622818864666666,4762.080056727268
0.08751608103666668,4768.049093774731
0.08730143226999999,4774.018130822194
0.08751608100333334,4779.98716790294
0.08676481044,4785.956204983687
0.08912594653333333,4791.925242064433
0.08848200029666665,4797.894279111896
0.08944791959666669,4803.863316159359
0.09030651456,4809.8323532401055
0.09127243386,4815.801390287568
0.08966256832666668,4821.770427335032
0.09127243382666667,4827.739464382495
0.09127243382666667,4833.708501496524
0.09137975815999999,4839.677538543987
0.09041383879666666,4845.6465756247335
0.09170173126333332,4851.615612672197
0.09191637999666667,4857.58464971966
0.09331159673666667,4863.5536868004065
0.09191637993333333,4869.522723847869
0.09223835303333335,4875.491760895332
0.09234567740333333,4881.460797942795
0.09309694797333334,4887.429835056825
0.09288229924333334,4893.398872104288
0.09459948911666667,4899.3679091850345
0.09492146224333332,4905.336946232497
0.09513611095666667,4911.30598327996
0.09513611095666667,4917.275020360707
0.09610203029333335,4923.244057408169
0.09706794959666666,4929.213094455632
0.09685330085666666,4935.182131503095
0.09878513953333333,4941.151168617125
0.09728259833000001,4947.120205664588
0.09975105883666667,4953.089242745335
0.09814119329666667,4959.058279792797
0.09857049076333334,4965.02731684026
0.0973899227,4970.996353921007
0.09824851767333333,4976.965390968469
0.09857049076666667,4982.934428015932
0.09899978826,4988.903465129963
0.09696062525666667,4994.872502177425
0.09620935468666668,5000.841539224888
0.09696062528,5006.810576305635
0.09599470594666666,5012.779613353097
0.09642400344666667,5018.74865040056
0.09631667907666668,5024.717687481307
0.09502878663666665,5030.686724528769
0.09567273284,5036.655761576233
0.09674597657,5042.624798690263
0.09459948920000001,5048.593835737725
0.09417019170333334,5054.562872818472
0.09406286733666668,5060.531909865935
0.09374089426333333,5066.500946913398
0.09266765052999999,5072.469983960861
0.09341892116333333,5078.439021041608
0.09191637996333334,5084.40805808907
0.08773072962666667,5090.377095136533
0.08676481026,5096.346132250563
0.08633551279333333,5102.315169298026
0.08569156656,5108.284206378773
0.08418902542666667,5114.253243426236
0.08451099847333333,5120.222280473698
0.08290113296,5126.191317521161
0.08064732117333334,5132.160354601908
0.07796421196999999,5138.1293916493705
0.07774956323,5144.098428696833
0.07689096825666668,5150.067465810864
0.07667631951333333,5156.0365028583265
0.07227602042666666,5162.005539939073
0.07206137167,5167.974576986536
0.07120277672333335,5173.9436140339985
0.07002220868333334,5179.912651081461
0.06884164064666666,5185.881688162208
0.06894896500666667,5191.850725209671
0.06755374825,5197.819762323701
0.06669515330999999,5203.788799371164
0.06744642389000001,5209.7578364186265
0.06690980205333334,5215.726873499373
0.06841234323333333,5221.695910546836
0.06562190969,5227.664947594299
0.06637318026,5233.633984641761
0.06680247775333333,5239.603021722508
0.06497796352333333,5245.572058769971
0.06132893501333333,5251.541095884001
0.06390471985333333,5257.510132931464
0.06497796358,5263.479169978927
0.061758232576666676,5269.448207059673
0.06283147624666667,5275.417244107136
0.06433401741666665,5281.3862811546
0.06358274682666666,5287.355318202062
0.06454866616,5293.324355282809
0.06261682752999999,5299.293392330272
0.06411936866666666,5305.262429444301
0.06454866613666667,5311.231466491764
0.06508528799,5317.200503539228
0.06422669300666665,5323.169540619974
0.06497796358666667,5329.138577667437
0.06648050470333333,5335.1076147149
0.06669515340333333,5341.076651762362
0.06669515341666667,5347.045688843109
0.06787572144666666,5353.014725923856
0.06798304580666667,5358.983763004602
0.06959291128333334,5364.952800052065
0.06884164070333333,5370.921837099528
0.06862699196333333,5376.890874180274
0.07077347932,5382.859911227737
0.07238334482,5388.8289482752
0.07281264229333333,5394.7979853226625
0.07109545240333333,5400.767022403409
0.07270531791666666,5406.736059484156
0.07410053469333333,5412.705096564902
0.07452983215999999,5418.674133612365
0.07442250782666666,5424.643170659828
0.07581772460000001,5430.612207740574
0.07710561702,5436.581244788037
0.08032534804,5442.5502818355
0.08096929428,5448.519318882963
0.08247183544666666,5454.488355963709
0.08257915981000001,5460.457393044456
0.0851549447,5466.426430125202
0.08536959345666667,5472.395467172665
0.08773072955,5478.364504220128
0.09084313626666667,5484.3335413008745
0.08923327073,5490.302578348337
0.09148708249666666,5496.271615395801
0.09545808413666668,5502.240652443264
0.09653132780666666,5508.209689557293
0.09717527406666666,5514.178726604756
0.10060965387666666,5520.1477636855025
0.10329276309,5526.116800732965
0.10340008748333333,5532.085837780429
0.10297078998333332,5538.054874861175
0.10576122359666666,5544.023911908638
0.10769306226000001,5549.992948956101
0.10898095469666669,5555.961986003564
0.10726376476333332,5561.931023117594
0.10994687400999999,5567.90006019834
0.11059082026666667,5573.8690972458035
0.11016152279000001,5579.838134293266
0.10994687405666666,5585.807171340729
0.11123476652333335,5591.7762084214755
0.11252265893,5597.745245468938
0.11220068588666665,5603.714282516401
0.11037617158,5609.683319563864
0.11123476652000001,5615.652356677894
0.11359590269333335,5621.621393758641
0.11209336149,5627.5904308061035
0.11434717326666666,5633.559467853566
0.11595703884000001,5639.528504901029
0.11638633630666667,5645.497541981776
0.11606436314666667,5651.466579029238
0.11864014811000001,5657.435616076701
0.11810352624333333,5663.404653190732
0.11810352619000002,5669.373690238194
0.12057198675666665,5675.342727318941
0.12014268929,5681.311764366404
0.12207452794,5687.280801413866
0.12304044721333333,5693.249838461329
0.12379171784333333,5699.218875542076
0.12486496157666667,5705.187912589538
0.12583088091333333,5711.156949637002
0.12507961031333334,5717.125986751032
0.12626017840666667,5723.095023798494
0.12518693467333333,5729.064060879241
0.12701144898333336,5735.033097926704
0.12593820528000002,5741.002134974167
0.12647482714,5746.97117202163
0.12454298852333334,5752.940209102377
0.12593820532666666,5758.909246149839
0.12550890783333332,5764.878283197302
0.12422101538666667,5770.847320311332
0.12314777171,5776.816357358795
0.12325509610333334,5782.785394439541
0.12368439357666666,5788.754431487005
0.12314777179333332,5794.723468534467
0.12314777185333332,5800.69250558193
0.12293312308666667,5806.661542662677
0.12239650130666668,5812.6305797101395
0.12078663576666666,5818.59961682417
0.11982071649666666,5824.568653871633
0.11853282409666666,5830.537690919095
0.11939141909333333,5836.506727999842
0.11756690476000002,5842.475765047305
0.11745958049333334,5848.4448020947675
0.11745958049333334,5854.41383914223
0.11670830992666666,5860.382876222977
0.11477647129333335,5866.35191327044
0.11713760756333332,5872.32095038447
0.11638633696333334,5878.289987431933
0.11509844446333334,5884.2590244793955
0.11370322773666668,5890.228061560142
0.1145618227,5896.197098607605
0.11316660579666667,5902.166135655068
0.11338125463,5908.13517270253
0.11102011846666666,5914.104209783277
0.10983955036666666,5920.07324683074
0.10876630666666669,5926.04228394477
0.10822968483666666,5932.011320992233
0.10619052183333333,5937.980358039696
0.10393671007000001,5943.949395120442
0.10586854867666666,5949.918432167905
0.10500995380333333,5955.887469215369
0.10136092507333333,5961.856506262831
0.10350741247,5967.825543343578
0.10425868310666668,5973.794580424324
0.10318543943333335,5979.76361750507
0.10533192688666666,5985.732654552533
0.10672714369999999,5991.701691599997
0.10715644124,5997.670728680742
0.10447333201333332,6003.639765728206
0.10425868333666666,6009.608802775669
0.10458065646333332,6015.577839823131
0.10479530525666665,6021.546876903878
0.10340008844,6027.515914017908
0.10522460277666668,6033.484951065371
0.10500995402666667,6039.453988112834
0.10350741286666666,6045.423025160297
0.10307811539,6051.392062241043
0.10490262965000001,6057.361099288506
0.10393671044000001,6063.330136335969
0.10382938598000001,6069.2991733834315
0.10307811537666667,6075.268210464178
0.10425868343666667,6081.237247578209
0.10297079101,6087.206284625671
0.10254149357666668,6093.175321673134
0.10404403467666667,6099.144358720597
0.10565390021,6105.113395801343
0.10329276407333332,6111.082432848806
0.10179022290666666,6117.051469896269
0.1015755742,6123.020506943732
0.10018035730333334,6128.989544057762
0.09857049176666666,6134.958581138509
0.09717527496,6140.927618185971
0.09599470689333334,6146.896655233434
0.09481413886333334,6152.865692280897
0.09234567832,6158.834729361643
0.09363357072333334,6164.803766409106
0.08740875736000002,6170.77280345657
0.08472564809333333,6176.741840504033
0.08504762119333335,6182.710877618062
0.08311578259666667,6188.679914698809
0.08182789016666667,6194.648951746271
0.08043267333666666,6200.617988793734
0.07957407836666666,6206.587025841198
0.07753491541,6212.5560629219435
0.07624702298000001,6218.525099969407
0.07656899604333334,6224.49413701687
0.07710561791,6230.463174064333
0.07635434734666667,6236.432211178363
0.07667632041,6242.401248259109
0.07356391372333333,6248.370285306572
0.07431518431999999,6254.339322354035
0.07538842798666667,6260.308359401498
0.07463715742,6266.2773964822445
0.07313461626333334,6272.246433529707
0.07399321123333334,6278.21547057717
0.073349265,6284.1845076912
0.07206137256666667,6290.153544738663
0.07184672380666667,6296.12258181941
0.07163207507,6302.0916188668725
0.06851966834333333,6308.060655914335
0.06916361459333333,6314.029692961798
0.06970023645000001,6319.998730042545
0.06894896577666666,6325.967767090007
0.06884164141333333,6331.93680413747
0.06830501955,6337.9058412515005
0.06894896574333333,6343.874878298963
0.06830501951333333,6349.84391537971
0.06841234384666667,6355.812952427173
0.06712445141333333,6361.781989474635
0.06594388335,6367.751026522098
0.06841234381,6373.720063602845
0.06626585641333332,6379.689100650307
0.06572923458,6385.658137697771
0.06540726145333334,6391.627174811801
0.06626585637,6397.596211859263
0.06508528827333333,6403.56524894001
0.06422669334999999,6409.534285987473
0.06454866636666666,6415.503323034935
0.06411936890999999,6421.472360082399
0.06444134203333333,6427.441397163145
0.06465599073333334,6433.410434210608
0.06508528817,6439.379471324638
0.06304612522,6445.348508372101
0.06594388310333334,6451.317545419564
0.06433401757666667,6457.28658250031
0.06379739570666666,6463.255619547774
0.06605120747666667,6469.224656595236
0.06970023593333334,6475.193693642699
0.06937826283666666,6481.162730723446
0.06916361409333334,6487.1317677709085
0.07109545268666667,6493.100804884939
0.07345658879,6499.069841932402
0.07388588622333332,6505.038878979864
0.07463715682666668,6511.007916060611
0.07581772485666667,6516.976953108074
0.07678364418666667,6522.9459901555365
0.07678364415333333,6528.915027202999
0.07903745586,6534.884064283746
0.07785688782,6540.853101331209
0.07689096852666667,6546.822138445239
0.07807153653,6552.791175492702
0.07656899541,6558.7602125401645
0.07753491472333333,6564.729249620911
0.07624702229333334,6570.698286668374
0.07678364411666667,6576.667323715837
0.07474448115333333,6582.636360763299
0.07560307611333333,6588.605397844046
0.07291996688,6594.574434958076
0.07270531817999999,6600.543472005539
0.07495912988,6606.512509053002
0.07356391308333333,6612.481546100465
0.07238334504,6618.450583181211
0.07066615517333334,6624.419620228674
0.07120277696666666,6630.388657276137
0.06980756017,6636.3576943236
0.07002220891,6642.326731404347
0.07034418199666666,6648.2957685183765
0.06776839713,6654.264805565839
0.06680247779,6660.233842613302
0.06658782905666667,6666.202879660766
0.06615853155666666,6672.171916741511
0.06422669295666666,6678.140953788975
0.06401204422,6684.109990836438
0.06326077362666667,6690.0790278839
0.06111428629000001,6696.048064964647
0.06293880052,6702.0171020786765
0.06004104259666667,6707.98613912614
0.058967798913333334,6713.955176173603
0.05918244767,6719.924213221066
0.05939709640666666,6725.893250301812
0.05521144608333334,6731.862287349275
0.05703596032666667,6737.831324396738
0.054460175516666674,6743.8003614442005
0.053064958763333336,6749.769398558231
0.053279607486666665,6755.7384356389775
0.050703822713333326,6761.70747268644
0.05209903947333333,6767.676509733903
0.05059649833333333,6773.645546781366
0.04973790339666667,6779.614583862112
0.051133120176666665,6785.583620909575
0.049630579013333335,6791.552657957038
0.048235362250000004,6797.5216950045005
0.05059649833666666,6803.490732118531
0.049201281556666664,6809.459769199278
0.05038184959666667,6815.42880624674
0.05145509326666666,6821.397843294203
0.05005987649333334,6827.366880341666
0.04845001097666666,6833.335917422412
0.049201281549999996,6839.304954469875
0.045444928716666666,6845.273991517338
0.04641084799666667,6851.2430285648015
0.046303523640000004,6857.212065678831
0.045766901793333335,6863.181102759578
0.04415703630666667,6869.15013980704
0.04286914389333333,6875.119176854503
0.03675165507366667,6881.088213901967
0.04286914388333333,6887.0572509827125
0.04136660272666667,6893.026288030176
0.041044629623333335,6898.995325077639
0.03836152044333333,6904.964362191668
0.03750292550333333,6910.933399239132
0.038790817906666664,6916.902436319878
0.038468844790000005,6922.871473367341
0.0349271407,6928.840510414804
0.036215033099999995,6934.809547462267
0.035893059983333336,6940.7785845430135
0.03503446506333333,6946.747621590476
0.03481981633333333,6952.716658637939
0.034819816323333336,6958.685695751969
0.03514178940333333,6964.654732799432
0.035034465046666664,6970.623769880179
0.03524911378666667,6976.5928069276415
0.03320995081666667,6982.561843975104
0.03428319447666667,6988.530881022567
0.03535643814666667,6994.499918103314
0.03793222294,7000.468955150776
0.03750292547666667,7006.437992198239
0.03739560112333334,7012.4070293122695
0.03632235744666667,7018.376066359732
0.03836152041666666,7024.345103440479
0.04072265648,7030.314140487942
0.039434764069999996,7036.283177535404
0.040293359003333334,7042.252214582867
0.04018603465,7048.221251663614
0.04061533210333333,7054.190288711076
0.03997138588333333,7060.159325825107
0.04104462954666666,7066.12836287257
0.03997138588666666,7072.097399920032
0.041151953910000004,7078.066437000779
0.041366602636666666,7084.035474048242
0.040078710233333335,7090.004511095704
0.040615332063333336,7095.973548143168
0.04147392699666667,7101.942585223914
0.04201054882666666,7107.911622271377
0.042332521920000005,7113.880659385407
0.043191116849999996,7119.84969643287
0.044479009246666666,7125.818733480333
0.04619619911666667,7131.787770561079
0.04555225292,7137.756807608543
0.04769874025333334,7143.725844656005
0.04791338898333333,7149.694881703468
0.048664659549999996,7155.663918784215
0.04995255195666667,7161.6329558316775
0.05048917379000001,7167.601992945708
0.050489173793333335,7173.571029993171
0.051133120000000004,7179.540067040633
0.05381622918000001,7185.50910412138
0.053172282980000006,7191.478141168843
0.05360158045333333,7197.4471782163055
0.05564074342666667,7203.416215263768
0.054782148489999995,7209.385252344515
0.05446017539333333,7215.354289458545
0.05757258205333332,7221.323326506008
0.05896779881666666,7227.292363553471
0.05843117699666667,7233.2614006009335
0.059504420673333336,7239.23043768168
0.06175823239,7245.199474729143
0.06111428618333334,7251.168511776606
0.06379739537333333,7257.137548824068
0.06401204411333333,7263.106585904815
0.06411936847666667,7269.075623018845
0.06508528777333333,7275.044660066308
0.06723177512666666,7281.013697113771
0.06540726087,7286.982734161234
0.06615853144333333,7292.95177124198
0.06819769443333334,7298.920808289443
0.06894896500333332,7304.889845336906
0.06851966753333333,7310.858882384369
0.06980755995,7316.827919465115
0.07077347925333333,7322.796956579145
0.07002220867333332,7328.765993626608
0.07249066914333334,7334.735030674071
0.07485180524333333,7340.704067721535
0.07485180524,7346.67310480228
0.07485180524,7352.642141849744
0.07689096824333334,7358.611178897207
0.0760323733,7364.580215944669
0.07689096826,7370.549253058699
0.07785688757999999,7376.5182901394455
0.07850083378666665,7382.487327186909
0.07753491447333333,7388.456364234372
0.07968140183000001,7394.425401281835
0.07946675310666666,7400.394438362581
0.07903745562333334,7406.363475410044
0.08043267241333334,7412.332512457507
0.08032534808333333,7418.301549504969
0.08204253797666666,7424.270586619
0.08204253795000001,7430.2396236997465
0.08182788924666667,7436.208660747209
0.08257915981333333,7442.177697794672
0.08343775475666666,7448.146734842135
0.08451099843333333,7454.115771922881
0.08257915982333333,7460.084808970344
0.08300845729666667,7466.053846017807
0.08408170096333334,7472.0228830652695
0.08118394304666667,7477.9919201793
0.08268648418666666,7483.960957260047
0.08247183546999999,7489.929994307509
0.08257915983333333,7495.899031354972
0.08139859179999999,7501.868068402435
0.08247183546666667,7507.837105483181
0.08043267250000001,7513.806142530644
0.08011069938666666,7519.775179578107
0.08032534808666668,7525.744216692137
0.07850083385333334,7531.7132537396
0.07796421201999999,7537.682290820347
0.07871548261333333,7543.651327867809
0.07860815824333332,7549.620364915272
0.07742759020000001,7555.589401962736
0.07925210448333334,7561.5584390434815
0.0774275902,7567.527476090945
0.07635434653666666,7573.496513138408
0.07667631964,7579.465550252437
0.07613969781333334,7585.4345872999
0.07549575157333334,7591.403624380647
0.07495912973666666,7597.37266142811
0.07571040031666666,7603.341698475573
0.0737785617,7609.310735523036
0.07581772466999999,7615.2797726037825
0.07474448101333332,7621.248809651245
0.07410053478,7627.217846698708
0.07581772466333334,7633.186883812738
0.07474448099333332,7639.155920860201
0.07528110282,7645.124957940948
0.07313461546666668,7651.0939949884105
0.07549575156,7657.063032035873
0.07313461545666668,7663.032069083336
0.07399321038333333,7669.001106164083
0.07474448099,7674.970143211545
0.07474448098666665,7680.939180325576
0.07549575155333334,7686.9082173730385
0.07667631958666667,7692.877254420501
0.07646167086,7698.846291501248
0.07624702212666666,7704.815328548711
0.07796421202666666,7710.784365596173
0.07732026582333333,7716.753402643636
0.07732026578333333,7722.722439724383
0.07710561707,7728.691476771845
0.07495912973,7734.660513885876
0.07410053476,7740.629550933339
0.07613969776333333,7746.598587980801
0.07431518352333333,7752.567625061548
0.07216869614666667,7758.536662109011
0.07216869613333333,7764.505699156473
0.06819769454666666,7770.474736203937
0.06970023566333333,7776.443773284683
0.06862699199000001,7782.412810332146
0.0681976945,7788.381847446176
0.06669515335666668,7794.350884493639
0.06766107265,7800.319921541101
0.06712445080666667,7806.288958621848
0.06487063908666667,7812.257995669312
0.06487063907,7818.227032716774
0.06519261216,7824.196069764237
0.06347542226666666,7830.165106844984
0.06143625928666666,7836.134143959013
0.061758232376666666,7842.103181006476
0.061221610536666665,7848.07221805394
0.06165090801,7854.041255101402
0.06272415167,7860.010292182149
0.061865556733333334,7865.979329229612
0.061436259259999994,7871.9483662770745
0.06347542224666668,7877.917403324537
0.06390471970333333,7883.886440405284
0.06422669281,7889.855477519314
0.06240217856333333,7895.824514566777
0.06293880039333334,7901.79355161424
0.06562190958666667,7907.7625886617025
0.06422669280666667,7913.731625742449
0.06572923395000001,7919.700662789912
0.06508528774333333,7925.6696998373745
0.06637318016,7931.638736884837
0.06583655831666667,7937.607773965584
0.06701712636,7943.576811079614
0.06562190958,7949.545848127077
0.06712445072666666,7955.51488517454
0.06980755992333333,7961.483922222003
0.06916361371333334,7967.452959302749
