Average lockin_signal,Ion velocity
0.09696062597,-5958.660720792553
0.10533192706333334,-5952.657672149456
0.10168289844666667,-5946.654623439792
0.10458065645999999,-5940.651574796694
0.10490262958,-5934.64852608703
0.10533192713666667,-5928.6454774439335
0.10468798091000002,-5922.642428800837
0.10382938590666667,-5916.639380157739
0.10329276407,-5910.636331448075
0.10264881781333333,-5904.633282804978
0.10382938589333333,-5898.630234095313
0.10103895230333333,-5892.6271854522165
0.10372206157333334,-5886.624136742552
0.10125360096666668,-5880.621088099455
0.10211219600333334,-5874.618039456358
0.10018035724666667,-5868.614990813261
0.10168289848333333,-5862.611942103596
0.10179022281333333,-5856.6088934604995
0.10039500605,-5850.605844750835
0.09921443791666668,-5844.602796107738
0.09921443791333333,-5838.599747398073
0.09857049164,-5832.596698754976
0.09932176226666667,-5826.593650045312
0.09942908654999999,-5820.590601402215
0.09771189663,-5814.587552759118
0.09942908656666667,-5808.584504116021
0.09899978906,-5802.581455406356
0.09760457226333331,-5796.578406763259
0.09814119409333333,-5790.575358053595
0.09899978902,-5784.572309410498
0.09910711335666667,-5778.569260700834
0.09835584277000002,-5772.566212057736
0.09706795027333333,-5766.5631633480725
0.09620935534000001,-5760.560114704976
0.09706795024333333,-5754.557066061879
0.09277497545333334,-5748.554017418781
0.09363357033666668,-5742.550968709117
0.09180905601,-5736.54792006602
0.09019919045666668,-5730.5448713563555
0.08987721735,-5724.541822713259
0.08655016184000001,-5718.538774003594
0.08762340550333332,-5712.535725360497
0.08569156686666668,-5706.532676650832
0.08440367443333334,-5700.5296280077355
0.08494029626666666,-5694.526579364639
0.08257916009,-5688.523530721542
0.08139859203333334,-5682.520482011877
0.08193521382,-5676.517433302212
0.07882280711666666,-5670.514384659115
0.07968140204666667,-5664.511335949452
0.07753491466666666,-5658.508287306354
0.07699829280666666,-5652.505238663257
0.07495912983333333,-5646.50219002016
0.07463715671333333,-5640.499141310495
0.07184672310333333,-5634.496092667398
0.07066615507,-5628.493043957735
0.06894896518333334,-5622.489995314637
0.06572923413000001,-5616.486946604973
0.06648050469000001,-5610.483897961876
0.06422669296666667,-5604.480849252212
0.060899637619999995,-5598.477800609115
0.06004104262333334,-5592.474751966018
0.059719069519999994,-5586.471703322921
0.05692863597666667,-5580.468654613256
0.056392014133333335,-5574.465605970159
0.054567499876666675,-5568.462557260495
0.05360158058666667,-5562.459508617398
0.051455093240000006,-5556.456459907733
0.05027452522033334,-5550.453411264636
0.04909395718466666,-5544.450362554971
0.046410847999,-5538.4473139118745
0.04791338913766666,-5532.444265268778
0.04716211856133332,-5526.441216625681
0.04651817236233333,-5520.438167916016
0.04598155052433333,-5514.435119272919
0.04437168499333333,-5508.4320705632545
0.04308379259333334,-5502.4290219201575
0.03997138596,-5496.425973210494
0.04136660271033333,-5490.422924567396
0.03975673719666667,-5484.419875857732
0.03911279100933333,-5478.416827214635
0.03868349352666667,-5472.4137785715375
0.036751654923333335,-5466.410729928441
0.03535643816333334,-5460.407681218777
0.03406854577000001,-5454.404632575679
0.03181473407866667,-5448.401583866015
0.03127811223666667,-5442.398535222918
0.03149276096366666,-5436.395486513254
0.02934627364533333,-5430.392437870157
0.029131624923333335,-5424.38938922706
0.02805838124233333,-5418.386340583963
0.028273029985666664,-5412.383291874298
0.029024300545000003,-5406.380243231201
0.028702327446666665,-5400.377194521537
0.02730711068,-5394.37414587844
0.026448515759333335,-5388.371097168775
0.026126542654333337,-5382.368048525678
0.02623386701366667,-5376.364999816014
0.026019218280000003,-5370.361951172917
0.026126542636666666,-5364.35890252982
0.025911893893333333,-5358.355853886723
0.026770488819999997,-5352.352805177058
0.02655584008,-5346.349756533961
0.027307110643333337,-5340.346707824297
0.029453597956666664,-5334.3436591812
0.028273029926666665,-5328.340610471536
0.029668246683333333,-5322.337561828438
0.029131624853333333,-5316.334513118774
0.028380354293333337,-5310.331464475677
0.02988289542,-5304.32841583258
0.02934627359,-5298.325367189483
0.031278112186666665,-5292.322318479819
0.030526841629999996,-5286.319269836722
0.03299530205666667,-5280.316221127057
0.034605167560000004,-5274.31317248396
0.035356438159999996,-5268.310123774296
0.03761024985333333,-5262.307075131199
0.03825419607,-5256.304026421534
0.03954208848666667,-5250.300977778437
0.04136660273666667,-5244.29792913534
0.041795900231,-5238.2948804922435
0.04490830686666667,-5232.291831782579
0.044800982520000004,-5226.288783139482
0.04684014548666667,-5220.285734429817
0.04812803790333334,-5214.28268578672
0.05156241765,-5208.279637077056
0.054567499920000005,-5202.276588433959
0.05574806798666667,-5196.273539790862
0.05810920404666667,-5190.270491081197
0.05928977213,-5184.2674424381
0.059289772096666665,-5178.2643937284365
0.06004104269,-5172.261345085339
0.059933718329999996,-5166.258296375675
0.06218753005333333,-5160.255247732578
0.06369007123333333,-5154.252199022913
0.06487063925333332,-5148.2491503798165
0.06723177533333334,-5142.2461017367195
0.06626585603,-5136.243053093622
0.06733909969333333,-5130.240004383958
0.06776839719,-5124.236955740861
0.06733909968666667,-5118.233907031196
0.06851966775333333,-5112.2308583880995
0.06733909968666667,-5106.227809678435
0.06798304588,-5100.224761035338
0.06830501897666667,-5094.221712325673
0.06873431643666666,-5088.218663682576
0.06916361390666666,-5082.215615039479
0.06851966773333333,-5076.2125663963825
0.06841234333333333,-5070.209517686718
0.06862699207,-5064.206469043621
0.06744642399666667,-5058.203420333956
0.06744642400333334,-5052.200371690859
0.06798304582999999,-5046.197322981196
0.06937826260666667,-5040.194274338098
0.06830501893666667,-5034.191225628434
0.07184672307666666,-5028.188176985337
0.07002220883666667,-5022.185128342239
0.07141742561333332,-5016.182079699142
0.07152474997666668,-5010.179030989479
0.07152474997666668,-5004.175982346381
0.07367123732333333,-4998.172933636717
0.07463715666,-4992.16988499362
0.07163207435,-4986.1668362839555
0.07485180539999998,-4980.163787640859
0.07517377847333333,-4974.160738997762
0.07624702215666666,-4968.157690354664
0.07667631963333334,-4962.154641645
0.07410053478333332,-4956.151593001903
0.07538842718,-4950.1485442922385
0.0741005348,-4944.145495649142
0.07678364397666666,-4938.142446939477
0.07463715663333333,-4932.13939829638
0.07474448097333333,-4926.136349586715
0.07410053479666667,-4920.133300943618
0.07313461546,-4914.1302523005215
0.07442250787,-4908.127203657425
0.07281264233666666,-4902.12415494776
0.07410053474,-4896.121106304663
0.07238334484333332,-4890.118057594998
0.07281264230333333,-4884.1150089519015
0.07281264229666667,-4878.111960242238
0.07442250782,-4872.10891159914
0.07302729103666666,-4866.105862889476
0.07367123724333334,-4860.102814246379
0.07506645403666666,-4854.099765603281
0.07463715655333333,-4848.0967169601845
0.07785688758666666,-4842.093668250521
0.07667631953333333,-4836.090619607423
0.07807153631000001,-4830.087570897759
0.07925210436333334,-4824.084522254662
0.08000337493,-4818.081473544998
0.07893013125,-4812.078424901901
0.08032534806,-4806.075376192236
0.08107661860333333,-4800.072327549139
0.08386705218333333,-4794.069278906042
0.08236451103333332,-4788.066230262945
0.08268648413333334,-4782.063181553281
0.08311578161,-4776.060132910184
0.08322310599666666,-4770.057084200519
0.08461832274666665,-4764.054035557422
0.08333043036333333,-4758.0509868477575
0.08547691769333333,-4752.047938204661
0.08343775470333333,-4746.044889561564
0.08622818829333334,-4740.041840918467
0.08558424209,-4734.038792208802
0.08740875636666667,-4728.035743499138
0.08558424211666667,-4722.0326948560405
0.08762340514333333,-4716.029646146377
0.08730143202333333,-4710.02659750328
0.08612086396666667,-4704.023548793615
0.08676481019666667,-4698.020500150518
0.08816002698333332,-4692.017451507421
0.08601353962666668,-4686.0144028643235
0.08161324057666666,-4680.01135415466
0.08676481017,-4674.008305511563
0.08601353959000001,-4668.005256801898
0.08719410765333334,-4662.002208158801
0.08665748578,-4655.999159449137
0.08858932443666667,-4649.99611080604
0.08783805383333332,-4643.993062096375
0.08912594624666666,-4637.990013453278
0.08998454120333332,-4631.986964810181
0.09116510924999999,-4625.983916167084
0.09363356971666666,-4619.98086745742
0.09341892098,-4613.977818814323
0.09631667892,-4607.974770104658
0.09835584194999998,-4601.971721461561
0.097497247,-4595.968672751897
0.10157557302333332,-4589.9656241088
0.10050232932999999,-4583.962575399136
0.10286346546666668,-4577.959526756039
0.10221951924333333,-4571.956478112941
0.10189754614666667,-4565.953429469844
0.10168289739999999,-4559.95038076018
0.10221951926333334,-4553.947332117083
0.10415135792333334,-4547.944283407419
0.10490262849333333,-4541.941234764322
0.10479530414666667,-4535.938186054657
0.10533192599666667,-4529.93513741156
0.10586854786666666,-4523.9320887684635
0.10533192605333334,-4517.929040125366
0.10683446718,-4511.925991415702
0.10511727730666669,-4505.922942772605
0.10908827897666667,-4499.91989406294
0.10822968406,-4493.916845419843
0.11048349583,-4487.913796710179
0.10930292776,-4481.910748067082
0.10951757652333333,-4475.907699357417
0.11026884712,-4469.90465071432
0.11166406394666666,-4463.901602071223
0.11123476647666668,-4457.898553428126
0.11209336144333333,-4451.895504718462
0.11112744211333332,-4445.892456075365
0.11144941524,-4439.8894073657
0.11134209087333331,-4433.886358722603
0.11177138831,-4427.88331001294
0.11198603707333332,-4421.880261369842
0.11370322695666667,-4415.877212660178
0.11284463204333332,-4409.874164017081
0.11574239002666668,-4403.871115373983
0.11284463201666665,-4397.868066730886
0.11552774133333332,-4391.865018021223
0.11488379510666667,-4385.861969378125
0.11778155310333334,-4379.858920668461
0.11778155310333334,-4373.855872025364
0.11670830948666666,-4367.852823315699
0.11831817499000001,-4361.8497746726025
0.11939141878333333,-4355.846725962938
0.11992804061666666,-4349.843677319841
0.12121593308666667,-4343.840628676744
0.12003536507,-4337.837580033647
0.12261114994666666,-4331.834531323982
0.12078663566999999,-4325.8314826808855
0.12293312310666667,-4319.828433971221
0.12379171810333334,-4313.825385328124
0.1240063669,-4307.822336618459
0.12465031313666668,-4301.819287975362
0.12422101566333332,-4295.8162393322655
0.12550890813333335,-4289.813190689169
0.12561623256333332,-4283.810141979504
0.12668947623333335,-4277.807093336407
0.12765539563000003,-4271.804044626742
0.12829934180333333,-4265.800995983645
0.12840666626333333,-4259.797947273982
0.12851399066333333,-4253.794898564317
0.12829934196333334,-4247.79184992122
0.12647482759666664,-4241.788801278123
0.12787004443,-4235.785752635025
0.12540158392666667,-4229.782703925362
0.12282579922999999,-4223.779655282265
0.12529425959333332,-4217.7766065726
0.12572355706000002,-4211.773557929503
0.12465031333,-4205.7705092198385
0.12282579912666665,-4199.7674605767415
0.12432834032666666,-4193.764411867077
0.12143058232666666,-4187.76136322398
0.12250382609333332,-4181.758314580883
0.12100128489333332,-4175.755265937786
0.12003536552666666,-4169.7522172281215
0.12057198736333334,-4163.749168585025
0.12003536549666667,-4157.74611987536
0.12110860916666666,-4151.743071232263
0.12035733860000002,-4145.740022522598
0.11917677053000002,-4139.736973879501
0.11982071673666668,-4133.733925169838
0.11853282427666667,-4127.730876526741
0.11960606797333333,-4121.727827883643
0.11821085119000001,-4115.724779240546
0.11885479734666667,-4109.721730530882
0.11574239066333332,-4103.718681887784
0.11864014862,-4097.715633178121
0.11745958048666667,-4091.7125845350233
0.11724493174666666,-4085.709535825359
0.11563506616666668,-4079.7064871822618
0.11209336196666668,-4073.703438539165
0.11359590305666667,-4067.700389896068
0.11102011823666667,-4061.6973411864033
0.11059082070333333,-4055.6942925433063
0.10951757705333333,-4049.691243833642
0.10790771141,-4043.6881951905452
0.10769306265333334,-4037.6851464808806
0.10672714330333333,-4031.6820978377837
0.10608319705000001,-4025.6790491281195
0.10189754669666666,-4019.676000485022
0.10093162730333334,-4013.672951841925
0.09824851805333334,-4007.6699031988283
0.09706795001,-4001.6668544891636
0.09620935503666668,-3995.6638058460667
0.09309694829666666,-3989.6607571364025
0.09288229955666667,-3983.657708493305
0.09019919028666668,-3977.654659783641
0.09116510959333333,-3971.651611140544
0.08869664906333334,-3965.6485624308793
0.08869664906000001,-3959.6455137877824
0.08590621542333333,-3953.6424651446855
0.08322310618666667,-3947.639416501588
0.08333043055666665,-3941.636367791924
0.08279380869666667,-3935.633319148827
0.07860815829,-3929.6302704391624
0.08225718680666666,-3923.6272217960654
0.07785688769333333,-3917.6241730864012
0.07807153643333332,-3911.621124443304
0.07667631963333334,-3905.6180757336397
0.07560307593666667,-3899.6150270905428
0.07356391291666665,-3893.6119784474454
0.07410053475666667,-3887.6089298043485
0.06884164072666667,-3881.6058810946843
0.07141742555333334,-3875.6028324515873
0.06980756004333333,-3869.5997837419227
0.06830501888666667,-3863.596735098826
0.06948558694666666,-3857.5936863891616
0.06626585589666667,-3851.590637746064
0.06637318026666666,-3845.5875891029673
0.06304612486666666,-3839.5845404598704
0.06390471982,-3833.5814917502057
0.06390471981333333,-3827.578443107109
0.06283147614,-3821.5753943974446
0.06293880051666667,-3815.572345754347
0.06369007109000001,-3809.569297044683
0.06250950306666667,-3803.566248401586
0.06358274674666667,-3797.5631996919215
0.06347542237666666,-3791.5601510488245
0.06229485435333334,-3785.5571024057276
0.06197288124,-3779.554053696063
0.06240217872666667,-3773.551005052966
0.06186555687333334,-3767.547956343302
0.06122161068333334,-3761.5449077002045
0.06218753001999999,-3755.5418589905403
0.062080205646666664,-3749.5388103474434
0.06261682747333334,-3743.5357616377787
0.06229485438333333,-3737.532712994682
0.06229485436999999,-3731.529664351585
0.06272415187000001,-3725.526615708488
0.0618655569,-3719.5235669988233
0.06476331483666667,-3713.5205183557264
0.06208020563666666,-3707.517469646062
0.06390471990333334,-3701.514421002965
0.06326077370666666,-3695.5113722933006
0.06132893511333334,-3689.5083236502037
0.06229485441000001,-3683.505274940539
0.06186555697999999,-3677.502226297442
0.06111428641666666,-3671.499177654345
0.06089963769,-3665.496129011248
0.060899637693333335,-3659.4930803015836
0.06165090826333334,-3653.4900316584867
0.06079231333666666,-3647.486982948822
0.06057766456666666,-3641.483934305725
0.06111428641333333,-3635.480885596061
0.060792313310000005,-3629.4778369529636
0.06229485443333333,-3623.4747883098667
0.06293880068,-3617.4717396667697
0.06208020570666667,-3611.468690957105
0.06326077378666667,-3605.465642314008
0.06208020572666667,-3599.462593604344
0.06315344938666667,-3593.4595449612466
0.06336809814333333,-3587.4564962515824
0.06326077374333333,-3581.4534476084855
0.06240217878666667,-3575.450398898821
0.06197288131333334,-3569.447350255724
0.062080205720000003,-3563.444301612627
0.060255691433333335,-3557.44125296953
0.06079231327,-3551.4382042598654
0.05993371834,-3545.4351556167685
0.05971906959333334,-3539.4321069071043
0.058645825893333337,-3533.429058264007
0.059504420819999994,-3527.4260095543427
0.058431177153333326,-3521.422960911246
0.057894555300000004,-3515.419912201581
0.05746525780666667,-3509.4168635584842
0.05800187967,-3503.4138149153873
0.058109203996666664,-3497.41076627229
0.05649933850666666,-3491.4077175626257
0.054889472976666666,-3485.404668919529
0.05199171503,-3479.401620209864
0.052421012516666664,-3473.3985715667673
0.05156241754333333,-3467.395522857103
0.05156241756,-3461.3924742140057
0.04930860584,-3455.3894255043415
0.04898663275,-3449.3863768612446
0.0490939571,-3443.383328218147
0.04866465963333333,-3437.3802795750503
0.04823536215333333,-3431.377230865386
0.04651817227,-3425.3741822222887
0.04565957733666667,-3419.3711335126245
0.04608887479666667,-3413.3680848695276
0.04555225295333334,-3407.365036159863
0.04426436055333333,-3401.361987516766
0.0434057656,-3395.358938873669
0.04523027983,-3389.355890230572
0.04351308996333333,-3383.3528415209075
0.04415703614666666,-3377.3497928778106
0.042332521916666664,-3371.3467441681464
0.044908306713333325,-3365.343695525049
0.04523027981666667,-3359.340646815385
0.04490830671666667,-3353.337598172288
0.044586333623333335,-3347.3345494626233
0.044800982366666665,-3341.3315008195264
0.04394238743666667,-3335.3284521764294
0.04329844126000001,-3329.325403533332
0.04619619916333333,-3323.322354823668
0.046840145369999996,-3317.319306180571
0.04705479413,-3311.3162574709063
0.04619619921999999,-3305.313208761242
0.04759141599333333,-3299.310160118145
0.04898663276,-3293.3071114084805
0.049093957136666665,-3287.3040627653836
0.05038184954333333,-3281.3010141222867
0.04995255208333333,-3275.2979654791893
0.051347768833333335,-3269.294916769525
0.05134776885666666,-3263.291868126428
0.05285030996666667,-3257.2888194167635
0.05349425618333333,-3251.2857707736666
0.05467482424666667,-3245.2827220640024
0.05317228308333333,-3239.279673420905
0.05349425620666667,-3233.276624711241
0.05607004099333333,-3227.273576068144
0.05607004100666666,-3221.270527425047
0.05671398720666667,-3215.2674787819496
0.056177365390000004,-3209.2644300722854
0.05907512328,-3203.2613814291885
0.058323852723333326,-3197.258332719524
0.059289772006666665,-3191.255284076427
0.05821652837,-3185.2522353667628
0.062402178679999996,-3179.2491867236654
0.06229485431,-3173.2461380805685
0.061758232473333334,-3167.2430894374716
0.06208020559333333,-3161.240040727807
0.06218752997000001,-3155.23699208471
0.06433401733333333,-3149.233943375046
0.06626585594333334,-3143.2308947319484
0.06626585593333334,-3137.227846022284
0.06873431644,-3131.2247973791873
0.07120277687666667,-3125.2217486695226
0.07023685760333333,-3119.2187000264257
0.07420785920666667,-3113.215651383329
0.07356391300666666,-3107.2126027402314
0.07528110291,-3101.2095540305672
0.07506645417333334,-3095.2065053874703
0.07656899532333333,-3089.2034566778057
0.07871548268333332,-3083.2004080347087
0.07882280705666667,-3077.1973593250445
0.08043267253666667,-3071.1943106819476
0.07914478016333333,-3065.191261972283
0.08461832292333334,-3059.188213329186
0.08365240362666666,-3053.185164686089
0.08665748591333333,-3047.1821160429918
0.08730143212333334,-3041.1790673333276
0.08665748589666666,-3035.1760186902306
0.08998454133333333,-3029.172969980566
0.08944791950000001,-3023.169921337469
0.09052116318333332,-3017.166872627805
0.09137975813,-3011.1638239847075
0.09331159678666667,-3005.1607752750433
0.09320427242666667,-2999.1577266319464
0.09642400344333335,-2993.154677988849
0.09513611103666668,-2987.151629345752
0.09653132784333333,-2981.148580636088
0.09749724715333334,-2975.1455319929905
0.09567273284333333,-2969.1424832833263
0.09878513953666668,-2963.1394346402294
0.09663865213,-2957.1363859305648
0.09792654456666668,-2951.133337287468
0.09857049080333334,-2945.130288644371
0.09942908571333332,-2939.1272400012735
0.10211219496000001,-2933.1241912916093
0.10007303193333333,-2927.1211426485124
0.09964373444,-2921.118093938848
0.09932176133666666,-2915.115045295751
0.1008243025,-2909.1119965860867
0.10200487056333334,-2903.1089479429897
0.10221951929333332,-2897.105899233325
0.10125359997,-2891.102850590228
0.10254149239666666,-2885.0998019471313
0.10189754614666667,-2879.096753304034
0.10425868227333335,-2873.0937045943697
0.10340008730666667,-2867.0906559512728
0.10447333099333334,-2861.087607241608
0.10543925032,-2855.084558598511
0.10672714275,-2849.081509888847
0.10522460159333334,-2843.0784612457496
0.10704911587666667,-2837.0754125360854
0.10694179151,-2831.0723638929885
0.10898095452,-2825.069315249891
0.10887363016333333,-2819.066266540227
0.11080546882000002,-2813.06321789713
0.11134209067,-2807.0601691874654
0.11080546883666666,-2801.0571205443684
0.11391787556666667,-2795.0540718347042
0.11359590242999999,-2789.051023191607
0.11703028231,-2783.0479744819427
0.11509844364999999,-2777.0449258388458
0.11745957975,-2771.0418771957484
0.11638633606666667,-2765.0388285526515
0.11778155291999999,-2759.0357798429873
0.11960606717666666,-2753.03273119989
0.11831817475,-2747.0296824902257
0.11788887726666665,-2741.026633847129
0.11864014786333334,-2735.023585137464
0.12121593273666668,-2729.020536494367
0.11982071592333332,-2723.0174878512703
0.12143058149999998,-2717.0144392081734
0.1222891765,-2711.0113904985087
0.12207452773333334,-2705.008341855412
0.12325509579999999,-2699.0052931457476
0.12346974456666666,-2693.0022445026502
0.12465031263333333,-2686.999195792986
0.12261114959999998,-2680.996147149889
0.12572355636666668,-2674.9930984402245
0.12518693449999999,-2668.9900497971275
0.1263675026,-2662.9870011540306
0.1260455295,-2656.9839525109332
0.12572355636666668,-2650.980903801269
0.12550890763333333,-2644.977855158172
0.12572355636666666,-2638.9748064485075
0.12518693446666665,-2632.9717578054106
0.12443566393333333,-2626.9687090957464
0.12389904206666667,-2620.965660452649
0.12454298829999999,-2614.962611742985
0.12400636646666667,-2608.959563099888
0.1254015832333333,-2602.9565144567905
0.12304044713333334,-2596.9534658136936
0.12357706896666665,-2590.9504171040294
0.12379171769999998,-2584.9473684609325
0.12293312266666666,-2578.944319751268
0.1197133916,-2572.941271108171
0.12239650083333332,-2566.9382223985067
0.11971339156666666,-2560.9351737554093
0.11928409406666667,-2554.932125045745
0.11670830920000001,-2548.929076402648
0.1169229579,-2542.926027759551
0.1158497142,-2536.922979116454
0.11402519993333332,-2530.9199304067897
0.11187871253333333,-2524.9168817636923
0.11037617136666666,-2518.913833054028
0.10908827889333333,-2512.9107844109312
0.10812235954666667,-2506.9077357012666
0.10833700826666666,-2500.9046870581697
0.10833700831333333,-2494.9016384150727
0.10522460156,-2488.8985897719754
0.10318543855,-2482.895541062311
0.10200487049666666,-2476.8924924192142
0.10071697806333334,-2470.8894437095496
0.09803386883,-2464.8863950664527
0.09524343525000001,-2458.8833463567885
0.09567273271666667,-2452.880297713691
0.09427751592666667,-2446.877249004027
0.09309694786666667,-2440.87420036093
0.09084313614333334,-2434.8711517178326
0.09084313613333334,-2428.8681030747357
0.08816002692000001,-2422.8650543650715
0.08773072947666666,-2416.8620057219746
0.08697945889000001,-2410.85895701231
0.08687213452333332,-2404.855908369213
0.08526226899333333,-2398.852859659549
0.08311578162333333,-2392.8498110164514
0.08386705220666667,-2386.8467623067872
0.08279380852,-2380.8437136636903
0.08279380852666667,-2374.840665020593
0.07882280686666666,-2368.837616377496
0.08086196987666668,-2362.834567667832
0.07785688758999999,-2356.831518958167
0.07710561698666667,-2350.8284703150703
0.07828618505333333,-2344.825421605406
0.07592504894333334,-2338.8223729623087
0.07581772457000001,-2332.8193242526445
0.07495912964,-2326.8162756095476
0.07613969770666666,-2320.81322696645
0.07420785906333334,-2314.8101783233533
0.07420785905666667,-2308.807129613689
0.07259799355333334,-2302.8040809705917
0.07281264226999999,-2296.8010322609275
0.06980755996333333,-2290.7979836178306
0.06894896501,-2284.794934908166
0.06744642385666666,-2278.791886265069
0.06551458525666666,-2272.788837621972
0.06519261215333334,-2266.7857889788747
0.06293880043,-2260.7827402692105
0.061758232383333334,-2254.7796916261136
0.05789455515333333,-2248.7766429164494
0.05864582572666666,-2242.773594273352
0.05649933837666667,-2236.770545563688
0.05209903932333334,-2230.767496920591
0.05156241748666666,-2224.7644482109263
0.048771983946666674,-2218.7613995678294
0.045981550399999994,-2212.7583509247324
0.044693658006666664,-2206.755302281635
0.04276181939999999,-2200.752253571971
0.04168857573666667,-2194.749204928874
0.04190322446,-2188.7461562192093
0.042010548829999994,-2182.7431075761124
0.03932743966,-2176.740058866448
0.038468844726666666,-2170.737010223351
0.037502925433333334,-2164.7339615136866
0.035678411203333336,-2158.7309128705897
0.03632235740333333,-2152.7278642274923
0.03406854571,-2146.7248155843954
0.03492714064333333,-2140.721766874731
0.03417587007333333,-2134.718718231634
0.03481981627333334,-2128.7156695219696
0.03546376247,-2122.7126208788727
0.036429681766666666,-2116.709572169208
0.03524911373333333,-2110.706523526111
0.03664433049666666,-2104.703474816447
0.038254195989999996,-2098.7004261733496
0.037717574159999996,-2092.6973775302527
0.037932222896666666,-2086.6943288871557
0.03739560106333334,-2080.6912801774915
0.03803954726666666,-2074.688231534394
0.039649412759999995,-2068.68518282473
0.039005466563333334,-2062.682134181633
0.04007871022666667,-2056.6790854719684
0.039220115300000004,-2050.6760368288715
0.04040068332333333,-2044.6729881857743
0.04040068332333333,-2038.6699395426774
0.040508007693333334,-2032.666890833013
0.04201054881666666,-2026.6638421899158
0.042225197553333337,-2020.6607934802516
0.042117873189999995,-2014.6577448371545
0.04190322445,-2008.65469612749
0.04329844121666667,-2002.6516474843932
0.043835063050000005,-1996.6485987747287
0.04447900925333333,-1990.6455501316316
0.04533760419,-1984.6425014885347
0.04501563109,-1978.6394528454375
0.04716211842333334,-1972.636404135773
0.04651817223000001,-1966.6333554926762
0.0450156311,-1960.6303067830117
0.046196199140000005,-1954.6272581399148
0.04705479407666666,-1948.6242094302504
0.045552252950000004,-1942.6211607871533
0.04533760422666667,-1936.618112077489
0.043942387463333336,-1930.615063434392
0.045230279883333335,-1924.6120147912948
0.04469365806666667,-1918.6089661481979
0.04651817232,-1912.6059174385334
0.04694746980666666,-1906.6028687954363
0.04802071349333334,-1900.599820085772
0.048450010994999994,-1894.5967713761077
0.05027452524666667,-1888.5937227330105
0.049415930356000004,-1882.5906740233463
0.05124044459133333,-1876.5876253802492
0.05156241771766667,-1870.5845767371522
0.05521144620933333,-1864.581528094055
0.05553341934433333,-1858.5784793843907
0.05703596045366666,-1852.5754307412938
0.06186555701333333,-1846.5723820316293
0.062187530096666666,-1840.5693333885322
0.0634754225,-1834.566284678868
0.06594388296999999,-1828.5632360357708
0.06701712659666666,-1822.5601873926737
0.06884164086333333,-1816.5571387495768
0.07131010132,-1810.5540900399124
0.07313461559,-1804.5510413968154
0.07313461557,-1798.547992687151
0.07699829282,-1792.5449440440539
0.07646167097666667,-1786.5418953343897
0.07850083398,-1780.5388466912925
0.07785688778333333,-1774.535797981628
0.08075464572333334,-1768.5327493385312
0.07914478019,-1762.529700695434
0.08161324065,-1756.5266520523369
0.08247183559333333,-1750.5236033426727
0.0824718356,-1744.5205546995755
0.08150591629666666,-1738.5175059899111
0.08322310620333333,-1732.5144573468142
0.08397437675666668,-1726.5114086371498
0.08214986253333333,-1720.5083599940529
0.08375972804666666,-1714.5053112843884
0.08279380873333334,-1708.5022626412913
0.08247183560333333,-1702.4992139981944
0.08064732135999998,-1696.4961653550972
0.08118394319666668,-1690.4931166454328
0.08021802388333332,-1684.4900680023359
0.07742759027333333,-1678.4870192926714
0.07817886087,-1672.4839706495743
0.07689096844,-1666.48092193991
0.07903745581333334,-1660.477873296813
0.07710561716000001,-1654.4748245871485
0.07410053485666666,-1648.4717759440516
0.07517377853,-1642.4687273009545
0.07592504906333333,-1636.4656786578576
0.07324193988000001,-1630.4626299481931
0.07388588608666667,-1624.459581305096
0.07098812813333333,-1618.4565325954318
0.07034418193333333,-1612.4534839523346
0.07066615503666668,-1606.4504352426702
0.06862699203666667,-1600.4473865995733
0.06733909962666666,-1594.4443379564761
0.06605120719333334,-1588.441289313379
0.06422669292333333,-1582.4382406037148
0.06658782902666667,-1576.4351919606177
0.06358274672333335,-1570.4321432509532
0.06229485431,-1564.4290946078563
0.06261682741333334,-1558.426045898192
0.06240217867,-1552.422997255095
0.060792313146666666,-1546.4199485454305
0.06250950301666668,-1540.4168999023334
0.06036301566333333,-1534.4138512592365
0.06154358371333333,-1528.4108026161393
0.05982639382,-1522.407753906475
0.05875315014666666,-1516.404705263378
0.058967798880000005,-1510.4016565537136
0.05757258209333333,-1504.3986079106164
0.05725060900666667,-1498.3955592009522
0.055962716589999996,-1492.392510557855
0.053708904896666666,-1486.3894618481906
0.05488947291000001,-1480.3864132050937
0.05574806785666667,-1474.3833645619966
0.05252833684666667,-1468.3803159188997
0.054889472919999995,-1462.3772672092352
0.05113312007,-1456.374218566138
0.05048917385666666,-1450.371169856474
0.050059876393333334,-1444.3681212133768
0.049308605809999996,-1438.3650725037123
0.04812803778,-1432.3620238606154
0.04726944284,-1426.358975150951
0.04791338904,-1420.3559265078538
0.044908306759999995,-1414.352877864757
0.04533760422333333,-1408.3498291550925
0.040829980823333334,-1402.3467805119953
0.04136660266,-1396.3437318023311
0.03964941278666667,-1390.340683159234
0.03836152038666667,-1384.3376344495698
0.03857616911666666,-1378.3345858064727
0.03696630361666666,-1372.3315371633755
0.036644330516666664,-1366.3284885202786
0.035463762483333335,-1360.3254398106142
0.033853896993333334,-1354.322391167517
0.032029382759999996,-1348.3193424578528
0.030526841636666666,-1342.3162938147557
0.02945359797,-1336.3132451050913
0.028380354306666664,-1330.3101964619943
0.02698513755,-1324.30714775233
0.025053298966666665,-1318.3040991092328
0.025375272063333332,-1312.3010504661358
0.022799487288333333,-1306.2980018230387
0.02237018982333333,-1300.2949531133745
0.021726243631333336,-1294.2919044702774
0.018291863929333334,-1288.288855760613
0.017647917742666667,-1282.285807117516
0.01593072788933333,-1276.2827584078516
0.016467349715999998,-1270.2797097647544
0.014750159866,-1264.2766610550902
0.013891564943666668,-1258.273612411993
0.013462267475999998,-1252.270563768896
0.013998889303333333,-1246.267515125799
0.013569591848,-1240.2644664161346
0.011852401992666668,-1234.2614177730377
0.013784240578,-1228.2583690633733
0.011852401991333333,-1222.2553204202761
0.013891564939333334,-1216.252271710612
0.012067050728666666,-1210.2492230675148
0.01410621367,-1204.2461743578504
0.013891564937333333,-1198.2431257147534
0.015394106056666667,-1192.2400770716563
0.018184539556666667,-1186.2370284285591
0.016574674070333334,-1180.233979718895
0.019579756306666668,-1174.2309310757978
0.02000905376666667,-1168.2278823661334
0.021296946163333334,-1162.2248337230365
0.023336109106666666,-1156.221785013372
0.020760324323333332,-1150.218736370275
0.02279948727666667,-1144.215687727178
0.02215554107666667,-1138.2126390840808
0.024624001493333336,-1132.2095903744166
0.024731325853333333,-1126.2065417313195
0.026019218243333333,-1120.203493021655
0.027092461903333333,-1114.2004443785581
0.0270924619,-1108.1973956688937
0.02988289542,-1102.1943470257966
0.031170787813333337,-1096.1912983161324
0.032673328939999996,-1090.1882496730352
0.034390518796666665,-1084.185201029938
0.0340685457,-1078.1821523868412
0.034712491893333336,-1072.1791036771767
0.03589305992666667,-1066.1760550340798
0.035893059926666665,-1060.1730063244154
0.03675165485666667,-1054.1699576813182
0.034927140626666665,-1048.166908971654
0.036858979220000004,-1042.163860328557
0.036429681756666665,-1036.1608116188925
0.03814687162,-1030.1577629757955
0.03825419598666666,-1024.1547143326984
0.03739560105333333,-1018.1516656896014
0.03911279092,-1012.148616979937
0.03911279091666667,-1006.1455683368399
0.03782489852666667,-1000.1425196271756
0.04061533205,-994.1394709840786
0.04093730515333333,-988.1364222744141
0.04061533205,-982.1333736313171
0.04265449502666666,-976.1303249216528
0.041473926986666666,-970.1272762785557
0.04351308996,-964.1242276354586
0.04233252192,-958.1211789923616
0.040937305156666666,-952.1181302826973
0.041795900090000004,-946.1150815730329
0.041259278256666664,-940.1120329299358
0.03900546655666667,-934.1089842202715
0.04233252192666667,-928.1059355771744
0.04158125135,-922.1028869340773
0.040937305156666666,-916.0998382909803
0.03986406148333333,-910.096789581316
0.03857616909333333,-904.0937409382188
0.03836152035666667,-898.0906922285545
0.03750292542333333,-892.0876435854575
0.03761024979,-886.0845948757931
0.03728827669,-880.081546232696
0.03718095232333333,-874.0784975230317
0.03514178936,-868.0754488799347
0.03514178936,-862.0724002368376
0.03385389696333333,-856.0693515937405
0.034927140626666665,-850.0663028840762
0.03578573555666667,-844.0632542409792
0.035249113723333336,-838.0602055313148
0.034175870063333336,-832.0571568882177
0.0343905188,-826.0541081785534
0.03557108682666667,-820.0510595354563
0.033531923873333334,-814.048010825792
0.03417587006666667,-808.0449621826949
0.03396122133666667,-802.0419135395979
0.03417587006666667,-796.0388648965007
0.03406854570666667,-790.0358161868364
0.03460516754,-784.0327675437394
0.03449784317,-778.029718834075
0.035034465009999995,-772.0266701909779
0.03428319445,-766.0236214813136
0.03567841122333334,-760.0205728382166
0.03492714066,-754.0175241285522
0.03224403152,-748.0144754854551
0.03503446504333333,-742.0114268423581
0.03342459956333334,-736.008378199261
0.03471249196666667,-730.0053294895966
0.03685897932,-724.0022808464996
0.036000384383333334,-717.9992321368353
0.03589306001,-711.9961834937382
0.03610770875,-705.9931347840738
0.03524911381666667,-699.9900861409768
0.036966303693333334,-693.9870374978797
0.03761024989333333,-687.9839888547826
0.037395601163333334,-681.9809401451183
0.03900546665666667,-675.9778915020213
0.03900546666,-669.9748427923569
0.039864061596666674,-663.9717941492598
0.041259278373333326,-657.9687454395955
0.04158125148333333,-651.9656967964984
0.04394238754666666,-645.9626480868341
0.043942387556666664,-639.959599443737
0.0457669018,-633.95655080064
0.04619619924999999,-627.9535021575429
0.04845001094666667,-621.9504534478785
0.04737676727000001,-615.9474048047815
0.05156241759666667,-609.9443560951171
0.049952552096666665,-603.94130745202
0.052850309990000004,-597.9382587423557
0.054138202403333335,-591.9352100992587
0.05370890492666667,-585.9321613895943
0.05488947299,-579.9291127464973
0.05467482424333333,-573.9260641034002
0.05220636380666666,-567.9230154603032
0.055318770473333334,-561.9199667506388
0.054567499900000004,-555.9169181075417
0.05628468978333334,-549.9138693978774
0.056928635996666664,-543.9108207547803
0.05778723093666666,-537.907772045116
0.059611745233333326,-531.9047234020189
0.059504420829999995,-525.9016746923545
0.05993371833333333,-519.8986260492575
0.06186555696666666,-513.8955774061604
0.06154358383333334,-507.89252876306335
0.06390471997000001,-501.88948005339904
0.06326077374,-495.88643141030195
0.06433401741666667,-489.8833827006376
0.06454866618,-483.88033405754055
0.06358274688333333,-477.8772853478762
0.06508528799333334,-471.87423670477915
0.06433401745666667,-465.87118806168206
0.06390471999333333,-459.86813935201775
0.06433401746666667,-453.86509070892066
0.06411936874333334,-447.8620419992563
0.06369007127666666,-441.85899335615926
0.06433401749333333,-435.8559446464949
0.06326077379333332,-429.85289600339786
0.06508528809333333,-423.8498472937335
0.06444134185333333,-417.84679865063646
0.06519261242666667,-411.84375000753937
0.06572923425666667,-405.84070136444234
0.06497796371666666,-399.83765265477797
0.06326077380333334,-393.8346040116809
0.06411936875333334,-387.83155530201657
0.06594388302,-381.8285066589195
0.06615853171666668,-375.82545794925517
0.06401204435666667,-369.8224093061581
0.06519261238333333,-363.8193605964937
0.06336809811666667,-357.8163119533967
0.06529993675666666,-351.8132633102996
0.06218753008333333,-345.81021466720256
0.06229485441666666,-339.8071659575382
0.06261682752333333,-333.80411731444116
0.062187530023333326,-327.8010686047768
0.060792313263333335,-321.79801996167976
0.061758232579999996,-315.7949712520154
0.059504420876666665,-309.7919226089183
0.06208020566333333,-303.788873899254
0.06025569143666667,-297.7858252561569
0.06165090821,-291.78277661305987
0.06079231328333334,-285.7797279699628
0.06111428639666667,-279.77667926029847
0.061114286383333334,-273.7736306172014
0.06315344938,-267.770581907537
0.06326077373666666,-261.76753326444
0.06444134181,-255.7644845547756
0.06551458552666667,-249.76143591167855
0.06680247795333333,-243.7583872685815
0.06851966781666667,-237.75533862548446
0.06873431656333333,-231.75228991582009
0.07195404760666667,-225.74924127272303
0.0703441821,-219.74619256305868
0.07410053498000001,-213.74314391996162
0.07377856188333333,-207.74009521029726
0.07592504925333333,-201.7370465672002
0.07860815848666668,-195.73399785753585
0.07882280725666667,-189.7309492144388
0.08193521396666666,-183.72790057134173
0.0821498627,-177.72485192824468
0.08590621555,-171.72180321858033
0.08676481055333334,-165.71875457548327
0.08762340548333332,-159.7157058658189
0.09019919035,-153.71265722272184
0.09352624581,-147.7096085130575
0.09513611133666666,-141.70655986996044
0.10028768106333334,-135.7035111602961
0.10200487096,-129.70046251719904
0.10361473656333332,-123.69741387410198
0.10726376509333334,-117.69436523100492
0.10876630626,-111.69131652134057
0.11155673989333333,-105.68826787824351
0.11456182226,-99.68521916857915
0.11745958022666665,-93.68217052548209
0.11917677016333332,-87.67912181581774
0.12057198693333333,-81.67607317272068
0.12518693485000001,-75.67302446305632
0.12797736845666666,-69.66997581995928
0.12937258526666667,-63.66692717686222
0.13205569451000002,-57.66387853376516
0.13452415503333334,-51.6608298241008
0.13752923747333332,-45.65778118100374
0.13999769794333336,-39.654732471339386
0.14289545598,-33.651683828242334
0.14665180892666665,-27.648635118577978
0.14783237701666666,-21.64558647548092
0.15309127116666665,-15.642537832383862
0.15416451493333336,-9.639489189286806
0.15931608476666667,-3.6364404796224505
0.1618918697,2.3666082300419045
0.16618484456666668,8.369656873138961
0.1679020345,14.372705582803317
0.17090711696666663,20.375754225900373
0.17294628003333334,26.37880290228108
0.17723925503333335,32.38185154537814
0.17938574240000002,38.38490025504249
0.18603985356666666,44.38794889813955
0.18668379980000002,50.390997574520256
0.190762126,56.394046217617316
0.19344523533333333,62.397094927281664
0.19419650600000002,68.40014357037873
0.19720158843333335,74.40319228004307
0.20074329283333334,80.40624092314013
0.20149456343333336,86.40928959952085
0.2047142947,92.4123382426179
0.20653880913333333,98.41538695228225
0.2121196766333333,104.41843559537931
0.21179770346666668,110.42148427176002
0.21437348850000001,116.42453291485708
0.2166273004,122.42758162452142
0.21759321976666665,128.43063026761848
0.22145689729999998,134.43367894399918
0.22338873609999998,140.43672758709624
0.22617916986666664,146.4397762967606
0.2276817111666667,152.44282493985767
0.2298281987,158.445873649522
0.23412117373333333,164.44892229261907
0.23358455193333336,170.45197096899977
0.23540906633333333,176.45501961209683
0.23680428323333333,182.4580683217612
0.2387361220666667,188.46111696485826
0.24184852893333333,194.46416564123896
0.24206317773333333,200.46721428433602
0.2452829090666667,206.47026299400036
0.2476440453666667,212.47331163709742
0.2502198304666667,218.47636031347812
0.2547274543333333,224.47940895657518
0.25762521266666666,230.48245766623955
0.25912775383333336,236.48550630933659
0.26030832206666665,242.48855501900096
0.26481594593333335,248.49160366209802
0.2647086216,254.49465233847872
0.2687869478666667,260.49770098157575
0.26953821856666665,266.5007496912401
0.26996751606666664,272.5037983343372
0.2735092206,278.5068470107179
0.2760850058,284.50989565381497
0.27790952016666665,290.5129443634793
0.27941206153333337,296.51599300657637
0.28349038796666665,302.51904171624074
0.2824171441,308.52209035933777
0.28477828053333337,314.5251390357185
0.2871394167666667,320.5281876788155
0.2895005531666666,326.5312363884799
0.2923983114,332.5342850315769
0.2941155015,338.53733370795766
0.29669128663333333,344.5403823510547
0.2970132598,350.54343106071906
0.299589045,356.54647970381615
0.30195018133333335,362.5495283801968
0.3019501813666667,368.5525770232939
0.3048479397,374.5556257329582
0.30645780539999995,380.5586743760553
0.3065651298,386.5617230857197
0.30999951006666665,392.5647717288167
0.31053613193333335,398.56782040519744
0.3125752952333334,404.57086904829447
0.3153657291,410.57391775795884
0.3161169997666667,416.57696640105587
0.3162243241,422.5800150774366
0.31719024349999997,428.58306372053363
0.3178341898333333,434.586112430198
0.31944405556666666,440.5891610732951
0.31933673113333333,446.59220974967576
0.32083927240000004,452.59525839277285
0.3225564625333333,458.59830710243716
0.3225564624666667,464.60135574553425
0.3267421133666667,470.6044044551986
0.3255615451333333,476.6074531315793
0.3278153571333333,482.6105017746764
0.32792268150000004,488.6135504843407
0.33092776416666664,494.6165991274378
0.33071311533333336,500.61964780381845
0.3341474956333334,506.62269644691554
0.33436214433333333,512.6257451565799
0.3376892002333333,518.6287937996769
0.33822582213333335,524.6318425093413
0.3384404709,530.6348911524384
0.34251879739999996,536.6379398288191
0.34294809489999994,542.6409884719161
0.34455796066666666,548.6440371815805
0.3443433119333333,554.6470858246776
0.346060502,560.6501345010582
0.34681177276666664,566.6531831441553
0.34863628723333334,572.6562318538197
0.34928023360000005,578.6592804969167
0.35056812616666666,584.6623291732974
0.3501388286,590.6653778163944
0.3523926407,596.6684265260589
0.35174869440000006,602.6714751691559
0.3543244796,608.6745238788202
0.35529039906666665,614.6775725219173
0.35496842590000005,620.680621198298
0.35690026486666665,626.683669841395
0.35732956236666663,632.6867185510594
0.35829548186666665,638.6897671941565
0.3610859158333333,644.6928158705372
0.3617298621333333,650.6958645136342
0.3633397278333334,656.6989132232986
0.3631250790666667,662.7019618663957
0.36591551303333336,668.7050105427763
0.3647349448333333,674.7080591858734
0.3678473519666667,680.7111078955378
0.36731073010000004,686.7141565386348
0.36945721779999996,692.7172052482991
0.3689205958333333,698.7202538913963
0.3718183542333333,704.723302567777
0.3719256786333333,710.726351210874
0.37267694933333334,716.7293999205383
0.3745014639,722.7324485636354
0.3737501932333333,728.7354972400161
0.3755747078,734.7385458831131
0.3755747077666667,740.7415945927776
0.37664795163333337,746.7446432358746
0.3771845735666666,752.7476919455389
0.3791164124333333,758.750740588636
0.3792237369,764.7537892650167
0.38255079280000004,770.7568379081138
0.3827654416,776.7598866177781
0.3843753073666667,782.7629352608752
0.38802433653333335,788.7659839372559
0.3892049047333333,794.7690325803529
0.3910294193333333,800.7720812900172
0.3914587168666666,806.7751299331144
0.39424915089999996,812.7781786094951
0.39768353133333334,818.7812272525921
0.40122523606666666,824.7842759622565
0.4020838311333333,830.7873246053535
0.40777202370000004,836.7903733150179
0.40841597003333324,842.7934219581149
0.4143188114333333,848.7964706344957
0.4158213528666666,854.7995192775927
0.420543626,860.802567987257
0.42333406013333336,866.805616630354
0.42816365770000003,872.8086653067348
0.4310614162,878.8117139498319
0.43524706750000003,884.8147626594962
0.43964736740000004,890.8178113025933
0.4420085041,896.820859978974
0.4452282358333333,902.823908622071
0.4509164285666667,908.8269573317355
0.45263361886666664,914.8300059748325
0.4558533506,920.8330546844968
0.45821448726666664,926.8361033275938
0.46304408496666666,932.8391520039746
0.46841030459999994,938.8422006470716
0.4718446852,944.845249356736
0.475601039,950.8482980331167
0.4778548512666667,956.8513466762138
0.4819331782333333,962.8543953858781
0.48493826123333333,968.8574440289751
0.48998250783333336,974.8604927386396
0.4925582932333333,980.8635413817366
0.49620732269999995,986.8665900581173
0.5020028400666666,992.8696387012143
0.5103741429333334,998.8726874108787
0.5135938748000001,1004.8757360539757
0.5192820678,1010.8787847303564
0.5228237728666666,1016.8818333734536
0.5277606951666667,1022.8848820831179
0.5323756443000001,1028.887930726215
0.5365612958,1034.8909794025956
0.5408542716666667,1040.8940280456927
0.5451472476666667,1046.8970767553571
0.5502988188666667,1052.900125398454
0.5606019612666667,1058.9031741081185
0.5659681812333334,1064.9062227512154
0.5705831305333334,1070.9092714275962
0.5753054041666666,1076.9123200706933
0.5818521927,1082.9153687803575
0.5855012224666667,1088.9184174234547
0.5910820914,1094.9214660998355
0.5947311211333334,1100.9245147429324
0.6021365050333334,1106.9275634525968
0.6079320229333333,1112.930612095694
0.6160886777333333,1118.9336607720745
0.6219915200666667,1124.9367094151717
0.6263918208666667,1130.939758124836
0.6325093120333333,1136.942806767933
0.6384121544666667,1142.9458554775974
0.6444223213,1148.9489041206944
0.6513984079333334,1154.9519527970751
0.6554767354666667,1160.9550014401723
0.6632040930333334,1166.9580501498365
0.6676043939666667,1172.9610987929336
0.6768342933666668,1178.9641474693144
0.6796247280666666,1184.9671961124113
0.6872447613,1190.9702448220758
0.691323089,1196.973293465173
0.6969039585666668,1202.976342174837
0.7007676374333333,1208.9793908179342
0.7076364,1214.982439494315
0.7130026207333334,1220.985488137412
0.7172955974333334,1226.9885368470764
0.7230911159666666,1232.9915854901733
0.7322136912666668,1238.994634166554
0.7376872366999999,1244.9976828096512
0.7427314843333334,1251.0007315193154
0.7500295448666666,1257.0037801624126
0.7529273041333333,1263.0068288387934
0.7592594449666668,1269.0098774818903
0.7645183415666668,1275.0129261915547
0.7695625894333332,1281.0159748346518
0.7762167036,1287.019023544316
0.7819048980666666,1293.0220721874132
0.7918860693333333,1299.0251208637937
0.7952131263333332,1305.028169506891
0.8011159697666667,1311.0312182165553
0.8056235955000001,1317.0342668596522
0.8098092481333333,1323.037315536033
0.8142095496333334,1329.0403641791302
0.8188244998333333,1335.0434128887944
0.8225808548,1341.0464615318915
0.8263372098333334,1347.0495102082723
0.8312741334666667,1353.0525588513692
0.8370696525,1359.0556075610336
0.8402893854000001,1365.0586562041308
0.8432944694666666,1371.061704913795
0.8453336336333334,1377.0647535568921
0.8491973130333333,1383.0678022332727
0.8500559084666667,1389.0708508763698
0.8522023970333334,1395.0738995860343
0.8558514276666666,1401.0769482291312
0.8559587521333333,1407.079996905512
0.8614322981,1413.083045548609
0.8626128669666667,1419.0860942582733
0.8630421646666666,1425.0891429679377
0.8648666800333333,1431.0921916110349
0.8639007602333333,1437.0952402874154
0.8647593554999999,1443.0982889305126
0.8654033023666666,1449.101337640177
0.8647593556333333,1455.104386283274
0.8649740044666667,1461.1074349596547
0.8648666801333333,1467.1104836027516
0.8643300580000001,1473.113532312416
0.8627201916333332,1479.1165809555132
0.8640080847666667,1485.1196296318938
0.8614322983666667,1491.122678274991
0.8605737029666667,1497.1257269846553
0.8596077830666667,1503.1287756277522
0.8585345387666666,1509.1318243374167
0.8571393211333334,1515.1348729805138
0.855314806,1521.1379216568944
0.8524170462666666,1527.1409702999915
0.8499485844333333,1533.144019009656
0.8475874470666666,1539.1470676527529
0.8435091187,1545.1501163291337
0.8416846035666666,1551.1531649722306
0.8383575462333334,1557.156213681895
0.8344938667333333,1563.1592623249921
0.8324547027000001,1569.1623110013727
0.8305228629333333,1575.1653596444698
0.8252639659333334,1581.1684083541343
0.8237614239666667,1587.1714569972312
0.8162487141,1593.1745057068956
0.8116337637000001,1599.1775543499928
0.8079847333666667,1605.1806030263733
0.8047650005333332,1611.1836516694705
0.8020818898666665,1617.186700379135
0.7983255351666667,1623.1897490222318
0.7949984778333333,1629.1927976986126
0.7905981765666668,1635.1958463417095
0.7865198485333332,1641.198895051374
0.7841587111666667,1647.201943694471
0.7773972725333333,1653.2049924041353
0.7724603492000001,1659.2080410472324
0.7663428571333334,1665.2110897236132
0.7635524220666667,1671.2141383667101
0.7585081744333334,1677.2171870763746
0.7560397126666668,1683.2202357194717
0.7497075718666667,1689.2232843958523
0.7474537591,1695.2263330389494
0.7440193777333333,1701.2293817486138
0.7388678055,1707.2324303917107
0.7317843941333334,1713.2354790680915
0.7218032231666666,1719.2385277111885
0.7185834906999999,1725.2415764208529
0.7121440257333335,1731.24462506395
0.7083876711333333,1737.2476737736142
0.7013042598333333,1743.2507224167114
0.6977625540333334,1749.2537710930922
0.6938988752333333,1755.256819736189
0.6881033568666667,1761.2598684458535
0.6839177046999999,1767.2629170889506
0.6749024542333334,1773.2659657653312
0.6689996115,1779.2690144084283
0.6628821201,1785.2720631180928
0.6588037925666667,1791.2751117611897
0.6535448964,1797.2781604375705
0.6482860003,1803.2812090806674
0.6434564019,1809.2842577903318
0.6387341279333333,1815.287306433429
0.6333679075333333,1821.2903551430932
0.627679714,1827.2934037861903
0.6197377078666667,1833.296452462571
0.6114737286333334,1839.299501105668
0.6084686452666667,1845.3025498153324
0.6019218566333333,1851.3055984584296
0.5983801512000001,1857.3086471348101
0.5929066067333334,1863.3116957779073
0.5876477108666666,1869.3147444875717
0.5821741663666667,1875.3177931306686
0.5773445682,1881.320841840333
0.5711197530000001,1887.32389048343
0.5614605568000001,1893.3269391598108
0.5559870124666667,1899.3299878694752
0.5476157091666667,1905.333036512572
0.5428934356333334,1911.336085188953
0.5368832692666666,1917.33913383205
0.5326976177000001,1923.3421825417142
0.5282973174666666,1929.3452311848114
0.5229310975,1935.3482798611922
0.5161696605333334,1941.351328504289
0.5129499286333333,1947.3543772139535
0.5029687596666667,1953.3574258570504
0.49567070083333337,1959.3604745667149
0.49051912983333334,1965.363523209812
0.483757693,1971.3665718861926
0.47989401476666665,1977.3696205292897
0.47399117313333333,1983.3726692389541
0.4686249534333333,1989.375717882051
0.4651905728666667,1995.3787665584318
0.4588584336333333,2001.381815201529
0.4541361603666667,2007.3848639111932
0.44758937246666664,2013.3879125542903
0.4409352602,2019.390961230671
0.43814482600000004,2025.394009873768
0.4331005796666667,2031.3970585834325
0.4288076040666667,2037.4001072265294
0.4241926553,2043.4031559361938
0.4206509505,2049.4062045792907
0.4163579748333333,2055.4092532556715
0.411421053,2061.412301898769
0.40852329449999997,2067.415350608433
0.39832747773333327,2073.41839925153
0.39725423383333336,2079.421447927911
0.39231731193333336,2085.4244965710077
0.39092209493333335,2091.4275452806723
0.387058417,2097.4305939237693
0.38351671226666667,2103.4336426334335
0.3814775489333333,2109.436691276531
0.3777211954333333,2115.439739952911
0.37546738333333335,2121.4427885960085
0.37224765173333335,2127.4458373056727
0.3664521349666667,2133.4488859487697
0.3634470522,2139.4519346251504
0.36033464503333335,2145.454983268248
0.35604166956666666,2151.458031977912
0.35335856006666666,2157.461080621009
0.3505681260333333,2163.4641292973897
0.3469190969666667,2169.4671779404866
0.34262612163333334,2175.4702266501513
0.3396210389666667,2181.473275293248
0.33371819779999995,2187.4763240029124
0.32824465436666667,2193.47937264601
0.32556154476666666,2199.48242132239
0.3219125158,2205.4854699654875
0.31826348683333333,2211.4885186751517
0.31536572853333333,2217.4915673182486
0.31021415823333337,2223.4946159946294
0.30774569746666663,2229.4976646377263
0.30270145156666667,2235.500713347391
0.2983011519666667,2241.503761990488
0.2892859039333333,2247.5068106668687
0.2870320921666667,2253.5098593099656
0.2832757389,2259.5129080196302
0.28059262943333335,2265.515956662727
0.27597768113333326,2271.5190053723913
0.2718993548,2277.5220540154887
0.26857229906666663,2283.525102691869
0.2656745408666667,2289.5281513349664
0.2604156463666667,2295.5312000446306
0.25816183443333335,2301.5342486877275
0.2515077229666667,2307.5372973641083
0.24710742360000001,2313.5403460072052
0.2419558535,2319.54339471687
0.23862879786666666,2325.546443359967
0.23562371526666667,2331.549492069631
0.23197468653333334,2337.5525407127284
0.22972087463333332,2343.555589389109
0.22596452143333334,2349.558638032206
0.2216715464,2355.5616867418703
0.218988437,2361.564735418251
0.21308559633333335,2367.567784061348
0.20761205316666667,2373.5708327710126
0.20428499753333332,2379.5738814141096
0.19988469816666665,2385.5769300904904
0.19612834503333332,2391.5799787335873
0.1915133969,2397.583027443252
0.18764971943333333,2403.586076086349
0.18346406886666666,2409.589124796013
0.17938574266666665,2415.59217343911
0.1756293896,2421.5952221154907
0.17133641460000001,2427.598270758588
0.16747273716666666,2433.6013194682523
0.16049665296666668,2439.6043681113492
0.1592087605,2445.60741678773
0.15405719056666667,2451.610465430827
0.1536278930666667,2457.6135141404916
0.14912026946666668,2463.6165627835885
0.14783237696666668,2469.6196114599693
0.14471997013333335,2475.622660103066
0.14128559026666668,2481.625708812731
0.13742191283333335,2487.628757455828
0.13366555986666664,2493.631806165492
0.13259231613333333,2499.634854808589
0.12808469253333335,2505.6379034849697
0.12583088073333334,2511.640952128067
0.12207452773666666,2517.6440008377313
0.11670830925333335,2523.647049480828
0.11756690416,2529.650098157209
0.11563506548333334,2535.653146800306
0.11359590246666668,2541.6561955099705
0.11037617136,2547.6592441530674
0.10640516967000001,2553.6622928294482
0.10629784529666668,2559.665341505829
0.10393670917000002,2565.66839018221
0.10200487054,2571.6714388253067
0.10007303184666666,2577.674487534971
0.09953641,2583.677536178068
0.09738992262666668,2589.6805848544486
0.09578005709,2595.683633497546
0.09395554282666667,2601.68668220721
0.09298962350666666,2607.689730850307
0.08901862187999998,2613.692779526688
0.08934059496,2619.695828169785
0.08719410759666668,2625.6988768794495
0.08708678323,2631.7019255225464
0.08676481012666666,2637.7049742322106
0.08451099838666666,2643.708022875308
0.08418902529333333,2649.7110715516883
0.08322310597,2655.7141201947857
0.08279380851,2661.71716890445
0.08096929425666667,2667.720217547547
0.08182788919999999,2673.7232662239276
0.08000337494333333,2679.726314867025
0.08053999676000001,2685.729363576689
0.07946675307333333,2691.732412219786
0.08139859172333333,2697.735460896167
0.07120277679,2703.7385095392638
0.07817886063666667,2709.7415582489284
0.07882280685,2715.7446068920253
0.07742759005666668,2721.7476556016895
0.07925210431333334,2727.750704244787
0.07935942868,2733.7537529211672
0.07796421188666668,2739.7568015642646
0.07903745557000001,2745.759850273929
0.08011069925666668,2751.7628989170257
0.07785688752,2757.7659475934065
0.07839350936666667,2763.768996236504
0.07807153626,2769.772044946168
0.07764223879333333,2775.775093589265
0.07656899510666666,2781.7781422989297
0.07517377833666666,2787.7811909420266
0.07442250776333333,2793.7842396184074
0.07581772456666667,2799.7872882615043
0.07635434639,2805.7903369711685
0.07571040019333333,2811.793385614266
0.07420785905333334,2817.796434290646
0.07463715652333333,2823.7994829337435
0.07549575146666666,2829.8025316434077
0.07506645400666667,2835.8055803197885
0.07624702208,2841.8086289628855
0.07592504896333332,2847.81167767255
0.07721294140666667,2853.814726315647
0.07860815821,2859.817775025311
0.07978872624666666,2865.8208236684086
0.07925210443333333,2871.823872344789
0.08129126741333333,2877.8269209878863
0.08118394307666667,2883.8299696975505
0.0811839431,2889.8330183406474
0.08236451117,2895.836067017028
0.08354507920666666,2901.839115660125
0.08418902540999999,2907.8421643697898
0.08547691790666667,2913.8452130128867
0.08590621534333336,2919.8482616892675
0.08569156663666666,2925.8513103323644
0.08579889097666667,2931.854359042029
0.08719410783666666,2937.857407685126
0.08794537841,2943.86045639479
0.08858932460999998,2949.8635050378875
0.08848200021666668,2955.866553714268
0.08783805407,2961.8696023573652
0.08869664901333334,2967.8726510670294
0.08966256834666665,2973.8756997101264
0.08837467588000002,2979.878748386507
0.08923327087666667,2985.881797029604
0.09073581200333332,2991.8848457392687
0.08998454145000001,2997.8878943823656
0.09266765064333334,3003.8909430587464
0.09127243386666667,3009.893991735127
0.09137975822333333,3015.897040411508
0.09352624558,3021.900089054605
0.09331159687666667,3027.903137764269
0.09513611110666666,3033.9061864073665
0.09738992285666666,3039.909235083747
0.09685330097333333,3045.912283726844
0.10028768076666668,3051.9153324365084
0.10071697824666666,3057.9183810796053
0.10275614126666667,3063.921429755986
0.10189754627333335,3069.924478399083
0.10264881686666666,3075.9275271087477
0.10254149248666668,3081.9305757518446
0.10619052102333333,3087.9336244615088
0.10769306219333334,3093.936673104606
0.10629784542333333,3099.939721780987
0.10833700844333333,3105.942770424084
0.10758573781666665,3111.945819133748
0.10769306223333334,3117.9488677768454
0.10822968404666666,3123.9519164532257
0.10737108911,3129.954965096323
0.10769306221666668,3135.9580138059873
0.10511727731666666,3141.9610624490842
0.10608319665999999,3147.964111125465
0.10586854791,3153.967159768562
0.10372206054,3159.9702084782266
0.10221951935333333,3165.9732571213235
0.10189754623666668,3171.9763058309877
0.10361473614333333,3177.979354474085
0.10179022183666668,3183.982403150466
0.10168289749,3189.985451793563
0.09942908572333335,3195.988500503227
0.09985838319,3201.9915491463244
0.09899978823,3207.9945978227047
0.09889246385666667,3213.997646465802
0.09878513949333333,3220.0006951754663
0.09835584201333335,3226.003743818563
0.09760457143333334,3232.006792494944
0.09835584198333332,3238.0098411713248
0.09781922015333333,3244.0128898477055
0.09942908566000001,3250.0159384908025
0.09599470584999999,3256.0189872004667
0.09771189574666667,3262.022035843564
0.09685330080333333,3268.025084519945
0.09781922011,3274.0281331630417
0.09685330078,3280.031181872706
0.09685330079333333,3286.0342305158033
0.09717527390000001,3292.0372791921836
0.09889246378,3298.040327835281
0.10018035620333332,3304.043376544945
0.09964373438666667,3310.0464252546094
0.10071697808333334,3316.049473897707
0.10146824863666666,3322.052522574087
0.10189754612,3328.0555712171845
0.10264881669666666,3334.0586199268487
0.10168289738666668,3340.0616685699456
0.10307811418,3346.0647172463264
0.10264881669999999,3352.0677658894238
0.10254149233333332,3358.070814599088
0.10211219485333332,3364.073863242185
0.10221951921666667,3370.0769119185657
0.10415135789333334,3376.0799605616626
0.10286346549333335,3382.0830092713272
0.10447333101333332,3388.086057914424
0.10468797976666668,3394.0891066240883
0.10694179151666668,3400.0921552671857
0.10543925038666667,3406.095203943566
0.10640516969666665,3412.0982525866634
0.10683446719,3418.1013012963276
0.10608319661,3424.1043499394245
0.10543925038,3430.1073986158053
0.10500995296,3436.1104472589027
0.10758573778333334,3442.113495968567
0.10608319666,3448.116544611664
0.10769306217,3454.1195932880446
0.10769306217,3460.1226419311415
0.10941025208,3466.125690640806
0.11187871256,3472.128739283903
0.11005419831333334,3478.1317879935673
0.11348857815666667,3484.1348366366647
0.11112744201000001,3490.137885313045
0.11177138824666667,3496.1409339561424
0.11348857817999998,3502.1439826658066
0.11584971429333334,3508.1470313089035
0.11724493112666667,3514.1500799852843
0.11724493111999999,3520.1531286283816
0.11638633616333333,3526.156177338046
0.11649366051999999,3532.1592259811428
0.11756690423333332,3538.1622746908074
0.11660098491666666,3544.1653233339043
0.11735225551666667,3550.168372010285
0.11928409421333334,3556.171420653382
0.11821085048000002,3562.1744693630462
0.12003536481333332,3568.1775180061436
0.11842549929000001,3574.180566682524
0.12175255479000001,3580.1836153256213
0.11982071617666668,3586.1866640352855
0.12067931114333334,3592.1897126783824
0.12293312289333334,3598.192761354763
0.12196720357666668,3604.1958099978606
0.12282579857666666,3610.198858707525
0.12057198680666666,3616.2019073506217
0.12261114986666666,3622.2049560602863
0.12164523054000002,3628.2080047033833
0.12239650116333334,3634.211053379764
0.12389904236666667,3640.214102022861
0.12465031296666666,3646.217150732525
0.12400636673666666,3652.2201993756225
0.12443566423666667,3658.223248052003
0.12454298857666668,3664.2262966951002
0.12486496167666668,3670.2293454047644
0.12561623228,3676.2323940478614
0.12518693481666668,3682.235442724242
0.12400636672,3688.238491400623
0.12454298855666668,3694.2415400770037
0.12443566416666667,3700.2445887201006
0.12454298850333334,3706.2476374297653
0.12422101537,3712.250686072862
0.11810352616333335,3718.253734749243
0.12561623220333332,3724.25678339234
0.12604552968000002,3730.259832102004
0.12550890780666668,3736.2628807451015
0.12454298847,3742.265929421482
0.12583088088,3748.268978064579
0.12507961028333334,3754.2720267742434
0.12668947582,3760.2750754173403
0.12529425904,3766.278124127005
0.12744074642,3772.281172770102
0.12615285403666668,3778.2842214464827
0.12894328767333332,3784.287270156147
0.1265821515,3790.2903187992442
0.12754807084,3796.2933674756246
0.12733342209666665,3802.296416118722
0.1295872339,3808.299464828386
0.12776271960333332,3814.302513471483
0.12894328769333332,3820.305562147864
0.12947990953333333,3826.3086107909608
0.12915793645666665,3832.3116595006254
0.12872863893666667,3838.3147081437223
0.13055315326666667,3844.3177568533865
0.12915793638666664,3850.320805496484
0.13023118010999998,3856.3238541728647
0.12958723387666668,3862.3269028159616
0.13044582882333333,3868.329951525626
0.13098245066666667,3874.3330001687227
0.13194836997333334,3880.3360488451035
0.13108977498666666,3886.339097488201
0.13538274988000001,3892.342146197865
0.13237766744333335,3898.345194840962
0.13527542549000002,3904.348243517343
0.13473880362333332,3910.3512921604397
0.13591937168666668,3916.3543408701044
0.13452415486666666,3922.3573895132013
0.1362413447866667,3928.3604382228655
0.13591937171,3934.363486865963
0.13602669607666665,3940.3665355423436
0.13731458855,3946.3695841854405
0.13634866923,3952.3726328951047
0.13860248102,3958.3756815382017
0.13624134487,3964.3787302145824
0.13828050791666668,3970.38177885768
0.13602669616666666,3976.384827567344
0.13591937181666666,3982.387876210441
0.13667064237666668,3988.3909249201056
0.13473880371333335,3994.3939735632025
0.13473880372333333,4000.3970222395833
0.13473880369,4006.40007088268
0.13323626255999999,4012.4031195923444
0.13269964067,4018.406168235442
0.13151907261999998,4024.4092169118226
0.13151907262333332,4030.4122655549195
0.13108977523,4036.4153142645837
0.12797736849333333,4042.4183629076806
0.12969455848,4048.4214115840614
0.12701144923333332,4054.4244602271588
0.12808469299,4060.427508936823
0.12604552998,4066.43055757992
0.12540158374666666,4072.4336062895845
0.12368439384333334,4078.4366549326814
0.12271847456666667,4084.4397036090622
0.12304044773,4090.442752252159
0.12067931156333334,4096.445800961824
0.12003536539333333,4102.448849604921
0.11735225616,4108.4518982813015
0.11606436379666667,4114.454946924398
0.11563506633333333,4120.457995634063
0.11413252513333334,4126.46104427716
0.11402520084333334,4132.464092953541
0.11252265968333332,4138.467141596638
0.11209336221999999,4144.470190306301
0.11091279416,4150.473238949399
0.11102011860333333,4156.476287659063
0.11059082110333333,4162.47933630216
0.10694179259666665,4168.482384978541
0.10683446823666669,4174.485433621639
0.10597587327566667,4180.488482331302
0.10415135899266666,4186.491530974399
0.10340008842933333,4192.49457965078
0.10179022287433333,4198.497628293877
0.09953641107266666,4204.500677003542
0.100931627826,4210.5037256466385
0.10103895222433334,4216.506774356303
0.10071697901333333,4222.5098229994
0.10340008822333334,4228.512871675781
0.10211219580033333,4234.515920318878
0.10039500574999999,4240.518969028542
0.10157557381333333,4246.522017671639
0.09985838392,4252.52506634802
0.10093162753666667,4258.528115057685
0.09921443764333333,4264.531163700782
0.09953641066,4270.5342123771625
0.10007303248999999,4276.537261020259
0.09620935516333333,4282.540309729923
0.09728259881666668,4288.543358373021
0.09567273324999999,4294.546407082685
0.09642400381333333,4300.549455725782
0.09524343571,4306.552504402162
0.09363357018,4312.555553045259
0.09363357014,4318.558601754924
0.09223835334000001,4324.561650398021
0.09095046090999999,4330.564699074402
0.09116510960666667,4336.567747717499
0.08794537854000001,4342.570796427163
0.08783805410000001,4348.57384507026
0.08719410790333333,4354.576893746641
0.08547691796666668,4360.579942389738
0.0853695936,4366.5829910994025
0.08257915996666666,4372.586039742499
0.08461832299666668,4378.589088452164
0.08139859189666666,4384.592137095261
0.08236451119333332,4390.595185771642
0.07893013138666667,4396.598234414739
0.07656899532333333,4402.601283124403
0.07560307593333333,4408.6043317675
0.07603237340333334,4414.607380443881
0.07560307592333333,4420.610429086978
0.07334926419,4426.613477796643
0.07173939863,4432.61652643974
0.06927093818,4438.619575149403
0.06916361380666668,4444.6226237925
0.06605120711333333,4450.625672468881
0.06476331470666667,4456.628721111979
0.05982639379333334,4462.631769821643
0.05714328460333334,4468.6348184647395
0.05564074345,4474.63786714112
0.05295763428333333,4480.640915784217
0.05156241752000001,4486.643964493882
0.048879308340000004,4492.647013136979
0.04780606467666667,4498.65006181336
0.046196199166666674,4504.6531104564565
0.04598155043,4510.656159166121
0.044479009300000004,4516.659207809218
0.04329844126333334,4522.662256518883
0.04243984631666666,4528.66530516198
0.04222519758333334,4534.66835383836
0.04233252194,4540.671402481457
0.042976468133333334,4546.674451191122
0.04243984629333333,4552.677499834219
0.042869143756666665,4558.6805485106
0.04426436052,4564.683597153697
0.04394238741333334,4570.686645863361
0.044479009246666666,4576.689694506458
0.04265449501333333,4582.692743182839
0.04533760418,4588.695791825936
0.04415703614666666,4594.6988405356005
0.04673282095333333,4600.7018891786975
0.046518172219999994,4606.704937888361
0.04769874025666667,4612.707986531458
0.04855733520666666,4618.711035207839
0.04941593015666667,4624.714083850937
0.04995255198666667,4630.7171325606005
0.052421012446666665,4636.720181203697
0.05145509314333333,4642.723229880078
0.05295763430333333,4648.726278523175
0.053708904876666665,4654.72932723284
0.053279607413333326,4660.732375875937
0.054889472919999995,4666.735424585601
0.056284689713333336,4672.738473228698
0.057465257756666666,4678.741521905079
0.06004104257,4684.744570548176
0.05918244765,4690.747619257841
0.0586458258,4696.7506679009375
0.060363015689999994,4702.753716577318
0.060363015703333335,4708.756765220415
0.05896779893666667,4714.75981393008
0.06068498882333334,4720.762862573177
0.05886047456000001,4726.765911249558
0.05928977203,4732.768959959221
0.05961174513333334,4738.772008602319
0.05789455527666667,4744.775057311983
0.060041042623333325,4750.77810595508
0.06057766444666666,4756.781154631461
0.059826393889999996,4762.784203274558
0.06057766445333334,4768.787251984222
0.05961174514666665,4774.790300627319
0.060792313220000005,4780.7933493037
0.06304612489666667,4786.796397946797
0.06379739548666667,4792.799446656461
0.06272415178,4798.802495299558
0.06487063912666667,4804.805543975939
0.06519261222,4810.808592619036
0.06444134165333333,4816.811641328701
0.06336809796,4822.814689971798
0.06272415176,4828.817738681462
0.06315344922,4834.820787324559
0.06293880049666666,4840.82383600094
0.0622948543,4846.826884644037
0.06229485431666667,4852.829933353702
0.060363015699999995,4858.8329819967985
0.061006961889999996,4864.836030673179
0.05918244767,4870.839079316276
0.058967798970000006,4876.842128025941
0.05692863599333334,4882.845176669038
0.05767990655666666,4888.8482253787015
0.05875315024,4894.851274021799
0.05639201417,4900.854322698179
0.05607004108333333,4906.857371341277
0.05574806801666667,4912.860420050941
0.05542609492666666,4918.863468694038
0.05478214873000001,4924.8665173704185
0.05424552689666667,4930.869566013515
0.05521144620000001,4936.87261472318
0.05166974211333333,4942.875663366277
0.05081114718666666,4948.878712042658
0.05005987663166666,4954.881760685755
0.05059649845333333,4960.884809395419
0.04930860610566667,4966.887858038516
0.050489174096666666,4972.890906748181
0.05016720104033334,4978.893955391278
0.049630579221000004,4984.897004067659
0.050381849816333334,4990.9000527107555
0.050274525492666665,4996.90310142042
0.049952552396,5002.906150063517
0.049952552399333335,5008.909198739898
0.048664659971,5014.912247382995
0.04812803817933333,5020.915296092659
0.04995255240266667,5026.918344735756
0.046947470199886675,5032.921393412137
0.048664660007666664,5038.924442055234
0.047054794563,5044.927490764899
0.048879308781,5050.930539407996
0.049523254971,5056.933588117659
0.048664660081000004,5062.936636760757
0.05005987679533333,5068.939685437137
0.049415930646,5074.942734080235
0.05005987679533333,5080.945782789899
0.05113312053166666,5086.948831432996
0.051133120483666666,5092.951880109376
0.05134776922,5098.954928752473
0.05188439104833333,5104.957977462138
0.051669742319333335,5110.961026105235
0.05349425653,5116.9640748148995
0.05531877075,5122.967123457996
0.056606663140000006,5128.970172134377
0.05671398750666667,5134.973220777474
0.059611745423333334,5140.976269487139
0.05789455545333333,5146.979318130236
0.06347542261,5152.9823668066165
0.060899637779999995,5158.985415449713
0.06208020585333333,5164.988464159378
0.06358274697666667,5170.991512802475
0.06250950331333334,5176.994561478856
0.06454866628,5182.997610121953
0.06326077385,5189.000658831617
0.06293880071333334,5195.003707474714
0.06261682762,5201.006756184378
0.06304612509333334,5207.009804860759
0.06304612506,5213.012853503857
0.06283147636666665,5219.01590221352
0.06250950327333334,5225.018950856617
0.06326077384333333,5231.021999532998
0.062402178923333336,5237.025048176095
0.061972881429999994,5243.02809688576
0.062187530218,5249.0311455288565
0.060470340315999994,5255.034194205237
0.061972881460999996,5261.037242848334
0.06143625963666666,5267.040291557999
0.060363015942666666,5273.043340201096
0.06197288148466667,5279.0463889107605
0.06283147641999999,5285.049437553857
0.06079231344933333,5291.052486230238
0.06283147638533333,5297.055534873335
0.06261682764766667,5303.058583583
0.06476331497333333,5309.061632226097
0.06326077380999999,5315.064680902477
0.06444134183333333,5321.067729545574
0.06433401744333334,5327.070778255239
0.06669515356333333,5333.073826898336
0.06594388296333333,5339.076875608
0.06755374845666666,5345.0799242510975
0.0680903703,5351.082972927477
0.06830501899333334,5357.086021570575
0.07281264244,5363.089070280239
0.07066615506666667,5369.092118923336
0.07356391299666666,5375.095167599717
0.07431518356666666,5381.0982162428145
0.07495912974333334,5387.101264952478
0.07732026584666667,5393.104313595575
0.07603237341333334,5399.107362271956
0.07753491455333333,5405.110410915053
0.07785688765666667,5411.1134596247175
0.07850083385333334,5417.116508267814
0.07893013132333333,5423.119556977479
0.08118394302333333,5429.122605620576
0.08107661868333334,5435.125654296957
0.08193521361666666,5441.128702940054
0.08472564717666665,5447.131751649718
0.08300845728333334,5453.134800292815
0.08440367405666667,5459.137848969196
0.08665748577666667,5465.140897612293
0.08708678325000001,5471.143946321958
0.08944791935666667,5477.146994965055
0.08891129751,5483.150043641435
0.08751608073333333,5489.153092284532
0.08934059498000001,5495.156140994197
0.08966256809,5501.159189637294
0.09095046055,5507.162238346958
0.09180905548666667,5513.165286990055
0.09234567733333332,5519.168335666435
0.09374089414666666,5525.171384309533
0.09459948909666667,5531.174433019197
0.09578005718666666,5537.177481662294
0.09792654458666666,5543.1805303386745
0.09835584206999999,5549.183578981772
0.10114627567000001,5555.186627691436
0.10028768070333334,5561.189676334533
0.10200487066333334,5567.192725044198
0.10382938493,5573.195773687295
0.10318543869666667,5579.198822363675
0.10393670934999999,5585.201871006772
0.10361473621999999,5591.204919716437
0.10425868247999999,5597.207968359534
0.10694179174333333,5603.211017035915
0.10629784553999999,5609.214065679012
0.10672714303666668,5615.217114388676
0.10737108926666666,5621.220163031773
0.10565389936333332,5627.223211708154
0.10425868256333333,5633.226260351251
0.10350741202666668,5639.2293090609155
0.10393670952666667,5645.232357704012
0.10114627592666665,5651.235406413677
0.10007303222666668,5657.238455056774
0.10050232972666667,5663.241503733155
0.10060965409333333,5669.244552376252
0.09975105916333334,5675.247601085915
0.10007303222666668,5681.250649762296
0.09964373476,5687.253698405393
0.10018035659333334,5693.256747115058
0.09996570786333332,5699.259795758155
0.09910711292666667,5705.2628444345355
0.10007303229666668,5711.265893077632
0.10039500532666666,5717.268941787297
0.09985838349333333,5723.271990430394
0.09932176166,5729.275039140059
0.09910711289333334,5735.278087783156
0.09953641039333333,5741.281136459536
0.09910711289333334,5747.284185102633
0.09942908596,5753.287233812298
0.09814119355999999,5759.290282455395
0.09889246412666668,5765.293331131776
0.09846316662666667,5771.296379774873
0.09749724729333333,5777.299428484537
0.09706794982666667,5783.302477127634
0.09771189602666668,5789.305525837298
0.10039500529333334,5795.308574480396
0.09814119349333333,5801.3116231567765
0.09964373466,5807.314671799873
0.09771189602666668,5813.317720509537
0.09846316656,5819.320769152635
0.09824851786,5825.323817829015
0.09899978839666668,5831.326866472113
0.09857049095999999,5837.329915181776
0.09781922036333335,5843.332963824873
0.09824851782666666,5849.336012501254
0.09674597666,5855.339061144351
0.09846316656000002,5861.342109854016
0.09706794979333333,5867.345158497113
0.09749724722999999,5873.348207206777
0.09685330106000001,5879.351255849874
0.09706794976,5885.354304526255
0.09728259849333333,5891.357353169352
0.09588738172666667,5897.3604018790165
0.09524343549333332,5903.363450522113
0.09867781529333335,5909.366499198494
0.09674597663000001,5915.369547841591
0.09620935479666666,5921.372596551256
0.09706794972999999,5927.375645194353
0.09438484052666667,5933.3786938707335
0.09781922033000001,5939.38174251383
0.09610203039666666,5945.384791223495
0.09653132786333334,5951.387839866592
0.09599470603,5957.390888576256
0.09438484049333333,5963.393937219354
0.09309694806,5969.396985895734
0.09170173125999999,5975.400034538831
0.09223835312666667,5981.403083248495
0.09245300186333333,5987.406131891593
0.09148708252666667,5993.409180567973
0.09041383883,5999.412229211071
0.08858932456666667,6005.415277920734
0.08944791950333335,6011.418326563831
0.08912594637,6017.421375273496
0.08912594636333333,6023.424423916593
0.09009186563333334,6029.427472592974
0.08676481021999999,6035.4305212360705
0.08794537826666667,6041.433569945735
0.08998454127,6047.436618588832
0.08837467570666667,6053.439667265213
0.08998454127666666,6059.44271590831
0.08901862194666665,6065.445764617974
0.08966256814333333,6071.448813261071
0.09019918998,6077.451861937452
0.08869664882,6083.454910580549
0.08869664882333333,6089.457959290214
0.08783805387666667,6095.461007933311
0.08526226901666667,6101.464056642975
0.08655016143666666,6107.467105286072
0.08622818832333334,6113.470153962453
0.08440367405333332,6119.47320260555
0.08461832278666666,6125.476251315214
0.08172056484000001,6131.4792999583115
0.08150591610333334,6137.482348634692
0.08053999678666666,6143.485397277789
0.07732026575,6149.488445987453
0.07860815817,6155.491494663834
0.07742759013,6161.494543306931
0.07710561700666667,6167.497592016595
0.07549575149666667,6173.500640659692
0.07452983217666666,6179.503689369357
0.07313461538666667,6185.506738012454
0.07195404734666667,6191.5097866888345
0.06873431630666667,6197.5128353319315
0.06873431630666667,6203.515884041596
0.06766107262,6209.518932684693
0.06766107262666667,6215.521981361074
0.06712445078333333,6221.525030004171
0.06594388273333333,6227.528078713835
0.06358274665333334,6233.531127356932
0.06465599034666668,6239.534176066597
0.06390471976666666,6245.537224709694
0.062294854266666665,6251.540273386075
0.06326077355,6257.543322029172
0.06132893495,6263.546370738835
0.06100696184333334,6269.549419381933
0.05821652829666666,6275.552468058313
0.05843117701666667,6281.555516701411
0.05660666278333334,6287.558565411075
0.05682131151,6293.5616140541715
0.05757258209,6299.564662730552
0.05639201404666666,6305.56771137365
0.057787230833333335,6311.570760083314
0.05542609472999999,6317.573808726411
0.05381622924666667,6323.576857436075
0.05607004094666667,6329.579906079172
0.054138202346666664,6335.582954755553
0.05488947291333333,6341.58600339865
0.05381622923666667,6347.589052108315
0.05349425614,6353.592100751412
0.05381622923333334,6359.595149427792
0.052742985560000004,6365.598198070889
0.054782148516666664,6371.601246780554
0.05338693174333333,6377.604295423651
0.05317228299333334,6383.607344100032
0.053923553570000005,6389.610392743129
0.053279607353333334,6395.613441452793
0.053494256090000004,6401.61649009589
0.051240444376666666,6407.619538805555
0.05209903931666667,6413.622587448652
0.050489173806666655,6419.6256361250325
0.051562417470000003,6425.6286847681295
0.052099039310000005,6431.631733477793
0.05102579564,6437.634782120891
0.05166974184666667,6443.637830797271
0.04930860578000001,6449.640879440369
0.04995255199,6455.6439281500325
0.04769874028333334,6461.646976793129
0.04791338901666667,6467.650025502794
0.04930860581333333,6473.653074145891
0.04769874030333334,6479.656122822272
0.04737676720666667,6485.659171465369
0.04759141594666667,6491.662220175033
0.04834268653999999,6497.66526881813
0.046947469783333334,6503.668317494511
0.048557335300000004,6509.671366137608
0.04930860589,6515.674414847273
0.04984522772333333,6521.6774634903695
0.050489173916666664,6527.68051216675
0.05081114703,6533.683560809847
0.05199171508,6539.686609519512
0.05231368818333334,6545.689658162609
0.055640743560000004,6551.692706872273
0.05542609485666666,6557.69575551537
0.05703596037333333,6563.698804191751
0.05628468980666667,6569.701852834848
0.05746525786666667,6575.704901544512
0.058109204063333336,6581.70795018761
0.0580018797,6587.71099886399
0.05961174520333334,6593.714047507087
0.06197288130666667,6599.717096216751
0.059933718299999994,6605.720144859849
0.06304612494333334,6611.723193536229
0.06283147620333333,6617.726242179327
0.06261682747666666,6623.72929088899
0.06487063919000001,6629.732339598655
0.062294854370000007,6635.735388241752
0.06454866604666666,6641.738436918133
0.06336809802,6647.74148556123
0.06562190971666666,6653.744534270894
0.06476331479333333,6659.747582913991
0.06326077364,6665.750631590372
0.06519261223333334,6671.753680233469
0.06508528787333333,6677.756728943134
0.06315344924333333,6683.7597775862305
0.06551458532333333,6689.762826295895
0.06519261221333333,6695.765874938992
0.06454866603666666,6701.768923615373
0.06658782901666667,6707.77197225847
0.06529993658,6713.7750209681335
0.06669515336,6719.778069611231
0.06658782897333333,6725.781118287612
0.06733909954,6731.784166930709
0.06841234323999999,6737.787215640373
0.06776839701333333,6743.79026428347
0.06959291127666667,6749.7933129598505
0.06905628940666668,6755.796361602948
0.07131010112666665,6761.799410312612
0.07002220870999999,6767.802458955709
0.06862699192333334,6773.805507665374
0.06884164065666666,6779.8085563084705
0.06991488433666666,6785.811604984851
0.06723177513,6791.814653627948
0.06658782891,6797.817702337613
0.06744642385333334,6803.82075098071
0.06626585580333334,6809.823799657091
0.06787572132,6815.8268483001875
0.06905628936000001,6821.829897009852
0.06615853144,6827.832945652949
0.06744642384333333,6833.83599432933
0.06594388269666666,6839.839042972427
0.06669515326666667,6845.842091682091
0.06776839694333334,6851.845140325188
0.06916361373,6857.848189034853
0.06766107258,6863.85123767795
0.06744642385,6869.854286354331
0.06927093810333333,6875.857334997428
0.06980755993333333,6881.860383707091
0.06948558683333333,6887.863432350189
0.06927093809666666,6893.866481026569
0.06830501878333334,6899.869529669667
0.06873431626333333,6905.872578379331
0.06605120705666667,6911.875627022428
0.06648050453333333,6917.878675732092
0.06605120705999999,6923.881724375189
0.0635827466,6929.88477305157
0.06218752982666667,6935.887821694667
0.06165090798,6941.8908704043315
0.06197288108333334,6947.893919047428
0.05843117696,6953.896967723809
0.05928977189666667,6959.900016366906
0.05682131144666667,6965.903065076571
0.0546748241,6971.906113719668
0.054030877899999996,6977.9091623960485
0.05370890479666667,6983.912211039145
0.05145509309333333,6989.91525974881
0.049523254483333334,6995.918308391907
0.04823536208333334,7001.921357101572
0.048664659549999996,7007.924405744669
0.045659577279999995,7013.927454421049
0.04565957728,7019.930503064146
0.04276181938,7025.933551773811
0.041366602616666664,7031.936600416908
0.04297646811333333,7037.939649093289
0.04125927824666666,7043.9426977363855
0.041044629516666674,7049.945746446049
0.03900546655333333,7055.948795089147
0.03986406148333333,7061.951843765527
0.03718095232666667,7067.954892408625
0.03836152035666667,7073.9579411182885
0.037610249793333335,7079.9609897613855
0.03803954726333333,7085.96403847105
0.036858979236666665,7091.967087147431
0.0366443305,7097.970135790528
0.03857616909666667,7103.9731845001925
0.0363223574,7109.976233143289
0.036751654876666665,7115.97928181967
0.03653700613666667,7121.982330462767
0.03825419600333333,7127.985379172432
0.03857616911666666,7133.988427815529
0.03836152038666667,7139.991476491909
0.03793222292666667,7145.99452516829
0.03524911377666667,7151.997573844671
0.03492714069333334,7158.000622487768
0.03385389703,7164.003671197432
0.03235135591333333,7170.0067198405295
0.0321367072,7176.00976851691
0.029560922403333332,7182.012817160007
0.028487678749999995,7188.015865869671
0.027951056942666665,7194.018914512769
0.028487678772666666,7200.021963189149
0.028273030037666663,7206.0250118322465
0.02816570568266667,7212.02806054191
0.02719978637133334,7218.031109185007
0.028273030042666666,7224.034157894672
0.028165705664666668,7230.037206537769
0.030419517347666666,7236.0402552141495
0.03170740971666667,7242.043303857246
0.030097544238333333,7248.046352566911
0.03256600464666667,7254.049401210008
0.03288797774,7260.052449886389
0.03342459955333334,7266.055498529486
0.035141789416666666,7272.05854723915
0.03675165490333333,7278.061595882247
0.037610249826666664,7284.064644558628
0.038254196016666665,7290.067693201725
0.040829980796666665,7296.07074191139
0.03793222291,7302.073790554487
0.041366602636666666,7308.076839264151
0.04147392700666666,7314.079887907248
0.043083792509999996,7320.082936583629
0.04179590010666667,7326.085985226726
0.04351308997,7332.08903393639
0.04426436053,7338.092082579487
0.046196199146666665,7344.095131255868
0.045981550409999995,7350.098179898965
0.04920128142,7356.101228608629
0.04866465958333333,7362.104277251727
0.04920128142333333,7368.10732596139
0.04941593016,7374.110374604487
0.05091847129666668,7380.113423280868
0.05134776877333334,7386.116471923965
0.054782148526666664,7392.11952063363
0.05478214853,7398.122569276727
0.05660666277,7404.125617953107
0.05607004093666667,7410.128666596204
0.05692863587666667,7416.131715305869
0.05821652828999999,7422.134763948966
0.058323852663333335,7428.137812625347
0.059504420696666664,7434.140861268444
0.061114286223333335,7440.143909978108
0.057357933373333336,7446.146958621205
0.05971906946333333,7452.15000733087
0.05800187960333333,7458.153055973967
0.0602556913,7464.1561046503475
0.06036301569666667,7470.159153293444
0.05843117707666667,7476.162202003109
0.06057766445666667,7482.165250646206
0.06004104261333334,7488.168299322587
0.061328935023333336,7494.171347965684
0.061758232493333336,7500.174396675347
0.060899637566666665,7506.177445318445
0.061221610663333335,7512.180493994826
0.06208020564,7518.183542637923
0.06186555691000001,7524.186591347587
0.06358274677999999,7530.189639990685
0.06369007118,7536.192688700348
0.06283147621666667,7542.195737343445
0.06497796360333334,7548.198786019826
0.06519261232,7554.201834662923
0.06701712660666667,7560.204883372588
0.06755374840666667,7566.207932048968
0.06798304591,7572.210980692065
0.06497796364000001,7578.21402940173
0.06497796364333333,7584.217078044827
0.06433401741333333,7590.220126721208
0.06433401744333332,7596.223175397588
0.06358274684666666,7602.226224073969
0.06562190985666667,7608.229272717066
0.06444134181333333,7614.232321426731
0.06422669304,7620.235370069828
0.06068498902333333,7626.2384187462085
0.06261682757666666,7632.241467389305
0.06379739560666667,7638.244516098969
0.06562190987333334,7644.247564742067
0.06487063930666666,7650.250613418447
0.06572923426666666,7656.253662061545
0.06519261240333334,7662.256710771208
0.06572923423,7668.259759414305
0.06905628962333334,7674.26280812397
0.06873431655333333,7680.265856767067
0.06959291148666667,7686.268905443448
0.07120277698666667,7692.271954086545
0.07291996688666667,7698.275002796209
0.07356391308666667,7704.278051439306
0.07163207445333333,7710.281100115687
0.07495912985666667,7716.284148758784
0.07581772482333334,7722.2871974684485
0.07195404755333333,7728.2902461115455
0.07528110296,7734.293294787926
0.07560307605666666,7740.296343431023
0.07689096849666667,7746.299392140688
0.07678364409666666,7752.302440783785
0.07710561722999999,7758.305489493449
0.07882280712999999,7764.308538136546
0.07817886093,7770.311586812927
0.07903745589333334,7776.314635456024
0.07882280719333333,7782.317684165689
0.0818278895,7788.320732808786
0.08043267273,7794.323781485166
0.08172056516666666,7800.326830128263
0.0826864845,7806.329878837927
0.08354507947,7812.332927481025
0.08311578199666667,7818.335976157405
0.08461832317000001,7824.3390248337855
0.08504762064,7830.342073510166
0.08536959376666668,7836.345122153263
0.0821498627,7842.348170862928
0.08569156685,7848.351219506025
0.08472564754,7854.354268182406
0.08375972824333333,7860.3573168255025
0.08451099881666668,7866.360365535167
0.08365240387666667,7872.363414178264
0.08719410809,7878.366462854645
0.08472564765000001,7884.369511497742
0.08612086442,7890.372560207406
0.08579889133,7896.375608850503
0.08612086447,7902.378657560168
0.08547691823999999,7908.381706203265
0.08365240399333333,7914.384754879646
0.08429635019,7920.387803522743
0.08536959395999999,7926.390852232407
0.08558424268999999,7932.393900875504
0.08655016199,7938.396949551885
0.08976989309666666,7944.399998194982
0.08762340575,7950.4030469046465
0.09019919059333333,7956.4060955477435
0.09084313683,7962.409144224124
0.09170173179,7968.412192867221
0.09266765112000001,7974.415241576885
0.09459948977666667,7980.418290219983
0.09749724786666668,7986.4213389296465
0.10060965452333333,7992.424387572743
0.09889246463666668,7998.427436249124
