Average lockin_signal,Ion velocity
0.08515494507666667,-5958.660720792553
0.07699829280666666,-5952.657672149456
0.07882280708666667,-5946.654623439792
0.07699829284333333,-5940.651574796694
0.07571040042666666,-5934.64852608703
0.07635434661666667,-5928.6454774439335
0.07678364407333334,-5922.642428800837
0.07903745583666667,-5916.639380157739
0.07839350960333333,-5910.636331448075
0.07807153649666668,-5904.633282804978
0.07914478017333333,-5898.630234095313
0.07957407767666667,-5892.6271854522165
0.08096929446000001,-5886.624136742552
0.07946675333,-5880.621088099455
0.07839350962666668,-5874.618039456358
0.07796421217333334,-5868.614990813261
0.07968140210333334,-5862.611942103596
0.08021802393000001,-5856.6088934604995
0.07893013152999999,-5850.605844750835
0.07785688783,-5844.602796107738
0.07774956347666667,-5838.599747398073
0.07935942902,-5832.596698754976
0.08021802398333333,-5826.593650045312
0.07828618537666666,-5820.590601402215
0.07925210467666667,-5814.587552759118
0.07796421229666668,-5808.584504116021
0.07635434676666665,-5802.581455406356
0.07603237368333333,-5796.578406763259
0.07732026610666666,-5790.575358053595
0.07538842748999999,-5784.572309410498
0.07538842753333334,-5778.569260700834
0.07678364430333333,-5772.566212057736
0.07517377879033334,-5766.5631633480725
0.074637156927,-5760.560114704976
0.07066615549166666,-5754.557066061879
0.07452983259266667,-5748.554017418781
0.07431518390933332,-5742.550968709117
0.07410053513666666,-5736.54792006602
0.07345658897433334,-5730.5448713563555
0.07410053518266667,-5724.541822713259
0.07291996718456666,-5718.538774003594
0.072597994041,-5712.535725360497
0.07302729154766667,-5706.532676650832
0.07345658897433334,-5700.5296280077355
0.07259799404766666,-5694.526579364639
0.07173939909600001,-5688.523530721542
0.07109545288933335,-5682.520482011877
0.07238334534810001,-5676.517433302212
0.073778562111,-5670.514384659115
0.07238334529099999,-5664.511335949452
0.07345658902766668,-5658.508287306354
0.072597994046,-5652.505238663257
0.074100535173,-5646.50219002016
0.07420785954933333,-5640.499141310495
0.07431518390533333,-5634.496092667398
0.07485180573700001,-5628.493043957735
0.07528110318666667,-5622.489995314637
0.07689096871833333,-5616.486946604973
0.07774956362333334,-5610.483897961876
0.07828618546333334,-5604.480849252212
0.07850083418666666,-5598.477800609115
0.07968140217666667,-5592.474751966018
0.08129126769,-5586.471703322921
0.08064732148999999,-5580.468654613256
0.08300845759333332,-5574.465605970159
0.0823645113,-5568.462557260495
0.08300845751,-5562.459508617398
0.08472564740333333,-5556.456459907733
0.08483297177,-5550.453411264636
0.08579889106333333,-5544.450362554971
0.08676481039666667,-5538.4473139118745
0.08547691792666667,-5532.444265268778
0.08697945909333334,-5526.441216625681
0.08730143216000001,-5520.438167916016
0.09030651446,-5514.435119272919
0.08837467580000001,-5508.4320705632545
0.08998454136,-5502.4290219201575
0.08966256822333334,-5496.425973210494
0.09148708246666666,-5490.422924567396
0.09030651439666666,-5484.419875857732
0.0920237043,-5478.416827214635
0.09180905553666667,-5472.4137785715375
0.09127243373666667,-5466.410729928441
0.09095046060333334,-5460.407681218777
0.09148708247333333,-5454.404632575679
0.09266765051666666,-5448.401583866015
0.09223835305,-5442.398535222918
0.09105778494,-5436.395486513254
0.09180905554,-5430.392437870157
0.09084313622000001,-5424.38938922706
0.09137975804666666,-5418.386340583963
0.09095046059999999,-5412.383291874298
0.09277497487333335,-5406.380243231201
0.09320427232666666,-5400.377194521537
0.09052116309999998,-5394.37414587844
0.09256032608666669,-5388.371097168775
0.09288229922333331,-5382.368048525678
0.09341892105666666,-5376.364999816014
0.09588738153,-5370.361951172917
0.09384821850000001,-5364.35890252982
0.09438484033333333,-5358.355853886723
0.09513611093333334,-5352.352805177058
0.09653132773666667,-5346.349756533961
0.09674597648,-5340.346707824297
0.09685330081666667,-5334.3436591812
0.09867781512333333,-5328.340610471536
0.09803386888999999,-5322.337561828438
0.09899978822666666,-5316.334513118774
0.10200487054666667,-5310.331464475677
0.10060965377333335,-5304.32841583258
0.10254149240999999,-5298.325367189483
0.10243416804333333,-5292.322318479819
0.10286346556666666,-5286.319269836722
0.10243416808666667,-5280.316221127057
0.10275614119,-5274.31317248396
0.10221951934666666,-5268.310123774296
0.10189754625333332,-5262.307075131199
0.10372206054666666,-5256.304026421534
0.10286346560666666,-5250.300977778437
0.10393670930666667,-5244.29792913534
0.10275614120333333,-5238.2948804922435
0.10243416811999999,-5232.291831782579
0.10340008746666667,-5226.288783139482
0.10297078999666666,-5220.285734429817
0.10136092443666667,-5214.28268578672
0.10189754626666665,-5208.279637077056
0.10018035633,-5202.276588433959
0.09910711266,-5196.273539790862
0.10050232943333333,-5190.270491081197
0.09985838319666666,-5184.2674424381
0.09835584205999999,-5178.2643937284365
0.099214437,-5172.261345085339
0.09846316640333334,-5166.258296375675
0.09932176134,-5160.255247732578
0.09771189577333333,-5154.252199022913
0.09642400335000001,-5148.2491503798165
0.09502878652,-5142.2461017367195
0.09481413781333332,-5136.243053093622
0.09620935462333331,-5130.240004383958
0.09309694789333334,-5124.236955740861
0.09213102856333333,-5118.233907031196
0.09137975797666666,-5112.2308583880995
0.09137975798999999,-5106.227809678435
0.09127243360333333,-5100.224761035338
0.09116510922,-5094.221712325673
0.08955524371333333,-5088.218663682576
0.09030651429000001,-5082.215615039479
0.09234567727,-5076.2125663963825
0.09180905544333333,-5070.209517686718
0.08987721679,-5064.206469043621
0.09180905543,-5058.203420333956
0.09073581174,-5052.200371690859
0.08966256805666667,-5046.197322981196
0.09095046047666666,-5040.194274338098
0.08955524368666667,-5034.191225628434
0.08934059495,-5028.188176985337
0.08826735127,-5022.185128342239
0.08773072943333333,-5016.182079699142
0.08751608070000001,-5010.179030989479
0.08976989244,-5004.175982346381
0.09009186554666666,-4998.172933636717
0.08880397311999999,-4992.16988499362
0.08944791934666667,-4986.1668362839555
0.08826735130333334,-4980.163787640859
0.08934059499333334,-4974.160738997762
0.08869664879666667,-4968.157690354664
0.08762340512666666,-4962.154641645
0.08998454121666666,-4956.151593001903
0.0884820001,-4950.1485442922385
0.08783805386333333,-4944.145495649142
0.08225718681,-4938.142446939477
0.08826735136000001,-4932.13939829638
0.08869664883,-4926.136349586715
0.08794537824333333,-4920.133300943618
0.08622818837333335,-4914.1302523005215
0.08558424217333334,-4908.127203657425
0.08440367411333334,-4902.12415494776
0.08440367413333334,-4896.121106304663
0.08204253801666667,-4890.118057594998
0.08472564721333332,-4884.1150089519015
0.08279380858333334,-4878.111960242238
0.08129126742333333,-4872.10891159914
0.08214986238333333,-4866.105862889476
0.08214986238333333,-4860.102814246379
0.08247183549666666,-4854.099765603281
0.08257915986,-4848.0967169601845
0.08182788928666666,-4842.093668250521
0.08451099846666667,-4836.090619607423
0.08494029594666667,-4830.087570897759
0.08322310605666666,-4824.084522254662
0.08526226907000001,-4818.081473544998
0.08708678335333332,-4812.078424901901
0.08719410774999999,-4806.075376192236
0.08880397323666667,-4800.072327549139
0.09041383880333333,-4794.069278906042
0.08955524383999998,-4788.066230262945
0.09116510939666667,-4782.063181553281
0.09062848756666668,-4776.060132910184
0.08848200022000001,-4770.057084200519
0.08923327078,-4764.054035557422
0.08912594642,-4758.0509868477575
0.08740875652333331,-4752.047938204661
0.08762340527000001,-4746.044889561564
0.08826735146999999,-4740.041840918467
0.08697945908,-4734.038792208802
0.08483297169,-4728.035743499138
0.08762340524000001,-4722.0326948560405
0.08622818845999998,-4716.029646146377
0.08418902548,-4710.02659750328
0.08590621538666667,-4704.023548793615
0.08214986248333334,-4698.020500150518
0.08612086411666668,-4692.017451507421
0.08687213468999999,-4686.0144028643235
0.08461832294333334,-4680.01135415466
0.08504762040666665,-4674.008305511563
0.08536959350666666,-4668.005256801898
0.08386705239333332,-4662.002208158801
0.08386705235999999,-4655.999159449137
0.08386705235999999,-4649.99611080604
0.08333043055333333,-4643.993062096375
0.08386705236333332,-4637.990013453278
0.08483297166666666,-4631.986964810181
0.08558424227333333,-4625.983916167084
0.08172056498666666,-4619.98086745742
0.07968140201,-4613.977818814323
0.08032534821666666,-4607.974770104658
0.07850083397333334,-4601.971721461561
0.08011069949333333,-4595.968672751897
0.07882280705333333,-4589.9656241088
0.08011069946333334,-4583.962575399136
0.07925210455333333,-4577.959526756039
0.07935942891666665,-4571.956478112941
0.07850083396,-4565.953429469844
0.08075464566666667,-4559.95038076018
0.07774956339,-4553.947332117083
0.07935942890333333,-4547.944283407419
0.07742759027333333,-4541.941234764322
0.07807153649666666,-4535.938186054657
0.07796421211333333,-4529.93513741156
0.07774956337,-4523.9320887684635
0.07689096840333333,-4517.929040125366
0.07753491459666667,-4511.925991415702
0.07807153643999999,-4505.922942772605
0.07581772467666666,-4499.91989406294
0.07689096836666666,-4493.916845419843
0.07689096836999999,-4487.913796710179
0.07925210443333333,-4481.910748067082
0.07785688769,-4475.907699357417
0.07882280696,-4469.90465071432
0.07860815819666667,-4463.901602071223
0.07882280693333334,-4457.898553428126
0.07839350943333334,-4451.895504718462
0.07914478001333332,-4445.892456075365
0.07893013127333333,-4439.8894073657
0.07753491447333333,-4433.886358722603
0.07474448088666667,-4427.88331001294
0.07603237330333333,-4421.880261369842
0.07592504892,-4415.877212660178
0.07410053465666666,-4409.874164017081
0.07495912960666666,-4403.871115373983
0.07334926407333332,-4397.868066730886
0.07345658843666668,-4391.865018021223
0.07206137165333333,-4385.861969378125
0.07077347923333334,-4379.858920668461
0.07012953303000001,-4373.855872025364
0.07002220865666667,-4367.852823315699
0.06894896497666665,-4361.8497746726025
0.06948558681666667,-4355.846725962938
0.06841234314333333,-4349.843677319841
0.06980755991666666,-4343.840628676744
0.06787572129666666,-4337.837580033647
0.06648050452,-4331.834531323982
0.06594388268,-4325.8314826808855
0.06615853142,-4319.828433971221
0.06572923395000001,-4313.825385328124
0.06690980199333334,-4307.822336618459
0.06615853143,-4301.819287975362
0.06401204408333333,-4295.8162393322655
0.06648050453333333,-4289.813190689169
0.06562190959999999,-4283.810141979504
0.06411936845666667,-4277.807093336407
0.06293880042333333,-4271.804044626742
0.06293880042666666,-4265.800995983645
0.06272415169333334,-4259.797947273982
0.06089963746333334,-4253.794898564317
0.05971906942,-4247.79184992122
0.056821311523333334,-4241.788801278123
0.05939709636999999,-4235.785752635025
0.05692863592333333,-4229.782703925362
0.055533419150000006,-4223.779655282265
0.05564074352,-4217.7766065726
0.05478214859666667,-4211.773557929503
0.054030878036666674,-4205.7705092198385
0.052742985629999996,-4199.7674605767415
0.045981550599333336,-4193.764411867077
0.04834268659666666,-4187.76136322398
0.04748409169333334,-4181.758314580883
0.04662549675666666,-4175.755265937786
0.04576690181,-4169.7522172281215
0.045874226176666665,-4163.749168585025
0.046840145470000004,-4157.74611987536
0.04469365812666667,-4151.743071232263
0.04243984643166667,-4145.740022522598
0.045230279936666666,-4139.736973879501
0.04673282108333334,-4133.733925169838
0.04845001093666667,-4127.730876526741
0.04791338907666667,-4121.727827883643
0.049523254583333336,-4115.724779240546
0.050596498243333336,-4109.721730530882
0.05102579568333334,-4103.718681887784
0.052206363730000004,-4097.715633178121
0.052099039349999994,-4091.7125845350233
0.05360158049666667,-4085.709535825359
0.05521144599333333,-4079.7064871822618
0.055426094720000006,-4073.703438539165
0.05703596022333333,-4067.700389896068
0.059719069416666666,-4061.6973411864033
0.06143625928333333,-4055.6942925433063
0.06261682732666667,-4049.691243833642
0.06272415169666666,-4043.6881951905452
0.06283147606333334,-4037.6851464808806
0.06411936847333334,-4031.6820978377837
0.06572923399666666,-4025.6790491281195
0.06562190963666666,-4019.676000485022
0.06648050458999999,-4013.672951841925
0.06658782896,-4007.6699031988283
0.06658782896333333,-4001.6668544891636
0.06787572136333332,-3995.6638058460667
0.06809037011666667,-3989.6607571364025
0.06873431632666667,-3983.657708493305
0.06959291127666667,-3977.654659783641
0.06916361379333334,-3971.651611140544
0.06776839700666666,-3965.6485624308793
0.06809037012000001,-3959.6455137877824
0.06927093816,-3953.6424651446855
0.06841234320999999,-3947.639416501588
0.06583655838333334,-3941.636367791924
0.06712445078666666,-3935.633319148827
0.0641193685,-3929.6302704391624
0.06476331471,-3923.6272217960654
0.06154358369333333,-3917.6241730864012
0.06132893494333334,-3911.621124443304
0.06143625931,-3905.6180757336397
0.06014836689333333,-3899.6150270905428
0.061006961830000005,-3893.6119784474454
0.058109203906666664,-3887.6089298043485
0.05821652826666667,-3881.6058810946843
0.058216528273333325,-3875.6028324515873
0.057894555156666666,-3869.5997837419227
0.05628468964333333,-3863.596735098826
0.05574806781333333,-3857.5936863891616
0.054674824133333334,-3851.590637746064
0.055104121596666666,-3845.5875891029673
0.05338693171666667,-3839.5845404598704
0.051025795650000004,-3833.5814917502057
0.05306495861999999,-3827.578443107109
0.05220636368333333,-3821.5753943974446
0.05327960735,-3815.572345754347
0.05124044437333333,-3809.569297044683
0.051777066213333334,-3803.566248401586
0.05166974185333333,-3797.5631996919215
0.05274298552,-3791.5601510488245
0.051669741846666666,-3785.5571024057276
0.05188439058666666,-3779.554053696063
0.05188439058333333,-3773.551005052966
0.05220636369,-3767.547956343302
0.05295763426,-3761.5449077002045
0.055211445969999995,-3755.5418589905403
0.05499679723666667,-3749.5388103474434
0.05370890482333333,-3743.5357616377787
0.055533419066666666,-3737.532712994682
0.05317228299666666,-3731.529664351585
0.05510412160666667,-3725.526615708488
0.055211445973333335,-3719.5235669988233
0.05488947288666667,-3713.5205183557264
0.05574806782,-3707.517469646062
0.055533419093333335,-3701.514421002965
0.055533419093333335,-3695.5113722933006
0.056499338399999995,-3689.5083236502037
0.055533419103333335,-3683.505274940539
0.05488947289666667,-3677.502226297442
0.05478214854,-3671.499177654345
0.05456749981,-3665.496129011248
0.05317228305,-3659.4930803015836
0.05188439065333334,-3653.4900316584867
0.05231368814,-3647.486982948822
0.052528336876666665,-3641.483934305725
0.05285030998,-3635.480885596061
0.053816229296666664,-3629.4778369529636
0.05188439071333334,-3623.4747883098667
0.05349425620333333,-3617.4717396667697
0.05306495876,-3611.468690957105
0.05488947300666666,-3605.465642314008
0.05317228312999999,-3599.462593604344
0.05478214863333333,-3593.4595449612466
0.05370890494333333,-3587.4564962515824
0.05531877045,-3581.4534476084855
0.05564074356666666,-3575.450398898821
0.05639201412666667,-3569.447350255724
0.056713987220000005,-3563.444301612627
0.05628468975,-3557.44125296953
0.058753150193333326,-3551.4382042598654
0.05843117707666667,-3545.4351556167685
0.060792313136666665,-3539.4321069071043
0.05961174509666667,-3533.429058264007
0.05918244764,-3527.4260095543427
0.05939709633666667,-3521.422960911246
0.05907512323333333,-3515.419912201581
0.060148366906666674,-3509.4168635584842
0.05950442068666667,-3503.4138149153873
0.059289771959999994,-3497.41076627229
0.058431177,-3491.4077175626257
0.05950442068,-3485.404668919529
0.05757258206333332,-3479.401620209864
0.05767990642333334,-3473.3985715667673
0.05671398712333333,-3467.395522857103
0.05757258205333334,-3461.3924742140057
0.05649933837333334,-3455.3894255043415
0.057143284583333336,-3449.3863768612446
0.05757258205000001,-3443.383328218147
0.058323852620000005,-3437.3802795750503
0.058109203879999995,-3431.377230865386
0.05789455513333334,-3425.3741822222887
0.05950442064333333,-3419.3711335126245
0.05950442064333333,-3413.3680848695276
0.05918244753333334,-3407.365036159863
0.058753150073333336,-3401.361987516766
0.05864582569666666,-3395.358938873669
0.059504420636666666,-3389.355890230572
0.05971906937666666,-3383.3528415209075
0.05982639374333334,-3377.3497928778106
0.05982639373666666,-3371.3467441681464
0.0592897719,-3365.343695525049
0.05853850133,-3359.340646815385
0.05864582570000001,-3353.337598172288
0.05607004088333334,-3347.3345494626233
0.05714328455666667,-3341.3315008195264
0.057357933289999996,-3335.3284521764294
0.05735793329666666,-3329.325403533332
0.056928635826666664,-3323.322354823668
0.055962716520000004,-3317.319306180571
0.054352851013333335,-3311.3162574709063
0.05456749975,-3305.313208761242
0.05392355354666667,-3299.310160118145
0.051884390573333335,-3293.3071114084805
0.04984522760000001,-3287.3040627653836
0.049201281396666664,-3281.3010141222867
0.04802071336,-3275.2979654791893
0.047806064626666665,-3269.294916769525
0.04673282096333333,-3263.291868126428
0.042225197553333337,-3257.2888194167635
0.04190322446,-3251.2857707736666
0.04136660262333334,-3245.2827220640024
0.04179590009333334,-3239.279673420905
0.04125927825666667,-3233.276624711241
0.038683493459999996,-3227.273576068144
0.039005466563333334,-3221.270527425047
0.03975673713333333,-3215.2674787819496
0.036537006133333334,-3209.2644300722854
0.038254196,-3203.2613814291885
0.03653700613666667,-3197.258332719524
0.037610249799999995,-3191.255284076427
0.038683493470000004,-3185.2522353667628
0.036966303613333334,-3179.2491867236654
0.03728827671,-3173.2461380805685
0.03642968179,-3167.2430894374716
0.03718095236,-3161.240040727807
0.037610249826666664,-3155.23699208471
0.03814687166666667,-3149.233943375046
0.03986406152666667,-3143.2308947319484
0.039220115330000006,-3137.227846022284
0.039434764069999996,-3131.2247973791873
0.04093730520333333,-3125.2217486695226
0.041581251406666665,-3119.2187000264257
0.04168857578333333,-3113.215651383329
0.04147392705,-3107.2126027402314
0.043513089996666664,-3101.2095540305672
0.04340576564333334,-3095.2065053874703
0.04286914381999999,-3089.2034566778057
0.043513090016666665,-3083.2004080347087
0.045874226086666664,-3077.1973593250445
0.04501563116666666,-3071.1943106819476
0.04598155047,-3065.191261972283
0.048235362176666664,-3059.188213329186
0.05177706629333334,-3053.185164686089
0.05156241757,-3047.1821160429918
0.05553341914999999,-3041.1790673333276
0.05649933845333333,-3035.1760186902306
0.05821652833000001,-3029.172969980566
0.05875315016333333,-3023.169921337469
0.05864582579,-3017.166872627805
0.059611745093333335,-3011.1638239847075
0.06250950301666668,-3005.1607752750433
0.06293880049333334,-2999.1577266319464
0.06326077358,-2993.154677988849
0.06336809795666666,-2987.151629345752
0.06315344922333334,-2981.148580636088
0.06411936853666667,-2975.1455319929905
0.06401204417333332,-2969.1424832833263
0.06347542236999999,-2963.1394346402294
0.06218752992333334,-2957.1363859305648
0.062080205576666665,-2951.133337287468
0.059504420753333336,-2945.130288644371
0.06283147614666666,-2939.1272400012735
0.06154358374,-2933.1241912916093
0.06218752995333334,-2927.1211426485124
0.06057766443999999,-2921.118093938848
0.06143625937,-2915.115045295751
0.060148366986666674,-2909.1119965860867
0.06197288124666667,-2903.1089479429897
0.06047034011333333,-2897.105899233325
0.059397096446666665,-2891.102850590228
0.05928977209,-2885.0998019471313
0.058753150266666665,-2879.096753304034
0.058216528446666665,-2873.0937045943697
0.05735793351333333,-2867.0906559512728
0.05843117720666666,-2861.087607241608
0.05757258226333333,-2855.084558598511
0.05810920412799999,-2849.081509888847
0.05907512341333334,-2843.0784612457496
0.06047034018,-2837.0754125360854
0.06014836707666666,-2831.0723638929885
0.06014836706333334,-2825.069315249891
0.06165090823666667,-2819.066266540227
0.061114286366666666,-2813.06321789713
0.060577664559999994,-2807.0601691874654
0.06089963767333333,-2801.0571205443684
0.06047034020666666,-2795.0540718347042
0.06208020575333334,-2789.051023191607
0.06036301589,-2783.0479744819427
0.05961174533233333,-2777.0449258388458
0.05928977218833333,-2771.0418771957484
0.058753150398,-2765.0388285526515
0.05939709660166667,-2759.0357798429873
0.05971906971033333,-2753.03273119989
0.06014836718799999,-2747.0296824902257
0.061972881413333326,-2741.026633847129
0.06229485450333333,-2735.023585137464
0.06304612507333333,-2729.020536494367
0.06315344942,-2723.0174878512703
0.06465599056,-2717.0144392081734
0.06347542250666667,-2711.0113904985087
0.06487063926333332,-2705.008341855412
0.06648050476333334,-2699.0052931457476
0.0679830459,-2693.0022445026502
0.06819769463666667,-2686.999195792986
0.06637318036333334,-2680.996147149889
0.06819769461333333,-2674.9930984402245
0.06723177530666667,-2668.9900497971275
0.06851966772333333,-2662.9870011540306
0.06798304584333334,-2656.9839525109332
0.06894896515666667,-2650.980903801269
0.07002220882333333,-2644.977855158172
0.07216869617666667,-2638.9748064485075
0.07313461552,-2632.9717578054106
0.07184672312,-2626.9687090957464
0.07345658861333333,-2620.965660452649
0.07377856172,-2614.962611742985
0.06970023571,-2608.959563099888
0.07517377850333333,-2602.9565144567905
0.07388588610333334,-2596.9534658136936
0.07495912979666666,-2590.9504171040294
0.07517377852,-2584.9473684609325
0.07538842730999999,-2578.944319751268
0.07646167098333333,-2572.941271108171
0.07635434663333333,-2566.9382223985067
0.07721294156666665,-2560.9351737554093
0.07817886091,-2554.932125045745
0.07871548270999999,-2548.929076402648
0.08107661883999999,-2542.926027759551
0.08150591634333333,-2536.922979116454
0.08118394328333334,-2530.9199304067897
0.08333043068,-2524.9168817636923
0.08494029617999999,-2518.913833054028
0.08536959368000001,-2512.9107844109312
0.08569156682666668,-2506.9077357012666
0.08837467608999999,-2500.9046870581697
0.08826735172,-2494.9016384150727
0.08934059546333334,-2488.8985897719754
0.09180905592000001,-2482.895541062311
0.09202370468666667,-2476.8924924192142
0.09245300220000001,-2470.8894437095496
0.09245300219666668,-2464.8863950664527
0.0939555434,-2458.8833463567885
0.09417019217000001,-2452.880297713691
0.09578005769333332,-2446.877249004027
0.09631667956666667,-2440.87420036093
0.09706795015999999,-2434.8711517178326
0.09857049136,-2428.8681030747357
0.09771189635666667,-2422.8650543650715
0.09696062575333335,-2416.8620057219746
0.09792654512666665,-2410.85895701231
0.09899978878666667,-2404.855908369213
0.09696062575333335,-2398.852859659549
0.09556540899666666,-2392.8498110164514
0.09599470646666668,-2386.8467623067872
0.09459948966,-2380.8437136636903
0.09427751656333334,-2374.840665020593
0.09406286783333334,-2368.837616377496
0.09266765103666665,-2362.834567667832
0.09320427290666666,-2356.831518958167
0.09116510987666666,-2350.8284703150703
0.09041383932000001,-2344.825421605406
0.09030651491000001,-2338.8223729623087
0.08858932501333333,-2332.8193242526445
0.08676481072000002,-2326.8162756095476
0.08579889138666667,-2320.81322696645
0.08622818888666667,-2314.8101783233533
0.08526226959333333,-2308.807129613689
0.08225718722033333,-2302.8040809705917
0.08225718722000001,-2296.8010322609275
0.08096929482033334,-2290.7979836178306
0.08172056543866667,-2284.794934908166
0.080754646113,-2278.791886265069
0.08021802428133333,-2272.788837621972
0.080218024306,-2266.7857889788747
0.080003375546,-2260.7827402692105
0.07925210492466667,-2254.7796916261136
0.07753491502933334,-2248.7766429164494
0.07957407803,-2242.773594273352
0.079681402351,-2236.770545563688
0.08021802418666667,-2230.767496920591
0.08129126786,-2224.7644482109263
0.08161324091333333,-2218.7613995678294
0.08418902573333333,-2212.7583509247324
0.08290113328666666,-2206.755302281635
0.08365240381333333,-2200.752253571971
0.08655016173666667,-2194.749204928874
0.08676481043,-2188.7461562192093
0.08730143222999999,-2182.7431075761124
0.08848200023666668,-2176.740058866448
0.08987721699333333,-2170.737010223351
0.09095046065333334,-2164.7339615136866
0.09084313625666667,-2158.7309128705897
0.08944791946000001,-2152.7278642274923
0.09052116312333335,-2146.7248155843954
0.09105778495666667,-2140.721766874731
0.09084313622666666,-2134.718718231634
0.09095046057333334,-2128.7156695219696
0.09159440676999998,-2122.7126208788727
0.09298962358333333,-2116.709572169208
0.09288229919666667,-2110.706523526111
0.09234567735333332,-2104.703474816447
0.09513611093,-2098.7004261733496
0.09406286724,-2092.6973775302527
0.09352624536666666,-2086.6943288871557
0.09256032603333335,-2080.6912801774915
0.09191637983666667,-2074.688231534394
0.09245300172666666,-2068.68518282473
0.08998454120333332,-2062.682134181633
0.0906284874,-2056.6790854719684
0.08816002693666665,-2050.6760368288715
0.08858932440333334,-2044.6729881857743
0.08891129749666665,-2038.6699395426774
0.08687213450333332,-2032.666890833013
0.08676481013333333,-2026.6638421899158
0.08590621520000001,-2020.6607934802516
0.08494029588333334,-2014.6577448371545
0.08526226897333333,-2008.65469612749
0.08311578162000001,-2002.6516474843932
0.08547691773999999,-1996.6485987747287
0.08096929428333334,-1990.6455501316316
0.08375972784,-1984.6425014885347
0.08129126737333332,-1978.6394528454375
0.08118394303333333,-1972.636404135773
0.08300845728333334,-1966.6333554926762
0.08107661866,-1960.6303067830117
0.08214986236333334,-1954.6272581399148
0.08129126741666667,-1948.6242094302504
0.08214986235666667,-1942.6211607871533
0.08268648422000001,-1936.618112077489
0.08032534810666667,-1930.615063434392
0.08053999687,-1924.6120147912948
0.07817886076,-1918.6089661481979
0.07882280699,-1912.6059174385334
0.07817886078000001,-1906.6028687954363
0.07850083391333333,-1900.599820085772
0.07946675322,-1894.5967713761077
0.07764223897333333,-1888.5937227330105
0.07732026590333334,-1882.5906740233463
0.07817886084333332,-1876.5876253802492
0.07528110296,-1870.5845767371522
0.07689096846333333,-1864.581528094055
0.07753491467,-1858.5784793843907
0.0778568878,-1852.5754307412938
0.07678364409666667,-1846.5723820316293
0.07581772476666666,-1840.5693333885322
0.07678364409999999,-1834.566284678868
0.07796421216666667,-1828.5632360357708
0.07850083400333334,-1822.5601873926737
0.07742759030666667,-1816.5571387495768
0.07785688778,-1810.5540900399124
0.07925210458333333,-1804.5510413968154
0.07785688778,-1798.547992687151
0.07968140205333334,-1792.5449440440539
0.08043267255999999,-1786.5418953343897
0.07774956338333333,-1780.5388466912925
0.07903745581333332,-1774.535797981628
0.07903745578666667,-1768.5327493385312
0.07828618521666668,-1762.529700695434
0.07796421209,-1756.5266520523369
0.07839350953333334,-1750.5236033426727
0.07742759022666666,-1744.5205546995755
0.07935942884,-1738.5175059899111
0.07957407758,-1732.5144573468142
0.08064732125,-1726.5114086371498
0.08086196999666666,-1720.5083599940529
0.08032534811666668,-1714.5053112843884
0.08129126742,-1708.5022626412913
0.08043267248333334,-1702.4992139981944
0.08182788925666666,-1696.4961653550972
0.08011069935666666,-1690.4931166454328
0.08107661865999999,-1684.4900680023359
0.07968140188333334,-1678.4870192926714
0.07764223885,-1672.4839706495743
0.07774956322,-1666.48092193991
0.07807153634666666,-1660.477873296813
0.07764223884999999,-1654.4748245871485
0.07721294137333333,-1648.4717759440516
0.07603237333333333,-1642.4687273009545
0.07646167080666666,-1636.4656786578576
0.07399321033666667,-1630.4626299481931
0.07345658847666667,-1624.459581305096
0.07399321031333332,-1618.4565325954318
0.07281264227666666,-1612.4534839523346
0.07141742548333334,-1606.4504352426702
0.07023685743000001,-1600.4473865995733
0.06894896501,-1594.4443379564761
0.06755374823,-1588.441289313379
0.06733909948333333,-1582.4382406037148
0.06572923397666668,-1576.4351919606177
0.06572923396333334,-1570.4321432509532
0.06615853143333333,-1564.4290946078563
0.06336809787,-1558.426045898192
0.06529993649,-1552.422997255095
0.06422669280666667,-1546.4199485454305
0.06465599027333334,-1540.4168999023334
0.06369007096333333,-1534.4138512592365
0.06433401717,-1528.4108026161393
0.06347542222333334,-1522.407753906475
0.06369007096333333,-1516.404705263378
0.06336809786,-1510.4016565537136
0.06218752981666666,-1504.3986079106164
0.06293880038666666,-1498.3955592009522
0.06347542222333334,-1492.392510557855
0.06250950292,-1486.3894618481906
0.062080205453333336,-1480.3864132050937
0.06122161051666667,-1474.3833645619966
0.06154358362,-1468.3803159188997
0.06025569122,-1462.3772672092352
0.06004104249666667,-1456.374218566138
0.05821652825,-1450.371169856474
0.05800187953666667,-1444.3681212133768
0.05950442068333334,-1438.3650725037123
0.05639201403666666,-1432.3620238606154
0.05757258208666666,-1426.358975150951
0.05725060899333334,-1420.3559265078538
0.057679906466666674,-1414.352877864757
0.05950442073,-1408.3498291550925
0.05757258212666666,-1402.3467805119953
0.05682131156,-1396.3437318023311
0.05971906949,-1390.340683159234
0.059075123296666664,-1384.3376344495698
0.061114286280000006,-1378.3345858064727
0.06025569135333333,-1372.3315371633755
0.06186555685333334,-1366.3284885202786
0.06283147618333333,-1360.3254398106142
0.06326077366333334,-1354.322391167517
0.06347542241666666,-1348.3193424578528
0.06240217874666667,-1342.3162938147557
0.06315344934333333,-1336.3132451050913
0.06358274683666666,-1330.3101964619943
0.06562190982,-1324.30714775233
0.06508528799333334,-1318.3040991092328
0.06572923421,-1312.3010504661358
0.06862699214666666,-1306.2980018230387
0.06819769470999999,-1300.2949531133745
0.06658782917666667,-1294.2919044702774
0.06980756026666667,-1288.288855760613
0.06894896531333333,-1282.285807117516
0.06980756027333333,-1276.2827584078516
0.07055883085666666,-1270.2797097647544
0.06970023591333334,-1264.2766610550902
0.07012953340666667,-1258.273612411993
0.07141742579666667,-1252.270563768896
0.06948558722999999,-1246.267515125799
0.07088080398,-1240.2644664161346
0.07227602079333333,-1234.2614177730377
0.07270531823,-1228.2583690633733
0.07345658883333334,-1222.2553204202761
0.07238334513,-1216.252271710612
0.07506645435666666,-1210.2492230675148
0.07581772491000001,-1204.2461743578504
0.07710561731,-1198.2431257147534
0.08000337524666666,-1192.2400770716563
0.07721294170333333,-1186.2370284285591
0.08000337526666666,-1180.233979718895
0.08107661894,-1174.2309310757978
0.08386705248333333,-1168.2278823661334
0.08515494495333333,-1162.2248337230365
0.08687213485333334,-1156.221785013372
0.08547691808,-1150.218736370275
0.08751608105333335,-1144.215687727178
0.08805270288666667,-1138.2126390840808
0.08837467605,-1132.2095903744166
0.08783805421333335,-1126.2065417313195
0.08912594661666667,-1120.203493021655
0.08966256851666667,-1114.2004443785581
0.08923327101666667,-1108.1973956688937
0.08998454158666667,-1102.1943470257966
0.09030651469333333,-1096.1912983161324
0.09202370453333335,-1090.1882496730352
0.09427751628666665,-1084.185201029938
0.09470681373333334,-1078.1821523868412
0.09502878683333334,-1072.1791036771767
0.09685330111333335,-1066.1760550340798
0.09631667927666666,-1060.1730063244154
0.0982485179,-1054.1699576813182
0.09953641031666667,-1048.166908971654
0.10028768091333333,-1042.163860328557
0.09953641035333334,-1036.1608116188925
0.10103895154000002,-1030.1577629757955
0.10060965408,-1024.1547143326984
0.10050232969999999,-1018.1516656896014
0.10093162719333333,-1012.148616979937
0.10329276330333333,-1006.1455683368399
0.10168289778999999,-1000.1425196271756
0.10179022215333333,-994.1394709840786
0.10275614150333334,-988.1364222744141
0.10318543899333332,-982.1333736313171
0.10500995329333333,-976.1303249216528
0.10458065582666666,-970.1272762785557
0.10683446756333333,-964.1242276354586
0.10855165746333333,-958.1211789923616
0.10930292809666665,-952.1181302826973
0.11112744236666668,-946.1150815730329
0.11155673986666666,-940.1120329299358
0.11359590286666667,-934.1089842202715
0.1157423903,-928.1059355771744
0.11520576846666668,-922.1028869340773
0.11745958026999999,-916.0998382909803
0.11971339203666669,-910.096789581316
0.12078663570666666,-904.0937409382188
0.12185987944,-898.0906922285545
0.12293312311333333,-892.0876435854575
0.12357706934666668,-886.0845948757931
0.12346974507333335,-880.081546232696
0.12507961061333334,-874.0784975230317
0.12626017870999998,-868.0754488799347
0.12754807112,-862.0724002368376
0.12969455861333334,-856.0693515937405
0.13130442416,-850.0663028840762
0.13012385606,-844.0632542409792
0.13098245102666667,-838.0602055313148
0.13076780226333334,-832.0571568882177
0.13323626282666667,-826.0541081785534
0.13345091157,-820.0510595354563
0.13302161406333335,-814.048010825792
0.13291428972666666,-808.0449621826949
0.13398753345666667,-802.0419135395979
0.13484612848666666,-796.0388648965007
0.13355823601666666,-790.0358161868364
0.13430950665,-784.0327675437394
0.13602669664666667,-778.029718834075
0.13516810164666668,-772.0266701909779
0.13591937224333334,-766.0236214813136
0.13634866977666668,-760.0205728382166
0.13516810170333335,-754.0175241285522
0.13709994043333332,-748.0144754854551
0.13645599423333332,-742.0114268423581
0.13538275056333335,-736.008378199261
0.13549007499333332,-730.0053294895966
0.13624134556,-724.0022808464996
0.13570472376,-717.9992321368353
0.13570472379333334,-711.9961834937382
0.13667064319333333,-705.9931347840738
0.13667064312666666,-699.9900861409768
0.13656331886,-693.9870374978797
0.13731458952666667,-687.9839888547826
0.13645599452999999,-681.9809401451183
0.13742191403333334,-675.9778915020213
0.1364559947,-669.9748427923569
0.13581204853666665,-663.9717941492598
0.13570472406666667,-657.9687454395955
0.13688529216666667,-651.9656967964984
0.13656331907,-645.9626480868341
0.13634867037,-639.959599443737
0.13591937294,-633.95655080064
0.13742191406666668,-627.9535021575429
0.13924642836666667,-621.9504534478785
0.14010502336333333,-615.9474048047815
0.13935375266333333,-609.9443560951171
0.14042699636,-603.94130745202
0.14096361812666666,-597.9382587423557
0.14042699629333333,-591.9352100992587
0.14031967186000002,-585.9321613895943
0.14289545676,-579.9291127464973
0.14085629366,-573.9260641034002
0.14192953732666666,-567.9230154603032
0.14107094235999998,-561.9199667506388
0.14074896919333332,-555.9169181075417
0.14235883473,-549.9138693978774
0.14128559099333335,-543.9108207547803
0.14192953713333334,-537.907772045116
0.14214418586666666,-531.9047234020189
0.14321742957,-525.9016746923545
0.14203686143666666,-519.8986260492575
0.14225151023666668,-513.8955774061604
0.14203686140666666,-507.89252876306335
0.14257348327666666,-501.88948005339904
0.14074896885000002,-495.88643141030195
0.14182221261333333,-489.8833827006376
0.14214418566,-483.88033405754055
0.14107094195666667,-477.8772853478762
0.14074896882666665,-471.87423670477915
0.1368852913366667,-465.87118806168206
0.14235883425666665,-459.86813935201775
0.14300278054666668,-453.86509070892066
0.14246615865333334,-447.8620419992563
0.14343207798666668,-441.85899335615926
0.14461264606666668,-435.8559446464949
0.14396869982666669,-429.85289600339786
0.14504194356,-423.8498472937335
0.14461264600999998,-417.84679865063646
0.14396869980666668,-411.84375000753937
0.14396869977666668,-405.84070136444234
0.14536391661666667,-399.83765265477797
0.14600786279666667,-393.8346040116809
0.14632983588333334,-387.83155530201657
0.14718843090333333,-381.8285066589195
0.1484763233466667,-375.82545794925517
0.14987154014333334,-369.8224093061581
0.14836899893666666,-363.8193605964937
0.15158873008999998,-357.8163119533967
0.15319859564000002,-351.8132633102996
0.15416451500999998,-345.81021466720256
0.15373521753666666,-339.8071659575382
0.15448648807666668,-333.80411731444116
0.15555973184000002,-327.8010686047768
0.15631100243333332,-321.79801996167976
0.15663297557333333,-315.7949712520154
0.1602820042,-309.7919226089183
0.15910143606666668,-303.788873899254
0.16017467983333333,-297.7858252561569
0.16167722103333335,-291.78277661305987
0.16382370846666666,-285.7797279699628
0.16328708663333333,-279.77667926029847
0.16521892536666669,-273.7736306172014
0.1661848447,-267.770581907537
0.1653262497,-261.76753326444
0.16650681783333332,-255.7644845547756
0.1662921691,-249.76143591167855
0.16693611533333333,-243.7583872685815
0.1677947103,-237.75533862548446
0.16790203466666667,-231.75228991582009
0.16940457593333333,-225.74924127272303
0.17165838776666664,-219.74619256305868
0.17283895583333334,-213.74314391996162
0.17144373899999998,-207.74009521029726
0.17434149713333333,-201.7370465672002
0.17638066023333332,-195.73399785753585
0.17616601146666666,-189.7309492144388
0.17745390396666663,-183.72790057134173
0.17970771576666666,-177.72485192824468
0.18142490576666667,-171.72180321858033
0.1812102570333333,-165.71875457548327
0.18303477143333335,-159.7157058658189
0.1821761764333333,-153.71265722272184
0.18410801523333334,-147.7096085130575
0.18539590766666666,-141.70655986996044
0.1873277464333333,-135.7035111602961
0.1878643683,-129.70046251719904
0.1900108558,-123.69741387410198
0.19076212643333335,-117.69436523100492
0.1917280458,-111.69131652134057
0.1911914239,-105.68826787824351
0.19312326266666666,-99.68521916857915
0.19419650643333333,-93.68217052548209
0.1944111552,-87.67912181581774
0.19655764266666667,-81.67607317272068
0.19569904770000002,-75.67302446305632
0.20074329336666666,-69.66997581995928
0.20138723963333335,-63.66692717686222
0.20224583466666668,-57.66387853376516
0.20310442966666664,-51.6608298241008
0.20460697096666666,-45.65778118100374
0.2056802147,-39.654732471339386
0.2063241609666667,-33.651683828242334
0.2088999459666667,-27.648635118577978
0.2112610822333333,-21.64558647548092
0.21480278663333333,-15.642537832383862
0.21834449106666665,-9.639489189286806
0.21898843746666666,-3.6364404796224505
0.21952505926666666,2.3666082300419045
0.2233887368666667,8.369656873138961
0.22532057556666665,14.372705582803317
0.22811100943333332,20.375754225900373
0.22929157759999996,26.37880290228108
0.23122341636666666,32.38185154537814
0.23669695970000001,38.38490025504249
0.23637498653333333,44.38794889813955
0.23991669100000002,50.390997574520256
0.24238515169999997,56.394046217617316
0.2427071248,62.397094927281664
0.2450682612,68.40014357037873
0.24592685623333332,74.40319228004307
0.2476440461666667,80.40624092314013
0.2493612362666667,86.40928959952085
0.2508637775,92.4123382426179
0.2526882919666667,98.41538695228225
0.25193702133333334,104.41843559537931
0.2537615357333334,110.42148427176002
0.2553714014333333,116.42453291485708
0.25580069893333335,122.42758162452142
0.25665929390000003,128.43063026761848
0.257839862,134.43367894399918
0.2596643765,140.43672758709624
0.25987902513333333,146.4397762967606
0.26116691766666666,152.44282493985767
0.26159621513333337,158.445873649522
0.2633134052333333,164.44892229261907
0.26363537833333334,170.45197096899977
0.26653313650000005,176.45501961209683
0.2658891901333333,182.4580683217612
0.2670697583333333,188.46111696485826
0.26674778513333336,194.46416564123896
0.2663184876,200.46721428433602
0.26803567766666664,206.47026299400036
0.2682503263666667,212.47331163709742
0.2678210287666667,218.47636031347812
0.2681430018666667,224.47940895657518
0.26889427250000003,230.48245766623955
0.2702894893666667,236.48550630933659
0.26878694806666664,242.48855501900096
0.2705041381,248.49160366209802
0.2691089211,254.49465233847872
0.2714700574666667,260.49770098157575
0.2709334355333333,266.5007496912401
0.27265062563333337,272.5037983343372
0.27340189616666666,278.5068470107179
0.2737238693333333,284.50989565381497
0.2732945717,290.5129443634793
0.2754410592666667,296.51599300657637
0.27243597666666663,302.51904171624074
0.2746897886333333,308.52209035933777
0.2752264104666667,314.5251390357185
0.276514303,320.5281876788155
0.2767289518,326.5312363884799
0.2772655737,332.5342850315769
0.27909008809999997,338.53733370795766
0.27780219553333335,344.5403823510547
0.2799486832,350.54343106071906
0.2793047369,356.54647970381615
0.27973403439999994,362.5495283801968
0.2795193856,368.5525770232939
0.2813439001333333,374.5556257329582
0.2811292513333334,380.5586743760553
0.2812365757,386.5617230857197
0.28102192696666667,392.5647717288167
0.28391968523333333,398.56782040519744
0.2826317926333333,404.57086904829447
0.28488560459999995,410.57391775795884
0.28488560463333334,416.57696640105587
0.2820951707,422.5800150774366
0.2842416583333333,428.58306372053363
0.284134334,434.586112430198
0.2847782802666667,440.5891610732951
0.28402700956666665,446.59220974967576
0.2826317926333333,452.59525839277285
0.28520757773333333,458.59830710243716
0.28563687516666664,464.60135574553425
0.2872467408333333,470.6044044551986
0.2867101188666667,476.6074531315793
0.28660279450000004,482.6105017746764
0.28617349696666666,488.6135504843407
0.28713941633333334,494.6165991274378
0.28735406506666666,500.61964780381845
0.2876760381666667,506.62269644691554
0.28853463316666667,512.6257451565799
0.28810533563333335,518.6287937996769
0.2901444988,524.6318425093413
0.291325067,530.6348911524384
0.2896078768666666,536.6379398288191
0.29282760826666665,542.6409884719161
0.2942228252333334,548.6440371815805
0.29551071776666665,554.6470858246776
0.2959400153,560.6501345010582
0.2958326908666667,566.6531831441553
0.2977645297666667,572.6562318538197
0.2983011516666667,578.6592804969167
0.30012566613333336,584.6623291732974
0.2991597467,590.6653778163944
0.3002329905,596.6684265260589
0.29991101736666664,602.6714751691559
0.302057505,608.6745238788202
0.30270145123333336,614.6775725219173
0.3028087756333333,620.680621198298
0.30334539753333334,626.683669841395
0.3057065339,632.6867185510594
0.30484793886666667,638.6897671941565
0.3060285070666667,644.6928158705372
0.3067797777333333,650.6958645136342
0.30903358973333334,656.6989132232986
0.3094628872333333,662.7019618663957
0.3094628872333333,668.7050105427763
0.31042880663333333,674.7080591858734
0.3116093748333333,680.7111078955378
0.3125752943,686.7141565386348
0.3138631868333333,692.7172052482991
0.31547305256666663,698.7202538913963
0.3153657282,704.723302567777
0.316438972,710.726351210874
0.3189074327666666,716.7293999205383
0.3188001084,722.7324485636354
0.3172975670666667,728.7354972400161
0.3185854596333333,734.7385458831131
0.3191220815333333,740.7415945927776
0.31965870343333336,746.7446432358746
0.31976602783333336,752.7476919455389
0.3180488377333333,758.750740588636
0.31965870346666664,764.7537892650167
0.3194440547,770.7568379081138
0.32126856916666674,776.7598866177781
0.32169786673333334,782.7629352608752
0.3215905423666667,788.7659839372559
0.32169786673333334,794.7690325803529
0.3230930837,800.7720812900172
0.3233077325,806.7751299331144
0.3223418130333333,812.7781786094951
0.32212716426666665,818.7812272525921
0.32405900313333336,824.7842759622565
0.32320040813333334,830.7873246053535
0.3242736519666667,836.7903733150179
0.3239516787666667,842.7934219581149
0.3236297056333333,848.7964706344957
0.325132247,854.7995192775927
0.32534689580000004,860.802567987257
0.32620549086666667,866.805616630354
0.3242736519666667,872.8086653067348
0.32330773253333334,878.8117139498319
0.3254542202333333,884.8147626594962
0.32534689583333337,890.8178113025933
0.32631281523333333,896.820859978974
0.3271714103,902.823908622071
0.3268494371333333,908.8269573317355
0.327922681,914.8300059748325
0.32867395169999997,920.8330546844968
0.32942522236666666,926.8361033275938
0.3296398711,932.8391520039746
0.3309277637,938.8422006470716
0.3326449538333333,944.845249356736
0.33382552206666666,950.8482980331167
0.33457679273333335,956.8513466762138
0.3361866584666666,962.8543953858781
0.3361866584666667,968.8574440289751
0.3371525779,974.8604927386396
0.33822582176666666,980.8635413817366
0.3400503362666667,986.8665900581173
0.34230414833333334,992.8696387012143
0.3442359872333333,998.8726874108787
0.3465971236666667,1004.8757360539757
0.34885093570000003,1010.8787847303564
0.3523926404,1016.8818333734536
0.3538951818,1022.8848820831179
0.35604166946666665,1028.887930726215
0.35550504749999995,1034.8909794025956
0.3621591594,1040.8940280456927
0.36548621530000003,1046.8970767553571
0.3696718663333334,1052.900125398454
0.37375019293333334,1058.9031741081185
0.3785797903333333,1064.9062227512154
0.3849119291,1070.9092714275962
0.38866828263333336,1076.9123200706933
0.3918880142,1082.9153687803575
0.3971469091666667,1088.9184174234547
0.4015472090666667,1094.9214660998355
0.4064841309,1100.9245147429324
0.41024048450000006,1106.9275634525968
0.41453345999999996,1112.930612095694
0.42065095016666665,1118.9336607720745
0.42880760376666666,1124.9367094151717
0.43202733546666666,1130.939758124836
0.4379301769333333,1136.942806767933
0.4411499086333333,1142.9458554775974
0.4464088038333333,1148.9489041206944
0.4500578331,1154.9519527970751
0.45553137713333336,1160.9550014401723
0.46068294793333336,1166.9580501498365
0.4672297359,1172.9610987929336
0.47592301173333335,1178.9641474693144
0.4838650169,1184.9671961124113
0.4894458853666667,1190.9702448220758
0.4956707003333333,1196.973293465173
0.5020028397,1202.976342174837
0.5085496278333334,1208.9793908179342
0.5140231721,1214.982439494315
0.5206772847000001,1220.985488137412
0.526687451,1226.9885368470764
0.5367759445666667,1232.9915854901733
0.5438593548666666,1238.994634166554
0.5541624971666668,1244.9976828096512
0.5609239344999999,1251.0007315193154
0.5681146693666667,1257.0037801624126
0.5744468091,1263.0068288387934
0.5826034637333334,1269.0098774818903
0.5904381450999999,1275.0129261915547
0.5964483118,1281.0159748346518
0.6067514545999999,1287.019023544316
0.6161960024333334,1293.0220721874132
0.6229574400333334,1299.0251208637937
0.6366949641,1305.028169506891
0.6448516191000001,1311.0312182165553
0.6519350301333334,1317.0342668596522
0.6594477388333334,1323.037315536033
0.6683556649333333,1329.0403641791302
0.6750097784000001,1335.0434128887944
0.6842396777333333,1341.0464615318915
0.6920743599333333,1347.0495102082723
0.7025921526333333,1353.0525588513692
0.7103195105000001,1359.0556075610336
0.7231984402666667,1365.0586562041308
0.7318917180666666,1371.061704913795
0.7377945609,1377.0647535568921
0.7458438924333333,1383.0678022332727
0.7530346285,1389.0708508763698
0.7617279064333333,1395.0738995860343
0.7695625892,1401.0769482291312
0.7780412184666666,1407.079996905512
0.7873784434666667,1413.083045548609
0.7987548321333334,1419.0860942582733
0.8081993815333334,1425.0891429679377
0.8149608204,1431.0921916110349
0.8214002859666666,1437.0952402874154
0.8288056714,1443.0982889305126
0.8348158393666667,1449.101337640177
0.8410406562333334,1455.104386283274
0.8457629311,1461.1074349596547
0.8532756411000001,1467.1104836027516
0.8590711606333333,1473.113532312416
0.8663692218666667,1479.1165809555132
0.8728086875666667,1485.1196296318938
0.8789261802,1491.122678274991
0.8843997263666665,1497.1257269846553
0.8880487570666666,1503.1287756277522
0.8948101965333333,1509.1318243374167
0.8973859829,1515.1348729805138
0.9024302314,1521.1379216568944
0.9064012355333334,1527.1409702999915
0.9127333774,1533.144019009656
0.9168117061666666,1539.1470676527529
0.9226072256333332,1545.1501163291337
0.9262562564333333,1551.1531649722306
0.9288320432666667,1557.156213681895
0.9330176963,1563.1592623249921
0.9345202385333334,1569.1623110013727
0.9394571627666667,1575.1653596444698
0.9413890027999999,1581.1684083541343
0.9429988694333332,1587.1714569972312
0.9471845229333334,1593.1745057068956
0.9531946914999999,1599.1775543499928
0.9553411803333333,1605.1806030263733
0.9565217492999999,1611.1836516694705
0.9594195090666666,1617.186700379135
0.9595268335,1623.1897490222318
0.9627465667999999,1629.1927976986126
0.9642491090666668,1635.1958463417095
0.9640344602666667,1641.198895051374
0.9645710823333333,1647.201943694471
0.9652150294,1653.2049924041353
0.9667175714333333,1659.2080410472324
0.9658589760000001,1665.2110897236132
0.9660736250666666,1671.2141383667101
0.9652150294333334,1677.2171870763746
0.9631758649333332,1683.2202357194717
0.9643564337333332,1689.2232843958523
0.9611367006666667,1695.2263330389494
0.959312185,1701.2293817486138
0.9579169671333334,1707.2324303917107
0.955233856,1713.2354790680915
0.9516921491333333,1719.2385277111885
0.9484724159333334,1725.2415764208529
0.9461112780666667,1731.24462506395
0.9455746557000001,1737.2476737736142
0.9418183004,1743.2507224167114
0.9392425137333333,1749.2537710930922
0.9376326472333334,1755.256819736189
0.9322664251666666,1761.2598684458535
0.9287247184333333,1767.2629170889506
0.9223925765666667,1773.2659657653312
0.9186362211666667,1779.2690144084283
0.9128407014666666,1785.2720631180928
0.9089770217999998,1791.2751117611897
0.9033961510666667,1797.2781604375705
0.8920197603333332,1803.2812090806674
0.8935223028666667,1809.2842577903318
0.8884780544,1815.287306433429
0.8834338059333334,1821.2903551430932
0.8772089888333333,1827.2934037861903
0.8705548738000001,1833.296452462571
0.8619689193000001,1839.299501105668
0.8575686176,1845.3025498153324
0.8512364761333333,1851.3055984584296
0.8461922279666666,1857.3086471348101
0.8402893843333333,1863.3116957779073
0.8342792163,1869.3147444875717
0.8293422924999999,1875.3177931306686
0.8234394490333333,1881.320841840333
0.8178585788333333,1887.32389048343
0.8093799489999999,1893.3269391598108
0.7995061019666666,1899.3299878694752
0.7945691784333334,1905.333036512572
0.7879150641666667,1911.336085188953
0.7795437592333333,1917.33913383205
0.7749288090333333,1923.3421825417142
0.7676307484333332,1929.3452311848114
0.7631231228,1935.3482798611922
0.7560397110666667,1941.351328504289
0.7501368679999999,1947.3543772139535
0.7411216168,1953.3574258570504
0.7323210145666667,1959.3604745667149
0.7279207134666666,1965.363523209812
0.7196567334999999,1971.3665718861926
0.7162223521333333,1977.3696205292897
0.7101048604333333,1983.3726692389541
0.7046313153333333,1989.375717882051
0.6977625528,1995.3787665584318
0.6919670344666667,2001.381815201529
0.6859568673666666,2007.3848639111932
0.6757610481666667,2013.3879125542903
0.6649212827333333,2019.390961230671
0.6596623866666667,2025.394009873768
0.6535448952666667,2031.3970585834325
0.6467834575,2037.4001072265294
0.6410952638666666,2043.4031559361938
0.6326166356999999,2049.4062045792907
0.6276797129666667,2055.4092532556715
0.6226354658666667,2061.412301898769
0.6161960015,2067.415350608433
0.6073954002666667,2073.41839925153
0.5973069062666666,2079.421447927911
0.5925846324666667,2085.4244965710077
0.5847499510666667,2091.4275452806723
0.5797057041333333,2097.4305939237693
0.5730515912333333,2103.4336426334335
0.5663974783333333,2109.436691276531
0.5599580142999999,2115.439739952911
0.5538405235,2121.4427885960085
0.5476157082666667,2127.4458373056727
0.5378491879666667,2133.4488859487697
0.5280826677666667,2139.4519346251504
0.5218578527333334,2145.454983268248
0.5145597937,2151.458031977912
0.5097301959333334,2157.461080621009
0.5022174882,2163.4641292973897
0.4969585928333333,2169.4671779404866
0.4901971559666667,2175.4702266501513
0.4842943142666667,2181.473275293248
0.4782841482333334,2187.4763240029124
0.46959087243333336,2193.47937264601
0.46197084050000004,2199.48242132239
0.45789251363333333,2205.4854699654875
0.4531702404,2211.4885186751517
0.44597950620000004,2217.4915673182486
0.4408279354,2223.4946159946294
0.4375008793,2229.4976646377263
0.43041746956666666,2235.500713347391
0.42590984523333336,2241.503761990488
0.41904108430000003,2247.5068106668687
0.4128162697333333,2253.5098593099656
0.40487426499999996,2259.5129080196302
0.4002593163333333,2265.515956662727
0.3957516921,2271.5190053723913
0.3888829313,2277.5220540154887
0.38534122656666664,2283.525102691869
0.3804043047666667,2289.5281513349664
0.3764333025,2295.5312000446306
0.37117440763333337,2301.5342486877275
0.3658081883333333,2307.5372973641083
0.3596906984666666,2313.5403460072052
0.35292926226666665,2319.54339471687
0.3519633428,2325.546443359967
0.34606050166666663,2331.549492069631
0.3433773921666667,2337.5525407127284
0.34037230943333335,2343.555589389109
0.33489876593333334,2349.558638032206
0.33167903439999996,2355.5616867418703
0.32781535666666667,2361.564735418251
0.3237370302,2367.567784061348
0.3186927842666667,2373.5708327710126
0.3151510796666666,2379.5738814141096
0.31021415813333336,2385.5769300904904
0.30753104863333336,2391.5799787335873
0.3036673709333333,2397.583027443252
0.30141355896666666,2403.586076086349
0.29808650323333336,2409.589124796013
0.29379352806666664,2415.59217343911
0.2921836624,2421.5952221154907
0.28488560459999995,2427.598270758588
0.2812365757,2433.6013194682523
0.2767289518,2439.6043681113492
0.27479711296666665,2445.60741678773
0.27093343533333336,2451.610465430827
0.26653313586666666,2457.6135141404916
0.2644939726666667,2463.6165627835885
0.26170353890000003,2469.6196114599693
0.25912775383333336,2475.622660103066
0.25601534686666666,2481.625708812731
0.2535468862333334,2487.628757455828
0.24860996486666664,2493.631806165492
0.24689277479999996,2499.634854808589
0.2444243142,2505.6379034849697
0.24131190723333337,2511.640952128067
0.23948739286666668,2517.6440008377313
0.23605301283333333,2523.647049480828
0.23412117406666666,2529.650098157209
0.23100876716666666,2535.653146800306
0.22939890143333333,2541.6561955099705
0.22489127769999998,2547.6592441530674
0.22199351956666669,2553.6622928294482
0.21931041013333333,2559.665341505829
0.21587603013333334,2565.66839018221
0.212119677,2571.6714388253067
0.21093910883333333,2577.674487534971
0.20643148513333334,2583.677536178068
0.20439232200000002,2589.6805848544486
0.2003139957333333,2595.683633497546
0.19763088643333335,2601.68668220721
0.19505510143333335,2607.689730850307
0.18764971963333332,2613.692779526688
0.18496661030000003,2619.695828169785
0.18142490600000002,2625.6988768794495
0.17841982353333333,2631.7019255225464
0.17219500993333334,2637.7049742322106
0.17015584679999998,2643.708022875308
0.16639949383333333,2649.7110715516883
0.1631797626333333,2655.7141201947857
0.1602820046,2661.71716890445
0.15555973223333333,2667.720217547547
0.14944224306666667,2673.7232662239276
0.14471997063333333,2679.726314867025
0.14214418576666668,2685.729363576689
0.13892445463333333,2691.732412219786
0.13785121091666666,2697.735460896167
0.13237766793,2703.7385095392638
0.13055315364333334,2709.7415582489284
0.12797736874333335,2715.7446068920253
0.12422101579333333,2721.7476556016895
0.12046466279333333,2727.750704244787
0.11692295854000001,2733.7537529211672
0.11520576864333333,2739.7568015642646
0.11037617192,2745.759850273929
0.10887363074666667,2751.7628989170257
0.10661981896666667,2757.7659475934065
0.10372206103666666,2763.768996236504
0.10146824920666668,2769.772044946168
0.10200487107333334,2775.775093589265
0.09696062568666668,2781.7781422989297
0.09578005761333334,2787.7811909420266
0.09341892148333332,2793.7842396184074
0.09137975846666667,2799.7872882615043
0.08891129791333334,2805.7903369711685
0.08837467607666667,2811.793385614266
0.08676481050666666,2817.796434290646
0.08526226933666668,2823.7994829337435
0.08418902563333334,2829.8025316434077
0.08300845756333333,2835.8055803197885
0.07989605086,2841.8086289628855
0.08000337521666667,2847.81167767255
0.07935942898333333,2853.814726315647
0.07882280712333334,2859.817775025311
0.07893013148333333,2865.8208236684086
0.07935942891333332,2871.823872344789
0.08053999698333333,2877.8269209878863
0.07753491464333333,2883.8299696975505
0.07817886081333333,2889.8330183406474
0.07742759021666668,2895.836067017028
0.07678364401,2901.839115660125
0.07506645411,2907.8421643697898
0.07560307591333333,2913.8452130128867
0.07485180531333334,2919.8482616892675
0.07388588598,2925.8513103323644
0.07345658851999999,2931.854359042029
0.07313461541666666,2937.857407685126
0.07088080366666666,2943.86045639479
0.0728126423,2949.8635050378875
0.07238334482666665,2955.866553714268
0.07034418182666667,2961.8696023573652
0.07163207423333334,2967.8726510670294
0.07173939859666667,2973.8756997101264
0.06916361376,2979.878748386507
0.06819769445,2985.881797029604
0.06669515329666666,2991.8848457392687
0.06680247766666665,2997.8878943823656
0.0654072609,3003.8909430587464
0.06465599032333334,3009.893991735127
0.0624021786,3015.897040411508
0.06218752986666667,3021.900089054605
0.06250950299666667,3027.903137764269
0.05993371816333332,3033.9061864073665
0.05821652830333333,3039.909235083747
0.05757258210999999,3045.912283726844
0.05746525775,3051.9153324365084
0.057894555236666666,3057.9183810796053
0.05821652833333333,3063.921429755986
0.055211446063333336,3069.924478399083
0.05607004099666666,3075.9275271087477
0.05746525780333333,3081.9305757518446
0.05531877047000001,3087.9336244615088
0.056821311640000004,3093.936673104606
0.05735793349333334,3099.939721780987
0.05692863602,3105.942770424084
0.05939709650333333,3111.945819133748
0.05564074364333333,3117.9488677768454
0.05800187975666667,3123.9519164532257
0.058431177179999995,3129.954965096323
0.05982639399333333,3135.9580138059873
0.06111428639333333,3141.9610624490842
0.06025569149666667,3147.964111125465
0.05993371837333333,3153.967159768562
0.06047034021666667,3159.9702084782266
0.06154358388000001,3165.9732571213235
0.059719069653333325,3171.9763058309877
0.060148367109999996,3177.979354474085
0.06143625952,3183.982403150466
0.06197288134,3189.985451793563
0.06358274684666666,3195.988500503227
0.06358274685333333,3201.9915491463244
0.06304612502666666,3207.9945978227047
0.06422669304666666,3213.997646465802
0.06422669305999999,3220.0006951754663
0.06637318040333333,3226.003743818563
0.06637318043333333,3232.006792494944
0.06680247791333334,3238.0098411713248
0.06680247791666667,3244.0128898477055
0.06690980224666668,3250.0159384908025
0.06830501904,3256.0189872004667
0.06894896524333334,3262.022035843564
0.06766107283999999,3268.025084519945
0.06851966779666667,3274.0281331630417
0.06841234343000001,3280.031181872706
0.06873431650999999,3286.0342305158033
0.06744642411,3292.0372791921836
0.06841234341333334,3298.040327835281
0.06905628959333333,3304.043376544945
0.06862699214666666,3310.0464252546094
0.07088080385666667,3316.049473897707
0.06948558708000001,3322.052522574087
0.07195404749999999,3328.0555712171845
0.07066615505666668,3334.0586199268487
0.07388588609999999,3340.0616685699456
0.07270531801666667,3346.0647172463264
0.07281264238333333,3352.0677658894238
0.07334926418666667,3358.070814599088
0.07452983222333333,3364.073863242185
0.07238334487666666,3370.0769119185657
0.07356391291666667,3376.0799605616626
0.07324193979,3382.0830092713272
0.07442250783,3388.086057914424
0.07216869609666667,3394.0891066240883
0.07055883057333334,3400.0921552671857
0.07109545239333333,3406.095203943566
0.07120277675333334,3412.0982525866634
0.07012953307333333,3418.1013012963276
0.06809037008333334,3424.1043499394245
0.06841234317333333,3430.1073986158053
0.06648050456666667,3436.1104472589027
0.06594388271,3442.113495968567
0.06540726088,3448.116544611664
0.06100696181,3454.1195932880446
0.060041042493333335,3460.1226419311415
0.060041042483333334,3466.125690640806
0.056499338370000006,3472.128739283903
0.055962716523333324,3478.1317879935673
0.056070040890000006,3484.1348366366647
0.05456749975333333,3490.137885313045
0.051455093106666676,3496.1409339561424
0.052742985533333335,3502.1439826658066
0.051347768749999995,3508.1470313089035
0.05102579565666667,3514.1500799852843
0.05113312003,3520.1531286283816
0.04866465959,3526.156177338046
0.04952325452666667,3532.1592259811428
0.05177706625333334,3538.1622746908074
0.04920128144666667,3544.1653233339043
0.04995255201333334,3550.168372010285
0.05081114696,3556.171420653382
0.051240444436666664,3562.1744693630462
0.051133120080000004,3568.1775180061436
0.049952552046666675,3574.180566682524
0.050274525156666666,3580.1836153256213
0.051240444456666666,3586.1866640352855
0.05048917389333333,3592.1897126783824
0.05145509321333333,3598.192761354763
0.051562417586666666,3604.1958099978606
0.05177706630333334,3610.198858707525
0.051991715046666664,3616.2019073506217
0.05327960745333334,3622.2049560602863
0.050596498283333326,3628.2080047033833
0.05338693184666667,3634.211053379764
0.05392355368666666,3640.214102022861
0.05478214859666666,3646.217150732525
0.05574806794666667,3652.2201993756225
0.056392014123333334,3658.223248052003
0.056284689766666667,3664.2262966951002
0.05875315022666666,3670.2293454047644
0.05810920400333334,3676.2323940478614
0.05778723091666666,3682.235442724242
0.05950442082333333,3688.238491400623
0.058967798960000005,3694.2415400770037
0.059719069560000004,3700.2445887201006
0.05993371829,3706.2476374297653
0.06014836702,3712.250686072862
0.06218752998666666,3718.253734749243
0.06401204425333333,3724.25678339234
0.06433401735333333,3730.259832102004
0.06583655852666666,3736.2628807451015
0.06658782909,3742.265929421482
0.06572923416,3748.268978064579
0.06626585599333333,3754.2720267742434
0.06572923420666667,3760.2750754173403
0.06884164080666667,3766.278124127005
0.06830501900666668,3772.281172770102
0.06830501901333334,3778.2842214464827
0.06798304592,3784.287270156147
0.06991488454666667,3790.2903187992442
0.07012953328666667,3796.2933674756246
0.06905628961,3802.296416118722
0.06927093833999999,3808.299464828386
0.06927093833666666,3814.302513471483
0.06991488453666667,3820.305562147864
0.06787572154,3826.3086107909608
0.06884164087,3832.3116595006254
0.06583655853333333,3838.3147081437223
0.06519261233666666,3844.3177568533865
0.06572923419666667,3850.320805496484
0.0659438829,3856.3238541728647
0.06583655853333333,3862.3269028159616
0.06422669300333333,3868.329951525626
0.06304612497333334,3874.3330001687227
0.06272415187000001,3880.3360488451035
0.0640120443,3886.339097488201
0.06390471993666667,3892.342146197865
0.06487063923000001,3898.345194840962
0.06336809810666666,3904.348243517343
0.06304612497333334,3910.3512921604397
0.06293880063666667,3916.3543408701044
0.06293880066666667,3922.3573895132013
0.06132893513333334,3928.3604382228655
0.06111428636666666,3934.363486865963
0.060577664536666666,3940.3665355423436
0.05939709646666667,3946.3695841854405
0.058109204069999996,3952.3726328951047
0.055855392336666664,3958.3756815382017
0.058645825900000004,3964.3787302145824
0.05392355373333333,3970.38177885768
0.05424552682,3976.384827567344
0.05317228310666666,3982.387876210441
0.05478214863666667,3988.3909249201056
0.05274298564,3994.3939735632025
0.053279607459999996,4000.3970222395833
0.051669741959999994,4006.40007088268
0.05038184953666667,4012.4031195923444
0.049952552059999995,4018.406168235442
0.05091847135666666,4024.4092169118226
0.050274525156666666,4030.4122655549195
0.04941593019999999,4036.4153142645837
0.048235362159999996,4042.4183629076806
0.04630352355333334,4048.4214115840614
0.045444928606666664,4054.4244602271588
0.04544492860333333,4060.427508936823
0.047376767203333336,4066.43055757992
0.04651817227333333,4072.4336062895845
0.046088874813333326,4078.4366549326814
0.045766901719999996,4084.4397036090622
0.048235362139999995,4090.442752252159
0.04684014537333333,4096.445800961824
0.04769874030333333,4102.448849604921
0.04769874030000001,4108.4518982813015
0.04791338902666667,4114.454946924398
0.04930860579666666,4120.457995634063
0.04866465959333333,4126.46104427716
0.04823536212000001,4132.464092953541
0.046840145343333334,4138.467141596638
0.050596498186666665,4144.470190306301
0.05027452508,4150.473238949399
0.05048917381,4156.476287659063
0.04995255197666667,4162.47933630216
0.05177706621,4168.482384978541
0.05231368804000001,4174.485433621639
0.05370890481333334,4180.488482331302
0.05209903930666667,4186.491530974399
0.051991714939999996,4192.49457965078
0.053172282980000006,4198.497628293877
0.05370890481999999,4204.500677003542
0.05338693172,4210.5037256466385
0.052099039310000005,4216.506774356303
0.05338693171666666,4222.5098229994
0.05370890481666666,4228.512871675781
0.05209903931333334,4234.515920318878
0.05134776874,4240.518969028542
0.05145509310666666,4246.522017671639
0.05199171494333333,4252.52506634802
0.05124044438,4258.528115057685
0.051240444376666666,4264.531163700782
0.050596498190000005,4270.5342123771625
0.05027452508666667,4276.537261020259
0.05027452508666667,4282.540309729923
0.05166974186,4288.543358373021
0.05145509312333333,4294.546407082685
0.050059876366666665,4300.549455725782
0.051025795670000006,4306.552504402162
0.05317228301333333,4312.555553045259
0.053386931746666665,4318.558601754924
0.05327960738666667,4324.561650398021
0.05424552669000001,4330.564699074402
0.05531877036,4336.567747717499
0.057894555173333334,4342.570796427163
0.05939709634333334,4348.57384507026
0.05832385266,4354.576893746641
0.058538501416666666,4360.579942389738
0.059182447613333335,4366.5829910994025
0.05993371818666667,4372.586039742499
0.05725060900666667,4378.589088452164
0.05714328465666666,4384.592137095261
0.05843117707333333,4390.595185771642
0.05746525777666667,4396.598234414739
0.058109204,4402.601283124403
0.057143284716666666,4408.6043317675
0.055640743580000006,4414.607380443881
0.05714328472666667,4420.610429086978
0.057679906596666664,4426.613477796643
0.05789455532999999,4432.61652643974
0.0571432848,4438.619575149403
0.05757258226666667,4444.6226237925
0.05649933856666667,4450.625672468881
0.052421012659999995,4456.628721111979
0.053172283220000005,4462.631769821643
0.05456749997666668,4468.6348184647395
0.056070041179999995,4474.63786714112
0.05649933864666667,4480.640915784217
0.05660666301333333,4486.643964493882
0.056177365586666674,4492.647013136979
0.057143284886666666,4498.65006181336
0.05778723104333333,4504.6531104564565
0.05843117724333333,4510.656159166121
0.058431177279999996,4516.659207809218
0.05832385291333333,4522.662256518883
0.05735793359,4528.66530516198
0.05843117724666667,4534.66835383836
0.05746525791999999,4540.671402481457
0.05789455542,4546.674451191122
0.05832385288333333,4552.677499834219
0.058109204116666674,4558.6805485106
0.05800187974666667,4564.683597153697
0.05810920411666667,4570.686645863361
0.05725060915,4576.689694506458
0.05821652844333334,4582.692743182839
0.05649933858,4588.695791825936
0.05832385281,4594.6988405356005
0.05714328474,4600.7018891786975
0.06004104266666666,4606.704937888361
0.05993371829666666,4612.707986531458
0.06197288125666667,4618.711035207839
0.06165090815666666,4624.714083850937
0.06132893502,4630.7171325606005
0.06326077361666665,4636.720181203697
0.06250950304666666,4642.723229880078
0.06347542232333332,4648.726278523175
0.06347542231666667,4654.72932723284
0.06379739541333333,4660.732375875937
0.06487063909666667,4666.735424585601
0.06637318024,4672.738473228698
0.06755374827333334,4678.741521905079
0.06744642391,4684.744570548176
0.06594388277,4690.747619257841
0.06916361380333334,4696.7506679009375
0.06937826254333333,4702.753716577318
0.07120277679666666,4708.756765220415
0.07281264233,4714.75981393008
0.07324193981333334,4720.762862573177
0.07302729109,4726.765911249558
0.07635434649666667,4732.768959959221
0.07624702216,4738.772008602319
0.07624702216333333,4744.775057311983
0.07828618518666668,4750.77810595508
0.07903745577333333,4756.781154631461
0.08064732132666667,4762.784203274558
0.07946675327,4768.787251984222
0.08053999698,4774.790300627319
0.08193521378666667,4780.7933493037
0.08236451126333333,4786.796397946797
0.08204253817,4792.799446656461
0.08139859197666667,4798.802495299558
0.08279380881,4804.805543975939
0.08343775501,4810.808592619036
0.08322310627666667,4816.811641328701
0.07968140212666668,4822.814689971798
0.08204253833333333,4828.817738681462
0.08193521393333333,4834.820787324559
0.08268648453666667,4840.82383600094
0.08182788960666666,4846.826884644037
0.08204253838333332,4852.829933353702
0.08182788965,4858.8329819967985
0.08214986274666668,4864.836030673179
0.08225718712,4870.839079316276
0.08139859218666667,4876.842128025941
0.08107661909666666,4882.845176669038
0.08161324095666667,4888.8482253787015
0.08118394345333334,4894.851274021799
0.08408170144666667,4900.854322698179
0.08375972836000001,4906.857371341277
0.08375972831333334,4912.860420050941
0.08322310652666666,4918.863468694038
0.08655016195,4924.8665173704185
0.08676481067000001,4930.869566013515
0.08869664933999999,4936.87261472318
0.08837467623999999,4942.875663366277
0.08901862249333332,4948.878712042658
0.08923327121666667,4954.881760685755
0.08944791990333334,4960.884809395419
0.08944791994666666,4966.887858038516
0.09084313675333333,4972.890906748181
0.08826735190333333,4978.893955391278
0.09052116367,4984.897004067659
0.08987721745666666,4990.9000527107555
0.08837467624666666,4996.90310142042
0.08687213516999999,5002.906150063517
0.08697945946333334,5008.909198739898
0.08655016205333332,5014.912247382995
0.08676481074333332,5020.915296092659
0.08612086458333333,5026.918344735756
0.08622818897000001,5032.921393412137
0.08590621586666668,5038.924442055234
0.08333043101333333,5044.927490764899
0.08451099908366666,5050.930539407996
0.08343775538000002,5056.933588117659
0.08193521423266666,5062.936636760757
0.08257916040033333,5068.939685437137
0.08107661919666666,5074.942734080235
0.08075464609500001,5080.945782789899
0.08075464609333333,5086.948831432996
0.08053999741766667,5092.951880109376
0.08086197046,5098.954928752473
0.07871548309366667,5104.957977462138
0.07935942931666667,5110.961026105235
0.07903745616666667,5116.9640748148995
0.07796421252666667,5122.967123457996
0.07678364443,5128.970172134377
0.07495913018333333,5134.973220777474
0.07613969826166667,5140.976269487139
0.07431518394,5146.979318130236
0.07388588651033333,5152.9823668066165
0.07431518396666666,5158.985415449713
0.07313461592333333,5164.988464159378
0.07549575202,5170.991512802475
0.07313461595333333,5176.994561478856
0.07313461596333333,5182.997610121953
0.07399321089000001,5189.000658831617
0.07452983274333333,5195.003707474714
0.07517377897333334,5201.006756184378
0.07592504953,5207.009804860759
0.07613969828333333,5213.012853503857
0.07989605121,5219.01590221352
0.07796421254333334,5225.018950856617
0.08043267303,5231.021999532998
0.08139859233,5237.025048176095
0.08214986292,5243.02809688576
0.08494029648666668,5249.0311455288565
0.08300845778666667,5255.034194205237
0.08343775532000001,5261.037242848334
0.08343775529666668,5267.040291557999
0.08526226956666667,5273.043340201096
0.08708678384666667,5279.0463889107605
0.08762340569,5285.049437553857
0.08740875693,5291.052486230238
0.08848200061333333,5297.055534873335
0.08655016197,5303.058583583
0.08762340565333333,5309.061632226097
0.08858932501333333,5315.064680902477
0.08805270314333334,5321.067729545574
0.08848200059333333,5327.070778255239
0.08869664934666666,5333.073826898336
0.09041383927666667,5339.076875608
0.09052116360333333,5345.0799242510975
0.09095046109333334,5351.082972927477
0.09127243419333332,5357.086021570575
0.09213102916666667,5363.089070280239
0.09277497536,5369.092118923336
0.09234567789999999,5375.095167599717
0.09170173162333332,5381.0982162428145
0.09502878708666666,5387.101264952478
0.09556540891333333,5393.104313595575
0.09406286775333332,5399.107362271956
0.09535076014666666,5405.110410915053
0.09588738197666667,5411.1134596247175
0.09545808451333333,5417.116508267814
0.09556540883999999,5423.119556977479
0.09824851803333334,5429.122605620576
0.09674597686666668,5435.125654296957
0.09953641046333332,5441.128702940054
0.09942908609666667,5447.131751649718
0.09792654489666668,5453.134800292815
0.09610203059666667,5459.137848969196
0.09578005746,5465.140897612293
0.09406286753,5471.143946321958
0.09266765076333335,5477.146994965055
0.09234567759333334,5483.150043641435
0.09191638016333332,5489.153092284532
0.09191638016333332,5495.156140994197
0.08858932473333332,5501.159189637294
0.088374676,5507.162238346958
0.08794537849333334,5513.165286990055
0.08644283738666665,5519.168335666435
0.08612086431333332,5525.171384309533
0.08461832307666667,5531.174433019197
0.08365240381666667,5537.177481662294
0.07989605093333334,5543.1805303386745
0.08086197022666666,5549.183578981772
0.08011069964333332,5555.186627691436
0.07774956354,5561.189676334533
0.08021802397666666,5567.192725044198
0.07785688787333334,5573.195773687295
0.07732026600333333,5579.198822363675
0.07785688785333333,5585.201871006772
0.07774956344,5591.204919716437
0.07710561719999999,5597.207968359534
0.07646167097666666,5603.211017035915
0.07603237347666665,5609.214065679012
0.07699829277333332,5615.217114388676
0.07742759024000001,5621.220163031773
0.07571040033333333,5627.223211708154
0.07571040032333333,5633.226260351251
0.07538842723,5639.2293090609155
0.07592504904,5645.232357704012
0.07560307592,5651.235406413677
0.07613969775,5657.238455056774
0.07721294139666667,5663.241503733155
0.07978872624333333,5669.244552376252
0.08011069931333333,5675.247601085915
0.07807153631,5681.250649762296
0.0815059161,5687.253698405393
0.08150591610333334,5693.256747115058
0.08193521354666668,5699.259795758155
0.08032534803333334,5705.2628444345355
0.08236451102999999,5711.265893077632
0.08290113287333334,5717.268941787297
0.08365240344000001,5723.271990430394
0.08268648413666667,5729.275039140059
0.08268648413,5735.278087783156
0.08375972782,5741.281136459536
0.08461832274666665,5747.284185102633
0.08440367402,5753.287233812298
0.08375972781333334,5759.290282455395
0.08333043035333333,5765.293331131776
0.08290113288,5771.296379774873
0.08279380851333333,5777.299428484537
0.08032534806000001,5783.302477127634
0.07946675309666666,5789.305525837298
0.08032534805,5795.308574480396
0.08086196991333333,5801.3116231567765
0.07946675311333333,5807.314671799873
0.07871548255,5813.317720509537
0.08021802371333334,5819.320769152635
0.07882280693666666,5825.323817829015
0.07785688764,5831.326866472113
0.07796421200999999,5837.329915181776
0.07817886078333333,5843.332963824873
0.07807153641,5849.336012501254
0.07710561710666666,5855.339061144351
0.07710561712333332,5861.342109854016
0.07656899526666668,5867.345158497113
0.07646167090333333,5873.348207206777
0.07699829274333332,5879.351255849874
0.07635434654333334,5885.354304526255
0.07581772471666666,5891.357353169352
0.07624702217333333,5897.3604018790165
0.07678364401,5903.363450522113
0.07742759021333334,5909.366499198494
0.07742759024666666,5915.369547841591
0.07656899524333334,5921.372596551256
0.07721294145666667,5927.375645194353
0.07678364397,5933.3786938707335
0.07721294145666667,5939.38174251383
0.07753491454,5945.384791223495
0.07646167086333333,5951.387839866592
0.07592504901333334,5957.390888576256
0.07571040027999999,5963.393937219354
0.07506645405666668,5969.396985895734
0.07635434646,5975.400034538831
0.07560307592,5981.403083248495
0.07324193980666667,5987.406131891593
0.07356391294,5993.409180567973
0.07281264233666666,5999.412229211071
0.07002220878333333,6005.415277920734
0.06948558695,6011.418326563831
0.06755374834,6017.421375273496
0.06648050466333333,6023.424423916593
0.06487063915333334,6029.427472592974
0.06487063914,6035.4305212360705
0.06411936859666667,6041.433569945735
0.06122161067,6047.436618588832
0.06240217871,6053.439667265213
0.059826393906666664,6059.44271590831
0.06197288124333333,6065.445764617974
0.05950442080666666,6071.448813261071
0.058323852786666665,6077.451861937452
0.05746525786666667,6083.454910580549
0.055962716733333334,6089.457959290214
0.05617736546333333,6095.461007933311
0.05510412179666666,6101.464056642975
0.05381622939333334,6107.467105286072
0.0515624177,6113.470153962453
0.052099039513333334,6119.47320260555
0.04995255218333333,6125.476251315214
0.04963057908666666,6131.4792999583115
0.045015631341000006,6137.482348634692
0.044049712056,6143.485397277789
0.04437168513766667,6149.488445987453
0.043620414564666664,6155.491494663834
0.041473927236,6161.494543306931
0.04136660286766666,6167.497592016595
0.04243984653433333,6173.500640659692
0.040615332276666666,6179.503689369357
0.04147392720333333,6185.506738012454
0.03986406169666667,6191.5097866888345
0.04125927845,6197.5128353319315
0.04158125157333333,6203.515884041596
0.041795900293333334,6209.518932684693
0.04125927846666667,6215.521981361074
0.0422251978,6221.525030004171
0.041688575936666666,6227.528078713835
0.04201054903666667,6233.531127356932
0.04329844143666667,6239.534176066597
0.04297646832666666,6245.537224709694
0.04308379271333334,6251.540273386075
0.04329844147333334,6257.543322029172
0.04437168509666667,6263.546370738835
0.046196199363333336,6269.549419381933
0.04587422626666667,6275.552468058313
0.04769874049666667,6281.555516701411
0.04930860604,6287.558565411075
0.049737903470000004,6293.5616140541715
0.04909395727333333,6299.564662730552
0.05102579590333334,6305.56771137365
0.051455093363333336,6311.570760083314
0.054245526880000006,6317.573808726411
0.05317228322333334,6323.576857436075
0.054889473116666664,6329.579906079172
0.05510412185666667,6335.582954755553
0.05692863611333334,6341.58600339865
0.05714328484666666,6347.589052108315
0.05767990668666667,6353.592100751412
0.060577664573333335,6359.595149427792
0.059075123449999996,6365.598198070889
0.06057766458,6371.601246780554
0.06326077374,6377.604295423651
0.06304612504333333,6383.607344100032
0.06336809810666666,6389.610392743129
0.06261682750333333,6395.613441452793
0.06379739557666668,6401.61649009589
0.06583655853333333,6407.619538805555
0.06508528797,6413.622587448652
0.06626585596666666,6419.6256361250325
0.0668024778,6425.6286847681295
0.06626585596666666,6431.631733477793
0.06626585596,6437.634782120891
0.06723177523,6443.637830797271
0.06755374833,6449.640879440369
0.06690980212666667,6455.6439281500325
0.06658782899333333,6461.646976793129
0.06873431633333334,6467.650025502794
0.06798304576666667,6473.653074145891
0.06841234324,6479.656122822272
0.06830501885666666,6485.659171465369
0.07045150620666667,6491.662220175033
0.07270531793,6497.66526881813
0.07249066919000001,6503.668317494511
0.07367123724666667,6509.671366137608
0.07463715657666667,6515.674414847273
0.07538842713,6521.6774634903695
0.07506645403000001,6527.68051216675
0.07613969771333333,6533.683560809847
0.07667631958333333,6539.686609519512
0.07796421200333334,6545.689658162609
0.07656899524333334,6551.692706872273
0.07613969776,6557.69575551537
0.07656899525,6563.698804191751
0.07860815826333332,6569.701852834848
0.07721294147666667,6575.704901544512
0.07764223894666666,6581.70795018761
0.07860815830666666,6587.71099886399
0.07753491464,6593.714047507087
0.07689096842,6599.717096216751
0.07774956341333333,6605.720144859849
0.07592504916666666,6611.723193536229
0.07388588621333333,6617.726242179327
0.07367123749,6623.72929088899
0.07184672323666667,6629.732339598655
0.07152475017,6635.735388241752
0.06959291154666668,6641.738436918133
0.07002220905933333,6647.74148556123
0.06744642426266667,6653.744534270894
0.06476331509456666,6659.747582913991
0.06680247808766666,6665.750631590372
0.067661073008,6671.753680233469
0.06755374859800001,6677.756728943134
0.06841234351333333,6683.7597775862305
0.07098812833666666,6689.762826295895
0.07152475011333333,6695.765874938992
0.07055883080666668,6701.768923615373
0.06937826273666667,6707.77197225847
0.07023685765,6713.7750209681335
0.07045150636999999,6719.778069611231
0.07045150632666666,6725.781118287612
0.07184672312333333,6731.784166930709
0.07173939871333333,6737.787215640373
0.07259799365333333,6743.79026428347
0.07045150627666667,6749.7933129598505
0.07259799361,6755.796361602948
0.07163207427666667,6761.799410312612
0.07012953311333334,6767.802458955709
0.07131010117333333,6773.805507665374
0.07163207424333333,6779.8085563084705
0.07120277675666666,6785.811604984851
0.07141742548333334,6791.814653627948
0.07506645398,6797.817702337613
0.07302729098666667,6803.82075098071
0.07410053465333333,6809.823799657091
0.07560307579666667,6815.8268483001875
0.07624702201000001,6821.829897009852
0.07613969763333334,6827.832945652949
0.07506645395,6833.83599432933
0.0765689951,6839.839042972427
0.07860815809333332,6845.842091682091
0.07860815808999999,6851.845140325188
0.07882280683,6857.848189034853
0.08086196982666666,6863.85123767795
0.07968140177333333,6869.854286354331
0.08096929419333333,6875.857334997428
0.08343775467000002,6881.860383707091
0.08268648409,6887.863432350189
0.08408170088,6893.866481026569
0.08343775467333332,6899.869529669667
0.0853695933,6905.872578379331
0.08547691767,6911.875627022428
0.08472564709333334,6917.878675732092
0.08494029582666668,6923.881724375189
0.08730143194333334,6929.88477305157
0.08547691767666667,6935.887821694667
0.08773072941666667,6941.8908704043315
0.08526226894,6947.893919047428
0.08622818825666667,6953.896967723809
0.08687213446333332,6959.900016366906
0.08526226894,6965.903065076571
0.08805270252333335,6971.906113719668
0.08644283698666666,6977.9091623960485
0.08762340504,6983.912211039145
0.08773072941666665,6989.91525974881
0.08880397310333332,6995.918308391907
0.08966256805,7001.921357101572
0.08805270251666668,7007.924405744669
0.08869664872666666,7013.927454421049
0.08880397309666666,7019.930503064146
0.09084313610666667,7025.933551773811
0.08955524367666667,7031.936600416908
0.08869664873,7037.939649093289
0.08955524368333334,7043.9426977363855
0.08891129746666666,7049.945746446049
0.08891129747,7055.948795089147
0.08998454115333333,7061.951843765527
0.09191637980666667,7067.954892408625
0.09256032599666668,7073.9579411182885
0.09159440670333334,7079.9609897613855
0.09341892097333333,7085.96403847105
0.09341892095333333,7091.967087147431
0.09395554281666667,7097.970135790528
0.09470681341,7103.9731845001925
0.09352624536333333,7109.976233143289
0.09545808399666666,7115.97928181967
0.09481413777666668,7121.982330462767
0.09427751594666667,7127.985379172432
0.09535075965,7133.988427815529
0.09320427226666667,7139.991476491909
0.09406286721,7145.99452516829
0.09223835294333334,7151.997573844671
0.09009186556,7158.000622487768
0.08912594624999999,7164.003671197432
0.08934059500333334,7170.0067198405295
0.08655016141333333,7176.00976851691
0.08483297151000001,7182.012817160007
0.08526226897666667,7188.015865869671
0.08300845728333334,7194.018914512769
0.08225718668333333,7200.021963189149
0.08118394300666666,7206.0250118322465
0.07946675309666666,7212.02806054191
0.07732026575,7218.031109185007
0.07592504897333333,7224.034157894672
0.07420785906333334,7230.037206537769
0.07452983217333332,7236.0402552141495
0.07399321032333334,7242.043303857246
0.07302729100000001,7248.046352566911
0.07184672296,7254.049401210008
0.07023685743333334,7260.052449886389
0.06970023557999999,7266.055498529486
0.06948558683666667,7272.05854723915
0.06830501878666667,7278.061595882247
0.06776839695666667,7284.064644558628
0.06712445074,7290.067693201725
0.06712445073666666,7296.07074191139
0.06787572131333333,7302.073790554487
0.0675537482,7308.076839264151
0.06605120705333334,7314.079887907248
0.06798304568,7320.082936583629
0.06690980200333334,7326.085985226726
0.06873431625,7332.08903393639
0.06873431625333333,7338.092082579487
0.06894896498999999,7344.095131255868
0.0695929112,7350.098179898965
0.07088080361333333,7356.101228608629
0.06970023556666666,7362.104277251727
0.07098812798666666,7368.10732596139
0.07195404729666667,7374.110374604487
0.07066615488,7380.113423280868
0.07238334477000001,7386.116471923965
0.07163207419666667,7392.11952063363
0.07163207419666666,7398.122569276727
0.07259799350666667,7404.125617953107
0.07131010109000001,7410.128666596204
0.07227602040999999,7416.131715305869
0.07195404730333332,7422.134763948966
0.07066615488666667,7428.137812625347
0.07249066915,7434.140861268444
0.0719540473,7440.143909978108
0.07152474984333333,7446.146958621205
0.07163207420333334,7452.15000733087
0.07238334477000001,7458.153055973967
0.07259799351333333,7464.1561046503475
0.07066615488,7470.159153293444
0.07012953305,7476.162202003109
0.06862699189666667,7482.165250646206
0.06830501878666667,7488.168299322587
0.06755374821333333,7494.171347965684
0.06894896498666665,7500.174396675347
0.06701712636666667,7506.177445318445
0.06905628935,7512.180493994826
0.06583655831666667,7518.183542637923
0.06776839693333334,7524.186591347587
0.06787572130333334,7530.189639990685
0.06605120705333334,7536.192688700348
0.06701712636333333,7542.195737343445
0.06733909946666666,7548.198786019826
0.06615853142333333,7554.201834662923
0.06487063901333333,7560.204883372588
0.06433401717,7566.207932048968
0.06658782888999999,7572.210980692065
0.06411936843666666,7578.21402940173
0.06401204407,7584.217078044827
0.06197288109000001,7590.220126721208
0.06326077349666666,7596.223175397588
0.06143625924666667,7602.226224073969
0.059933718106666665,7608.229272717066
0.06089963741666667,7614.232321426731
0.05832385260333334,7620.235370069828
0.05832385261333333,7626.2384187462085
0.05789455515333333,7632.241467389305
0.05596271654999999,7638.244516098969
0.05810920389333334,7644.247564742067
0.05628468966,7650.250613418447
0.05746525772666666,7656.253662061545
0.05639201404666667,7662.256710771208
0.05875315013333334,7668.259759414305
0.05843117704666667,7674.26280812397
0.05853850142,7680.265856767067
0.05961174510666667,7686.268905443448
0.060470340049999995,7692.271954086545
0.06315344926666666,7698.275002796209
0.06369007109666668,7704.278051439306
0.06680247777666666,7710.281100115687
0.06744642400666666,7716.284148758784
0.06744642397,7722.2871974684485
0.06916361390666666,7728.2902461115455
0.06927093830000002,7734.293294787926
0.07173939877333334,7740.296343431023
0.07023685763333333,7746.299392140688
0.07302729126666667,7752.302440783785
0.07495912989666667,7758.305489493449
0.07474448116333333,7764.308538136546
0.07549575177,7770.311586812927
0.07291996693,7776.314635456024
0.07367123753,7782.317684165689
0.07377856192666667,7788.320732808786
0.07495912992666666,7794.323781485166
0.07678364422333334,7800.326830128263
0.07774956352333333,7806.329878837927
0.07828618539,7812.332927481025
0.07807153665333334,7818.335976157405
0.07807153665333333,7824.3390248337855
0.07785688792,7830.342073510166
0.07699829298666666,7836.345122153263
0.07689096862,7842.348170862928
0.07581772492333333,7848.351219506025
0.07807153665666668,7854.354268182406
0.07667631985666666,7860.3573168255025
0.07839350975666666,7866.360365535167
0.07785688792333334,7872.363414178264
0.07592504928999999,7878.366462854645
0.07646167115666667,7884.369511497742
0.07774956356,7890.372560207406
0.07581772492666666,7896.375608850503
0.07442250816,7902.378657560168
0.07603237369666667,7908.381706203265
0.07431518382999999,7914.384754879646
0.07506645439333333,7920.387803522743
0.07399321069666667,7926.390852232407
0.07173939896999999,7932.393900875504
0.07259799397333333,7938.396949551885
0.07034418224,7944.399998194982
0.07077347971333332,7950.4030469046465
0.07098812844333334,7956.4060955477435
0.06830501926333334,7962.409144224124
0.06776839743666667,7968.412192867221
0.06680247810666667,7974.415241576885
0.06648050497333334,7980.418290219983
0.06433401764666667,7986.4213389296465
0.06261682771333334,7992.424387572743
0.06197288146333333,7998.427436249124
