Average lockin_signal,Ion velocity
0.08751608100000001,-5920.817493451715
0.08257916003,-5914.848456437536
0.08268648441333333,-5908.879419356789
0.08397437684333332,-5902.910382276043
0.08365240372666667,-5896.941345261864
0.0831157819,-5890.972308181117
0.08343775504,-5885.003271166938
0.08461832305333333,-5879.034234086192
0.08418902560000001,-5873.065196938877
0.08408170125666665,-5867.096159924698
0.08579889112666667,-5861.127122843952
0.08504762058333333,-5855.158085829773
0.08440367438,-5849.189048749026
0.08708678352666666,-5843.22001166828
0.08751608101000001,-5837.2509746541
0.08676481047333333,-5831.281937573354
0.08783805408333334,-5825.312900492608
0.08665748607,-5819.343863411861
0.08676481040666667,-5813.3748263311145
0.08730143228666666,-5807.405789316936
0.08676481038999999,-5801.436752236189
0.08783805408666667,-5795.467715155442
0.08901862212666667,-5789.498678141263
0.08794537845,-5783.529641060516
0.09009186583333334,-5777.560604046337
0.09041383893333334,-5771.591566899024
0.09062848763000002,-5765.622529818277
0.09170173133333333,-5759.653492804097
0.09245300187666668,-5753.684455723352
0.09277497497666666,-5747.715418709172
0.09459948931,-5741.746381628425
0.09513611111666666,-5735.777344547679
0.09459948931,-5729.8083075335
0.09374089433999999,-5723.839270452753
0.09567273296,-5717.870233372007
0.09524343551333332,-5711.90119629126
0.09502878678,-5705.932159210513
0.09599470609666666,-5699.963122196335
0.09696062541,-5693.994085115588
0.09760457167333332,-5688.025048034841
0.09674597671333333,-5682.0560110206625
0.09835584225666667,-5676.086973939916
0.09857049101333333,-5670.117936925737
0.09781922043,-5664.148899778423
0.09921443721,-5658.179862697676
0.09953641030333334,-5652.210825683497
0.09910711285333333,-5646.241788602751
0.10050232963,-5640.272751588572
0.09889246408333334,-5634.303714507825
0.10050232962666666,-5628.3346774270785
0.09814119349666667,-5622.365640412899
0.09910711280666666,-5616.396603265585
0.10028768086666667,-5610.4275662514065
0.09975105901999999,-5604.45852917066
0.10018035648666668,-5598.489492089913
0.10050232959,-5592.520455075734
0.09867781533333335,-5586.551417994988
0.09953641025333333,-5580.582380914241
0.09738992286999999,-5574.613343900061
0.09738992286999999,-5568.644306819315
0.09921443712333333,-5562.675269738569
0.09803386905,-5556.7062326578225
0.09867781527333332,-5550.737195577076
0.09857049090999999,-5544.768158562896
0.09985838334666668,-5538.79912148215
0.09824851780666666,-5532.830084467971
0.09975105897333332,-5526.861047387224
0.09942908589666666,-5520.8920103064775
0.09942908586999999,-5514.922973292299
0.09953641023666666,-5508.953936144985
0.09878513967999998,-5502.984899130805
0.09878513960333334,-5497.015862050059
0.09996570770000002,-5491.046824969312
0.09620935476999999,-5485.077787955133
0.09771189597666667,-5479.108750874387
0.09631667914333335,-5473.13971379364
0.09599470606333334,-5467.170676779461
0.09417019175666667,-5461.201639632147
0.09320427248333334,-5455.232602617968
0.09127243383333333,-5449.263565537221
0.09084313634,-5443.294528456475
0.09019919014,-5437.325491442296
0.09009186579333334,-5431.356454361549
0.08923327077999998,-5425.3874173473705
0.08826735147000002,-5419.418380266624
0.08665748596,-5413.449343185877
0.08633551286666667,-5407.480306105131
0.08322310616,-5401.511269024384
0.08172056501333334,-5395.542232010205
0.07914478016666666,-5389.573194929459
0.07817886086999999,-5383.604157848712
0.07517377856,-5377.635120834533
0.07560307601999999,-5371.666083753787
0.07463715668666666,-5365.69704667304
0.07452983236666666,-5359.72800965886
0.07431518358666667,-5353.758972511547
0.07206137188666667,-5347.789935497368
0.07012953325333333,-5341.820898416621
0.07216869621333333,-5335.851861335875
0.07077347941333333,-5329.882824321695
0.07012953320333333,-5323.913787240949
0.07098812814,-5317.944750226769
0.07012953317,-5311.975713146023
0.06948558697333333,-5306.006675998709
0.07066615500333334,-5300.03763898453
0.07066615497,-5294.068601903784
0.06798304579333332,-5288.099564889604
0.07120277680333333,-5282.130527808858
0.07066615494,-5276.161490728111
0.07098812804333333,-5270.192453713932
0.07120277677999999,-5264.2234166331855
0.07109545241333333,-5258.254379552439
0.07227602043666666,-5252.285342471692
0.07055883055666666,-5246.316305390946
0.07120277677666666,-5240.347268376767
0.07249066920666666,-5234.37823129602
0.07120277678999999,-5228.409194215274
0.07195404737333333,-5222.440157201095
0.07249066921666666,-5216.471120120348
0.07184672303333334,-5210.502083106169
0.07216869612999999,-5204.533046025423
0.07002220879666667,-5198.564008878108
0.07163207432,-5192.5949718639295
0.07216869616,-5186.625934783183
0.07034418193333332,-5180.656897769004
0.07334926423333334,-5174.687860688257
0.07131010126333333,-5168.718823607511
0.07098812815666666,-5162.749786593332
0.07045150637333335,-5156.780749512585
0.07045150634666666,-5150.811712431839
0.07163207441666668,-5144.842675351092
0.07195404754333333,-5138.8736382703455
0.07109545256666666,-5132.904601256167
0.0717393988,-5126.93556417542
0.06980756020333333,-5120.966527094673
0.07077347950666667,-5114.997490080494
0.06948558712666668,-5109.028452999748
0.06916361404666667,-5103.059415985568
0.06755374853,-5097.090378838255
0.06809037041333334,-5091.121341757508
0.06615853177,-5085.152304743328
0.06626585617666668,-5079.183267662583
0.06615853178,-5073.214230648403
0.06648050490666667,-5067.245193567656
0.06519261251666666,-5061.27615648691
0.06594388304333333,-5055.307119472731
0.06594388303666666,-5049.338082391984
0.06390472007,-5043.369045311238
0.06197288143333333,-5037.400008230491
0.061006962136666676,-5031.430971149744
0.06068498901666667,-5025.461934135566
0.058323852906666675,-5019.492897054819
0.05810920418333334,-5013.523859974072
0.05692863609666667,-5007.5548229598935
0.057679906616666665,-5001.585785879147
0.05499679743666667,-4995.6167487984
0.0560700411,-4989.647711717654
0.051669742,-4983.678674636907
0.05252833691666667,-4977.709637622728
0.05209903945,-4971.740600541982
0.050918471386666664,-4965.771563527803
0.05102579575,-4959.802526447056
0.05091847137666666,-4953.83348936631
0.04941593021333333,-4947.864452352131
0.05102579573,-4941.895415204816
0.05048917388333333,-4935.9263781906375
0.04877198399333333,-4929.957341109891
0.04941593019666666,-4923.988304029144
0.049093957093333335,-4918.019267014965
0.05048917383999999,-4912.050229934219
0.05156241752333333,-4906.081192853472
0.05059649820666667,-4900.112155839292
0.05113312003,-4894.143118758547
0.05177706622666667,-4888.1740816778
0.05166974185333333,-4882.2050445970535
0.05027452508,-4876.236007516307
0.05038184943333333,-4870.266970502127
0.04920128139,-4864.2979334213815
0.05113311999333333,-4858.328896407202
0.051025795623333335,-4852.359859326455
0.05102579563,-4846.3908222457085
0.049952551953333334,-4840.421785164962
0.04909395702666667,-4834.452748084216
0.0492012814,-4828.483711070036
0.05188439057333333,-4822.51467398929
0.049952551973333335,-4816.545636908543
0.05124044438666667,-4810.576599894364
0.05091847128333333,-4804.607562813618
0.05220636371,-4798.638525732871
0.05295763427333333,-4792.669488718692
0.05338693173333334,-4786.700451571378
0.05177706623666667,-4780.731414557199
0.05124044441666666,-4774.7623774764525
0.05327960736666667,-4768.793340395706
0.051777066233333335,-4762.824303381527
0.05242101243333334,-4756.85526630078
0.05134776876,-4750.8862292866015
0.05027452508666667,-4744.917192205855
0.049201281416666666,-4738.948155125108
0.051562417480000004,-4732.979118044362
0.048771983940000006,-4727.010080963615
0.048664659566666664,-4721.041043949436
0.04920128139333333,-4715.07200686869
0.04952325449,-4709.102969787943
0.05027452506,-4703.133932773764
0.04662549658,-4697.164895693018
0.04845001082,-4691.195858612271
0.047269442780000004,-4685.226821531524
0.04426436051333333,-4679.257784450778
0.043727738679999996,-4673.288747436599
0.04351308995,-4667.319710355852
0.04265449502333333,-4661.350673275106
0.041473926993333333,-4655.381636260926
0.042976468133333334,-4649.41259918018
0.04072265644333333,-4643.443562166
0.03943476405333333,-4637.474525085254
0.036107708706666665,-4631.50548793794
0.03814687167,-4625.536450923761
0.03514178942,-4619.567413843015
0.032458680293333333,-4613.598376828835
0.033961221428333334,-4607.629339748089
0.03267332904,-4601.660302667342
0.030848814814333336,-4595.691265653163
0.03320995088466667,-4589.7222285724165
0.032995302144333334,-4583.75319149167
0.03417587016333334,-4577.784154410923
0.03363924833333333,-4571.815117330177
0.03417587018333334,-4565.846080315998
0.03771757423666667,-4559.877043235251
0.03814687170666667,-4553.908006154505
0.03964941285,-4547.938969140326
0.03986406160666667,-4541.969932059579
0.04201054891666667,-4536.0008950454
0.042547170753333335,-4530.031857898086
0.044264360636666666,-4524.062820817339
0.04480098245333333,-4518.0937838031605
0.04447900937333333,-4512.124746722414
0.04544492869333333,-4506.155709708235
0.047913389120000004,-4500.186672627488
0.04759141603,-4494.217635546742
0.04941593028,-4488.248598532563
0.04941593026333333,-4482.279561451816
0.050381849586666666,-4476.31052437107
0.05285031002666666,-4470.341487290323
0.05166974199,-4464.3724502095765
0.05242101258666667,-4458.403413195398
0.05177706637666666,-4452.434376114651
0.05403087807333334,-4446.4653390339045
0.053708904993333334,-4440.496302019725
0.053279607486666665,-4434.527264938979
0.054782148663333335,-4428.558227858232
0.05370890498,-4422.589190777486
0.053064958770000004,-4416.620153696739
0.05435285119666666,-4410.651116682559
0.054352851189999996,-4404.682079601814
0.05424552682666667,-4398.713042587634
0.05542609489,-4392.744005506887
0.05199171511666667,-4386.774968426141
0.05488947301333333,-4380.805931411962
0.0536015806,-4374.836894264648
0.05531877050666667,-4368.867857250469
0.05327960750333333,-4362.898820169722
0.054889473030000004,-4356.9297830889755
0.05521144611666667,-4350.960746074797
0.05370890496666667,-4344.99170899405
0.0542455268,-4339.022671913303
0.054674824266666665,-4333.0536348991245
0.0515624176,-4327.084597818378
0.05338693181666667,-4321.115560737631
0.05199171507,-4315.146523656885
0.050167200796666665,-4309.177486576138
0.04973790333,-4303.208449561959
0.04984522768,-4297.239412481213
0.051240444446666665,-4291.270375467034
0.04963057893666667,-4285.301338386287
0.048450010890000006,-4279.332301305541
0.04834268651999999,-4273.363264291362
0.04791338905333334,-4267.394227144047
0.04619619918,-4261.4251901298685
0.04694746974333333,-4255.456153049122
0.045230279883333335,-4249.487115968375
0.04480098241,-4243.518078954196
0.04362041437333333,-4237.54904187345
0.04329844129333333,-4231.580004792703
0.04308379255333333,-4225.610967778523
0.04351309001333333,-4219.64193063121
0.04233252199666667,-4213.672893617031
0.04168857581333333,-4207.703856536285
0.042869143840000005,-4201.734819455538
0.04222519765999999,-4195.765782441358
0.04351309005,-4189.7967453606125
0.0408299809,-4183.827708346433
0.040293359066666666,-4177.858671265686
0.04040068345,-4171.8896341849395
0.04072265656,-4165.920597104194
0.04136660278999999,-4159.951560023447
0.04072265660466667,-4153.982523009267
0.042869143974999996,-4148.013485928521
0.04104462976433333,-4142.044448847774
0.0408299810535,-4136.075411833595
0.044586333916,-4130.106374752849
0.042761819703499994,-4124.137337672102
0.04576690194433333,-4118.168300657923
0.045230280108666664,-4112.19926351061
0.047591416204999994,-4106.23022649643
0.047376767476666665,-4100.2611894156835
0.049201281686666674,-4094.2921523349373
0.05027452538333333,-4088.323115320758
0.05209903964333334,-4082.3540782400114
0.054567500059999996,-4076.385041225832
0.05317228329666667,-4070.416004145086
0.05488947319333334,-4064.446966997772
0.05499679751666667,-4058.4779299835927
0.05864582604333333,-4052.508892902846
0.05810920417666667,-4046.5398558886673
0.06036301590666667,-4040.5708188079207
0.06197288139666667,-4034.601781727174
0.06379739569666666,-4028.6327447129947
0.06615853179333332,-4022.663707632248
0.06733909989333332,-4016.694670551502
0.06487063943333334,-4010.7256334707554
0.06755374862666667,-4004.756596390009
0.06884164102333333,-3998.7875593758295
0.06819769482666667,-3992.818522295083
0.06787572172999999,-3986.8494852143367
0.06905628976,-3980.8804482001574
0.06894896542666666,-3974.911411119411
0.06937826289,-3968.942374038664
0.07066615528999999,-3962.9733370244853
0.07195404765666667,-3957.0042998771714
0.07012953346,-3951.035262862992
0.07195404762,-3945.0662257822455
0.07249066948666667,-3939.0971887680666
0.07055883082,-3933.12815168732
0.07367123752,-3927.1591146065734
0.07173939885333334,-3921.190077592394
0.07399321058666668,-3915.2210405116475
0.07324193999,-3909.2520034309014
0.07452983242333333,-3903.2829663501548
0.07345658872333333,-3897.313929269408
0.07474448112666666,-3891.344892255229
0.07646167099333334,-3885.3758551744822
0.07420785926,-3879.406818093736
0.07495912982666667,-3873.4377810795568
0.07549575166333333,-3867.46874399881
0.075603076,-3861.4997069180636
0.07613969783,-3855.5306698373174
0.07549575166333333,-3849.561632756571
0.07689096840333333,-3843.5925957423915
0.07689096843333333,-3837.623558661645
0.07613969783,-3831.654521647466
0.07860815830666666,-3825.6854845667194
0.07925210451,-3819.716447485973
0.08086197005,-3813.7474104717935
0.08311578176,-3807.778373391047
0.08107661875666666,-3801.8093363103008
0.08365240358666666,-3795.840299229554
0.08612086406000001,-3789.8712621488075
0.08708678337666668,-3783.902225134628
0.08708678338000002,-3777.9331880538816
0.08901862200333333,-3771.9641509731355
0.09159440686333332,-3765.995113958956
0.09052116317666666,-3760.0260768782096
0.09277497491666668,-3754.057039797463
0.09481413791,-3748.088002716717
0.09492146229999998,-3742.11896563597
0.09738992277999999,-3736.149928621791
0.09738992278333335,-3730.1808915410443
0.10018035638,-3724.2118545268654
0.09910711270666668,-3718.242817446119
0.10018035641,-3712.273780365372
0.10179022191999999,-3706.304743351193
0.10232684384333335,-3700.335706203879
0.10361473624333332,-3694.3666691897
0.10597587235,-3688.3976321089535
0.10382938500666666,-3682.428595028207
0.10565389933666668,-3676.4595580140276
0.10898095480666666,-3670.490520933281
0.10898095480333332,-3664.521483852535
0.11166406410333334,-3658.5524468383555
0.11102011786999999,-3652.583409757609
0.11230801033333333,-3646.6143726768623
0.11134209102999999,-3640.645335596116
0.11187871286666666,-3634.6762985153696
0.11273730783333331,-3628.7072615011903
0.11198603729333334,-3622.7382244204437
0.11112744232666667,-3616.7691874062643
0.11316660542666666,-3610.800150325518
0.11273730789333332,-3604.8311132447716
0.11123476675999999,-3598.862076164025
0.11252265919333333,-3592.8930390832784
0.11348857856000001,-3586.9240020690995
0.11177138859333335,-3580.954964988353
0.11413252476,-3574.9859279076063
0.11370322729333333,-3569.016890893427
0.11456182222666667,-3563.0478538126804
0.11359590296,-3557.0788167319342
0.11627901219333332,-3551.109779717755
0.11606436342666666,-3545.140742570441
0.11617168786,-3539.1717055562617
0.11885479709333334,-3533.2026684755156
0.11928409456333333,-3527.233631394769
0.11982071645999999,-3521.2645943805896
0.12207452823000002,-3515.295557299843
0.12143058196333334,-3509.3265202190964
0.12196720383,-3503.3574832049176
0.12454298873000001,-3497.388446124171
0.12357706945999998,-3491.4194090434244
0.12507961062999998,-3485.4503719626778
0.12454298876333332,-3479.481334948499
0.12540158376333335,-3473.5122978677523
0.12518693499666667,-3467.5432607870057
0.1250796106633333,-3461.5742237728264
0.12400636689666666,-3455.6051866920798
0.12604552996333332,-3449.6361496113336
0.12443566439666669,-3443.667112530587
0.12486496199333334,-3437.6980754498404
0.12647482749666666,-3431.729038435661
0.12518693506,-3425.760001354915
0.12507961076,-3419.7909642741683
0.12626017882666665,-3413.821927259989
0.12465031332666665,-3407.8528901792424
0.12572355692666667,-3401.883853098496
0.12475763765999999,-3395.914816084317
0.12422101582666667,-3389.945778937003
0.12583088132666667,-3383.9767419228237
0.12432834022666667,-3378.007704842077
0.12475763765999999,-3372.0386678278983
0.12497228639333334,-3366.0696307471517
0.12507961076,-3360.100593666405
0.12486496199333334,-3354.1315566522258
0.12540158386,-3348.162519571479
0.12497228636,-3342.193482490733
0.12540158382666666,-3336.2244454099864
0.12454298886,-3330.25540832924
0.12550890826,-3324.2863713150605
0.12475763765999999,-3318.3173342343143
0.12164523092666668,-3312.3482971535677
0.12218185282666667,-3306.3792601393884
0.12143058222666665,-3300.410223058642
0.11992804112666666,-3294.441185977895
0.11853282426,-3288.472148897149
0.12046466292666667,-3282.5031118164025
0.11778155376333332,-3276.534074802223
0.11864014872666667,-3270.5650377214765
0.11756690503,-3264.5960007072977
0.11681563446666667,-3258.626963626551
0.11864014879666666,-3252.6579265458045
0.11756690510000001,-3246.688889531625
0.11745958076333333,-3240.7198524508785
0.11627901274,-3234.7508153701324
0.11660098590666668,-3228.781778289386
0.11692295896666667,-3222.812741208639
0.11681563467,-3216.84370419446
0.11617168843999999,-3210.8746671137137
0.11542041791,-3204.905630032967
0.11595703974,-3198.936593018788
0.11542041787333333,-3192.967555938041
0.11531309364999999,-3186.9985188572946
0.11434717428,-3181.0294817765484
0.11606436428333333,-3175.060444695802
0.11552774242000001,-3169.0914076816225
0.11531309369,-3163.122370600876
0.11756690548333333,-3157.153333586697
0.11831817604333333,-3151.1842965059504
0.11939141981000001,-3145.215259425204
0.12185988030666667,-3139.2462224110245
0.11982071727666666,-3133.2771852637106
0.12132325847666665,-3127.3081482495318
0.12304044837000001,-3121.339111168785
0.12411369207,-3115.3700740880386
0.12185988027333333,-3109.4010370738592
0.12422101647333333,-3103.431999993113
0.12400636763333335,-3097.4629629123665
0.12475763823333334,-3091.493925898187
0.12540158440000002,-3085.5248888174406
0.12636750369666666,-3079.555851736694
0.12668947686333334,-3073.586814655948
0.12518693556333335,-3067.617777575201
0.12701144982666665,-3061.648740561022
0.12465031373,-3055.6797034802753
0.12572355732666665,-3049.710666399529
0.12690412536,-3043.74162938535
0.12647482779333333,-3037.772592304603
0.12422101606000001,-3031.803555290424
0.12540158402666668,-3025.83451814311
0.12454298896333334,-3019.865481128931
0.12529425953,-3013.8964440481845
0.12282579899666668,-3007.927406967438
0.12658215193333333,-3001.9583699532586
0.1233624208,-2995.9893328725125
0.1238990426,-2990.020295791766
0.12486496193666667,-2984.0512587775866
0.12368439383666667,-2978.0822216302727
0.12400636687666666,-2972.1131846160933
0.12250382567333333,-2966.144147535347
0.12346974501,-2960.1751104546006
0.12078663570999999,-2954.2060734404213
0.11906944577333334,-2948.2370363596747
0.11821085077999999,-2942.2679992789285
0.11874747258666667,-2936.298962264749
0.11713760701666669,-2930.3299251840026
0.11488379526999999,-2924.360888103256
0.11456182214333333,-2918.3918510225094
0.11499111952,-2912.4228140083305
0.11284463214666668,-2906.453776927584
0.11005419848333332,-2900.4847398468373
0.11005419842000001,-2894.515702832658
0.10747841360666667,-2888.546665751912
0.10608319677666667,-2882.5776286711653
0.10704911608,-2876.608591656986
0.10382938500333333,-2870.639554509672
0.10447333123666667,-2864.6705174954927
0.10533192616999999,-2858.7014804147466
0.10415135810333333,-2852.732443334
0.10200487073333335,-2846.7634063198207
0.10082430266666668,-2840.794369239074
0.10028768083,-2834.825332158328
0.09878513966333334,-2828.8562951441486
0.09867781526666668,-2822.8872579968347
0.09706794973,-2816.9182209826554
0.09760457156333334,-2810.949183901909
0.09556540859333333,-2804.98014688773
0.09427751609666667,-2799.0111098069833
0.09309694806,-2793.0420727262367
0.09159440689333333,-2787.0730357120574
0.091057785,-2781.1039986313112
0.08976989256666666,-2775.1349615505646
0.08719410766666667,-2769.165924469818
0.08944791943666668,-2763.1968873890714
0.08740875640000001,-2757.227850374892
0.08633551273,-2751.258813294146
0.08483297154666668,-2745.2897762133994
0.08483297152666665,-2739.32073919922
0.08354507912666666,-2733.3517021184734
0.08204253793333333,-2727.3826650377273
0.07946675306999999,-2721.413628023548
0.07882280686,-2715.444590876234
0.07753491443,-2709.4755538620548
0.07710561695333333,-2703.506516781308
0.07549575143333333,-2697.5374797671293
0.07560307579333332,-2691.5684426863827
0.07302729095666667,-2685.599405605636
0.07410053463666667,-2679.6303685914568
0.07367123717,-2673.6613315107106
0.07249066911666667,-2667.692294429964
0.07066615486000001,-2661.7232573492174
0.07120277670333332,-2655.754220268471
0.07163207417666667,-2649.7851832542915
0.07023685738666667,-2643.8161461735453
0.06980755992,-2637.8471090927987
0.06948558681333333,-2631.8780720786194
0.0712027767,-2625.909034997873
0.06894896497666667,-2619.9399979171267
0.06927093808,-2613.97096083638
0.06712445072666666,-2608.0019237556335
0.06819769439666666,-2602.032886741454
0.07034418175666667,-2596.0638496607075
0.06787572130000001,-2590.0948126465287
0.06916361371,-2584.125775565782
0.07066615486666666,-2578.1567384850355
0.06991488428666666,-2572.187701470856
0.0712027767,-2566.21866439011
0.06905628934666667,-2560.2496273093634
0.06970023555333334,-2554.280590228617
0.06927093808,-2548.31155314787
0.06948558681666667,-2542.342516133691
0.06841234313666668,-2536.3734790529447
0.06669515326000001,-2530.404441972198
0.06851966750999999,-2524.435404958019
0.06594388268333333,-2518.466367877272
0.06572923395333334,-2512.497330796526
0.06529993648333333,-2506.5282937157795
0.06529993648333332,-2500.559256635033
0.06605120706,-2494.5902196208535
0.06497796338666667,-2488.621182540107
0.06379739534666667,-2482.652145459361
0.06293880041,-2476.6831084451815
0.062187529826666664,-2470.714071364435
0.060684988706666665,-2464.7450343502555
0.061972881096666675,-2458.7759972029417
0.0606849887,-2452.806960188763
0.061758232383333334,-2446.837923108016
0.059826393763333326,-2440.8688860272696
0.060470339973333335,-2434.8998490130903
0.06079231307666667,-2428.930811932344
0.05810920389000001,-2422.9617748515975
0.05778723078333333,-2416.992737837418
0.05971906940000001,-2411.0237007566716
0.05671398712333334,-2405.0546636759254
0.05746525769666667,-2399.085626595179
0.05853850136666666,-2393.1165895144322
0.059504420679999996,-2387.147552500253
0.05853850137666667,-2381.1785154195063
0.05864582574333333,-2375.20947833876
0.058001879533333335,-2369.240441324581
0.058216528270000005,-2363.2714042438342
0.05703596023333333,-2357.3023671630876
0.05714328460999999,-2351.333330082341
0.05853850139333333,-2345.364293068162
0.05725060897666667,-2339.3952559874156
0.058645825763333326,-2333.426218906669
0.05853850138333334,-2327.4571818924896
0.059182447586666666,-2321.4881448117435
0.06132893494,-2315.519107730997
0.06143625931,-2309.5500707168176
0.06283147607666667,-2303.5810335695037
0.06519261217666666,-2297.6119965553244
0.06261682735666667,-2291.642959474578
0.06572923400666668,-2285.6739223938316
0.06690980207666668,-2279.7048853796523
0.06583655837333334,-2273.7358482989057
0.06712445079666667,-2267.7668112181595
0.06690980207333334,-2261.79777420398
0.06744642389333333,-2255.8287371232336
0.06744642390333334,-2249.859700042487
0.07088080367333334,-2243.8906629617404
0.07066615493,-2237.9216259475616
0.07152474988333334,-2231.952588866815
0.07173939861,-2225.9835517860683
0.07173939859333332,-2220.014514771889
0.07613969770333334,-2214.045477691143
0.07646167080333334,-2208.0764406103963
0.07571040023333332,-2202.1074035296497
0.07860815815333333,-2196.138366448903
0.08107661865666667,-2190.1693294347237
0.08096929427333334,-2184.2002923539776
0.08182788923999999,-2178.231255273231
0.08483297154000001,-2172.2622182590517
0.08418902533666667,-2166.293181178305
0.08622818833,-2160.324144097559
0.08858932445333334,-2154.3551070833796
0.08976989251333334,-2148.3860699360657
0.08966256816,-2142.4170329218864
0.09148708241999999,-2136.44799584114
0.09277497485333334,-2130.478958826961
0.09277497484333334,-2124.5099217462143
0.09524343537666667,-2118.5408846654677
0.09352624544,-2112.5718476512884
0.09309694797000001,-2106.6028105705423
0.09374089417666666,-2100.6337734897957
0.09298962361,-2094.664736409049
0.09459948914666667,-2088.6956993283025
0.09234567740333334,-2082.726662314123
0.09191637991,-2076.757625233377
0.09288229921333334,-2070.7885881526304
0.09277497485666668,-2064.819551138451
0.09374089415333332,-2058.8505140577045
0.09266765046666668,-2052.8814769769583
0.09127243365333333,-2046.9124398962117
0.09298962356666667,-2040.943402815465
0.09202370422333334,-2034.974365801286
0.08955524374333333,-2029.0053287205394
0.09191637986333334,-2023.0362916397928
0.09223835296,-2017.0672546256137
0.08858932441333334,-2011.098217544867
0.09030651430333335,-2005.129180530688
0.09009186555666666,-1999.1601434499414
0.08966256806333332,-1993.191106369195
0.09030651428000001,-1987.2220692884484
0.09084313612333333,-1981.2530322077018
0.09137975796666666,-1975.2839951935227
0.09137975796333335,-1969.3149581127761
0.09213102852999999,-1963.3459210320298
0.09052116299666667,-1957.3768840178504
0.09009186552333333,-1951.407846937104
0.09052116299666667,-1945.4388098563575
0.09170173105666667,-1939.469772775611
0.09052116302,-1933.5007356948645
0.09030651429666665,-1927.5316986806854
0.09009186555666666,-1921.5626615999388
0.08891129749333333,-1915.5936245191922
0.08794537818333333,-1909.624587505013
0.08923327064333332,-1903.6555504242665
0.08773072948333334,-1897.6865134100874
0.08665748582666666,-1891.7174762627735
0.08665748581999999,-1885.7484392485944
0.08536959343,-1879.7794021678478
0.08451099852,-1873.8103650871012
0.08311578173333334,-1867.8413280729221
0.08279380866000001,-1861.8722909921755
0.08279380869,-1855.9032539114291
0.08118394320666666,-1849.9342168972498
0.0808619701,-1843.9651798165035
0.08182788943666668,-1837.9961427357568
0.08021802399333333,-1832.0271056550105
0.07839350975666666,-1826.0580685742639
0.07903745595666667,-1820.0890315600845
0.07817886105666667,-1814.1199944793382
0.07528110319333334,-1808.1509573985916
0.07367123765666667,-1802.1819203844125
0.07345658892666666,-1796.2128833036659
0.07334926466333333,-1790.2438462894868
0.07163207473000001,-1784.274809142173
0.06916361427333333,-1778.3057721279938
0.06948558745,-1772.3367350472472
0.06841234382,-1766.3676979665006
0.06851966823333333,-1760.3986609523215
0.06733910013333333,-1754.429623871575
0.06787572199666667,-1748.4605867908285
0.06905629006666666,-1742.4915497766492
0.06669515397333332,-1736.5225126293356
0.06733910021333334,-1730.5534756151562
0.06701712715666668,-1724.5844385344099
0.06615853223166666,-1718.6154014536633
0.06551458603499999,-1712.646364439484
0.06572923473433333,-1706.6773273587376
0.06540726163333334,-1700.708290277991
0.06562191037333333,-1694.7392532638119
0.06261682808933333,-1688.7702161830653
0.06583655910099999,-1682.8011791023189
0.06615853215333334,-1676.8321420215723
0.06637318092333333,-1670.8631050073932
0.06819769518333334,-1664.8940679266466
0.07131010181666667,-1658.9250308459
0.07281264291333334,-1652.955993831721
0.07302729164333334,-1646.9869567509743
0.0753884277,-1641.017919670228
0.07689096886333334,-1635.0488826560486
0.07678364446,-1629.079845508735
0.08043267295333334,-1623.1108084945556
0.07914478052666667,-1617.1417714138092
0.07903745608666667,-1611.1727343330626
0.08075464598666666,-1605.2036973188833
0.08365240386,-1599.234660238137
0.08375972823,-1593.2656231573903
0.08429635,-1587.2965861432112
0.08408170123666668,-1581.3275489958974
0.08515494491000002,-1575.3585119817183
0.08751608099000001,-1569.3894749009717
0.08483297178,-1563.4204378202253
0.08740875659333334,-1557.451400806046
0.0877307297,-1551.4823637252994
0.08762340530333335,-1545.5133267111203
0.08987721703,-1539.5442896303737
0.09009186573666668,-1533.5752525496273
0.09084313633666667,-1527.6062154688807
0.08998454135,-1521.6371783881343
0.09202370436333333,-1515.668141373955
0.09331159677666667,-1509.6991042932086
0.09352624549333333,-1503.730067212462
0.09395554297000001,-1497.7610301982827
0.09545808409666667,-1491.7919931175363
0.09524343537,-1485.8229560367897
0.09803386895666667,-1479.8539190226106
0.09792654461,-1473.8848818752967
0.09792654456666666,-1467.9158448611176
0.10125360005,-1461.946807780371
0.09942908574666666,-1455.9777706996247
0.10114627562666667,-1450.0087336854453
0.10318543863,-1444.0396966046987
0.10415135795000001,-1438.0706595905197
0.10597587222666667,-1432.101622509773
0.10500995292666666,-1426.1325854290267
0.10758573777000001,-1420.16354834828
0.10694179154666666,-1414.1945112675337
0.10715644029,-1408.2254742533544
0.10973222515333332,-1402.256437172608
0.10908827897000001,-1396.2874000918614
0.10941025203666667,-1390.318363077682
0.10983954953333334,-1384.3493259969357
0.11177138818333333,-1378.380288916189
0.11069814445,-1372.4112518354427
0.11166406383666666,-1366.4422147546961
0.11177138818666665,-1360.473177740517
0.11112744196666667,-1354.5041406597704
0.11102011759333334,-1348.5351035790238
0.11026884702666667,-1342.5660665648447
0.11123476637666667,-1336.5970294840981
0.11037617144999999,-1330.627992469919
0.10951757646333334,-1324.6589553891724
0.11155673948333333,-1318.689918308426
0.10919560340666666,-1312.7208812276795
0.10941025211,-1306.751844146933
0.11144941517333333,-1300.7828071327538
0.1091956034,-1294.8137700520074
0.10994687396999998,-1288.8447329712608
0.11166406393666665,-1282.8756959570815
0.10962490087666665,-1276.906658876335
0.11037617145666666,-1270.9376217955885
0.11155673957333334,-1264.968584714842
0.11209336139666666,-1258.9995476340955
0.11241533451,-1253.0305106199164
0.11198603705,-1247.0614735391698
0.11059082022000001,-1241.0924364584232
0.11348857821999998,-1235.1233994442441
0.11220068579666669,-1229.1543623634975
0.11338125387333332,-1223.1853253493184
0.11262998331333333,-1217.2162882020045
0.11348857828666666,-1211.2472511878254
0.11520576822666667,-1205.2782141070788
0.11617168758333334,-1199.3091770263325
0.11670830942666666,-1193.3401400121531
0.11670830944999999,-1187.3711029314068
0.11735225568333334,-1181.4020658506602
0.11810352628666666,-1175.4330288364808
0.11767422881333334,-1169.4639917557345
0.11864014820333335,-1163.4949546749879
0.11885479689333334,-1157.5259175942415
0.11799620197,-1151.556880513495
0.11842549943000001,-1145.5878434993158
0.11842549944333335,-1139.6188064185692
0.11853282381333334,-1133.6497693378226
0.11799620197666667,-1127.6807323236435
0.11724493138999999,-1121.711695242897
0.11670830952,-1115.7426581621505
0.11520576834,-1109.773621081404
0.11638633642,-1103.8045840672248
0.11584971457666667,-1097.8355469864782
0.11423984902666667,-1091.8665099057318
0.11531309270000001,-1085.8974728915525
0.11423984899666667,-1079.9284358108061
0.11241533469,-1073.9593987300595
0.11434717338333333,-1067.9903617158802
0.11295195655000001,-1062.0213245685666
0.11198603721666667,-1056.0522875543872
0.10983954980666666,-1050.0832504736409
0.11059082037666666,-1044.1142133928943
0.11016152287666665,-1038.1451763787152
0.10737108927,-1032.1761392979686
0.10887363044333333,-1026.207102217222
0.10672714300666668,-1020.2380652030429
0.10715644050666667,-1014.2690281222964
0.10597587241,-1008.2999910415499
0.10704911608333334,-1002.3309539608033
0.10629784545,-996.3619168800568
0.10640516985,-990.3928798658776
0.10790771099666667,-984.4238427851311
0.10436600681333334,-978.4548057709519
0.10715644042000001,-972.4857686902054
0.10608319672333333,-966.5167316094589
0.10629784546,-960.5476945287124
0.10694179163666667,-954.578657447966
0.10479530426000001,-948.6096204337867
0.09835584203333335,-942.6405833530401
0.10382938493333332,-936.6715462722937
0.10382938489999999,-930.7025092581144
0.10221951933,-924.733472177368
0.10082430253,-918.7644350966215
0.09942908575666666,-912.7953980824423
0.09878513952666668,-906.8263609351285
0.09932176136333333,-900.8573239209493
0.09653132778333333,-894.8882868402027
0.09814119329333333,-888.9192497594562
0.09599470592333333,-882.950212745277
0.09502878662000001,-876.9811756645305
0.09438484038666667,-871.0121386503513
0.09352624544666667,-865.0431015696048
0.09266765047333332,-859.0740644888583
0.09288229923666667,-853.1050274081118
0.09202370429333334,-847.1359903273653
0.09170173115333334,-841.1669533131861
0.08955524379333334,-835.1979162324395
0.08934059506333332,-829.228879151693
0.08944791941,-823.2598421375138
0.08494029594666667,-817.2908050567673
0.08440367411666667,-811.3217679760209
0.08483297155666668,-805.3527308952744
0.08182788926333333,-799.3836938145279
0.07925210443666666,-793.4146568003487
0.07893013133333333,-787.4456197196021
0.07807153637999999,-781.4765826388556
0.07646167087333333,-775.5075456246764
0.07538842718333333,-769.5385085439299
0.07216869617333334,-763.5694715297507
0.07163207432666667,-757.6004344490042
0.07206137180333334,-751.6313973682577
0.06948558702666667,-745.6623602875112
0.06970023574666667,-739.6933232067646
0.06980756013333334,-733.7242861925854
0.06841234337333334,-727.7552491118389
0.06819769465333334,-721.7862120310924
0.06723177533666667,-715.8171750169132
0.06583655863,-709.8481379361667
0.06572923425,-703.8791008554202
0.06508528808433334,-697.9100637746737
0.06529993680333333,-691.9410266939273
0.06594388302333333,-685.971989679748
0.06465599061366667,-680.0029525990014
0.06401204440033333,-674.033915518255
0.064334017488,-668.0648785040758
0.06175823272933333,-662.0958414233293
0.062080205778666665,-656.12680440915
0.061006962107999996,-650.1577672618363
0.06004104278866667,-644.1887302476571
0.05961174525333333,-638.2196931669106
0.05821652846666667,-632.250656086164
0.057894555336666674,-626.2816190719848
0.05639201418666667,-620.3125819912383
0.05446017556,-614.3435449104918
0.05349425625333334,-608.3745078963126
0.053494256233333336,-602.4054708155661
0.05381622933,-596.4364337348196
0.0502745252,-590.4673966540731
0.05038184953666667,-584.4983595733266
0.05038184955666667,-578.5293225591474
0.04973790336,-572.5602854784008
0.049630578993333334,-566.5912483976543
0.049415930239999996,-560.6222113834751
0.048879308409999996,-554.6531743027286
0.048986632780000004,-548.6841372885494
0.047162118536666665,-542.7151001412357
0.04855733531333334,-536.7460630604892
0.048771984049999995,-530.77702604631
0.04769874039333333,-524.8079889655634
0.0483426866,-518.8389519513842
0.04651817235,-512.8699148706377
0.04898663281000001,-506.9008777898912
0.047591416047000006,-500.931840775712
0.04845001096666667,-494.9628036283982
0.048342686618,-488.993766614219
0.04887930844333333,-483.02472953347245
0.04866465971366666,-477.05569245272596
0.04662549676133334,-471.08665543854676
0.049845227755,-465.11761835780027
0.04995255213766667,-459.1485812770537
0.04909395720833334,-453.1795442628745
0.050811147050000005,-447.210507182128
0.050059876512,-441.24147010138154
0.04973790340366666,-435.27243302063505
0.052206363843333325,-429.3033959398885
0.049630579040000004,-423.3343589257093
0.05048917396766667,-417.3653218449628
0.05113312015000001,-411.3962848307836
0.052850310013333325,-405.4272477500371
0.052313688190000006,-399.45821066929057
0.05370890495333333,-393.48917365511136
0.054245526776666664,-387.5201365077976
0.05338693183333334,-381.5510994936184
0.056606662839999995,-375.58206241287184
0.05703596029666667,-369.61302533212535
0.05725060903333334,-363.64398831794614
0.058645825799999995,-357.67495123719965
0.05928977197666666,-351.7059141564531
0.06014836692666666,-345.7368771422739
0.061006961853333326,-339.7678399949601
0.06283147608666667,-333.7988029807809
0.06315344919333334,-327.8297659000344
0.06347542227666667,-321.8607288192879
0.06755374824,-315.8916918051087
0.06766107260666666,-309.9226547243622
0.06884164063666666,-303.953617710183
0.07195404730666667,-297.9845806294365
0.0719540473,-292.01554354868995
0.07592504891,-286.04650646794346
0.07796421190666666,-280.07746938719697
0.07785688753333332,-274.10843237301776
0.08225718663333333,-268.1393952922712
0.08204253789333334,-262.17035821152473
0.0826864841,-256.2013211973455
0.08472564710333332,-250.232284116599
0.08762340505666666,-244.26324703585252
0.08794537815666666,-238.2942100216733
0.09019918989999999,-232.32517287435948
0.09341892097666667,-226.35613586018027
0.09331159658,-220.38709877943379
0.09524343525000001,-214.41806169868727
0.09717527389333334,-208.44902468450806
0.09792654449333332,-202.47998760376157
0.10018035621666666,-196.51095058958236
0.10179022176666667,-190.54191350883585
0.10372206039333333,-184.57287642808933
0.10340008731666667,-178.60383934734284
0.10500995282666666,-172.63480226659632
0.10640516966666667,-166.66576525241712
0.1090882789,-160.6967281716706
0.10930292762666666,-154.7276910909241
0.10962490074333332,-148.7586540767449
0.11348857806666668,-142.7896169959984
0.11499111923333334,-136.8205799152519
0.11584971416666667,-130.85154283450538
0.11896212096666665,-124.88250575375888
0.11939141843333334,-118.91346873957967
0.12239650079999999,-112.94443165883317
0.12486496130000001,-106.97539457808665
0.12615285376666666,-101.00635756390744
0.12808469246666668,-95.03732048316094
0.1302311799,-89.06828346898173
0.13055315296666667,-83.09924638823523
0.1316263967,-77.13020924092142
0.13516810093333334,-71.16117222674221
0.13484612783333333,-65.1921351459957
0.13634866903333334,-59.2230981318165
0.13817318336666667,-53.254061051069996
0.1403196708,-47.285023970323486
0.14311010443333333,-41.31598695614428
0.13967572456666666,-35.346949875397776
0.14493461876666666,-29.377912794651266
0.14471997,-23.408875713904763
0.14579321373333334,-17.439838633158256
0.1479397012,-11.470801618979047
0.14793970116666666,-5.501764538232541
0.1503008373,0.46727250923031627
0.15191070293333334,6.436309556693173
0.15394986600000002,12.40534663743968
0.15480846096666667,18.374383684902536
0.1551304341,24.34342079893269
0.15609635346666664,30.31245784639555
0.15684762406666666,36.28149489385841
0.1573842459,42.25053197460491
0.160282004,48.219569022067766
0.16038932833333333,54.18860606953063
0.16146257213333334,60.15764311699348
0.16339441083333334,66.12668019773999
0.16521892516666667,72.09571724520285
0.166614142,78.064754359233
0.16951190006666664,84.03379140669585
0.16972654883333335,90.00282845415872
0.17219500943333332,95.97186553490522
0.17122909006666664,101.94090258236808
0.1728389557,107.90993962983093
0.17530741626666668,113.87897667729379
0.1761660113,119.8480137580403
0.178956445,125.8170508387868
0.1797077156,131.78608791953332
0.18131758126666667,137.75512496699616
0.18539590746666668,143.724162014459
0.18657647556666668,149.69319909520553
0.19001085556666666,155.66223614266838
0.1901181799,161.63127319013125
0.19086945056666668,167.6003102375941
0.19451847923333335,173.56934731834062
0.19505510113333333,179.53838443237078
0.19977737363333334,185.50742147983362
0.20246048303333333,191.47645852729647
0.20439232176666666,197.44549557475935
0.20707543113333335,203.41453265550584
0.2081486749,209.38356970296869
0.21126108183333334,215.35260675043156
0.21415883989999998,221.3216437978944
0.2165199762,227.29068087864093
0.2190957612,233.25971799267109
0.22038365370000002,239.22875504013393
0.2237107094,245.19779208759678
0.2266084676333333,251.16682913505966
0.22811100883333335,257.1358662158062
0.2314380645,263.104903263269
0.2319746864,269.07394031073187
0.23336990333333332,275.0429773581947
0.2360530127,281.0120144722249
0.23594568833333332,286.9810515529714
0.23626766146666667,292.95008860043424
0.23755555393333336,298.9191256478971
0.2397020415,304.88816269535994
0.24023866336666666,310.8571997761065
0.24045331213333335,316.82623682356933
0.2419558534,322.7952738710322
0.24206317773333333,328.764310918495
0.24302909716666665,334.7333480325252
0.2443169896,340.7023851132717
0.24410234089999996,346.67142216073455
0.24420966526666665,352.6404592081974
0.24345839456666665,358.60949625566025
0.2456048821,364.5785333364068
0.24313642143333333,370.54757038386964
0.2433510702,376.5166074313325
0.24410234086666668,382.48564447879534
0.2443169896,388.4546815928255
0.24431698963333334,394.423718673572
0.24485361149999998,400.39275572103486
0.246141504,406.3617927684977
0.24539023336666665,412.33082981596056
0.2471074234,418.2998668967071
0.24721474779999997,424.26890394416995
0.24957588413333334,430.2379409916328
0.2493612353,436.2069781056629
0.2496832084666667,442.17601515312583
0.2511857497666667,448.1450522338723
0.2502198303,454.11408928133517
0.25118574973333335,460.083126328798
0.252688291,466.05216337626086
0.2530102641,472.0212004570074
0.25247364219999996,477.99023750447026
0.25537140043333334,483.9592745519331
0.2536542103666667,489.92831166596324
0.256122671,495.89734871342614
0.255264076,501.86638579417263
0.25526407596666667,507.8354228416355
0.25816183416666666,513.8044598890983
0.2575178879,519.7734969365612
0.2579471854,525.7425340173077
0.2577325366666667,531.7115710647705
0.2576252122666667,537.6806081122335
0.25708859036666665,543.6496452262636
0.2578398610666667,549.6186822737264
0.25719591476666664,555.5877193544729
0.256981266,561.5567564019358
0.2569812660333333,567.5257934493986
0.25655196846666667,573.4948304968615
0.25515675159999995,579.463867577608
0.2564446441666667,585.4329046250708
0.2563373197666667,591.4019417391011
0.25494210283333335,597.3709787865639
0.25440548100000004,603.3400158340268
0.2538688591,609.3090529147732
0.2531175884,615.2780899622361
0.25215166910000003,621.2471270096989
0.25236631783333335,627.2161640571618
0.2529029396333333,633.1852011379083
0.250434479,639.1542381853711
0.25193702026666664,645.1232752994014
0.2507564520666667,651.0923123468642
0.25268829083333333,657.0613493943271
0.2509711007666667,663.0303864750736
0.249897857,668.9994235225364
0.2519370202,674.9684605699993
0.2503271544666667,680.9374976174621
0.2500051813,686.9065346982086
0.25182969576666664,692.8755717456714
0.25011250563333337,698.8446088597017
0.25043447879999997,704.8136459071645
0.25054180316666663,710.7826829546274
0.24807334243333334,716.7517200353739
0.24635615239999997,722.7207570828367
0.24581953046666669,728.6897941302996
0.24517558426666666,734.6588311777624
0.24324374546666663,740.6278682585089
0.2423851504,746.5969053725391
0.24217050166666668,752.565942420002
0.24098993353333334,758.5349794674648
0.2392727434666667,764.5040165149277
0.2395947166,770.4730535956742
0.23551639026666668,776.442090643137
0.2370189315333333,782.4111276905999
0.2359456878,788.3801647380627
0.23669695840000002,794.3492018188092
0.23701893153333334,800.3182389328394
0.236589634,806.2872759803023
0.23626766089999998,812.2563130277651
0.23626766089999998,818.225350075228
0.23637498526666667,824.1943871559745
0.23669695839999996,830.1634242034373
0.23530174150000002,836.1324612509002
0.23379920023333334,842.101498298363
0.23497976836666665,848.0705353791095
0.2377702022,854.0395724931398
0.23551639026666668,860.0086095406026
0.23744822903333332,865.9776465880655
0.23970204096666667,871.9466836355283
0.2392727434666667,877.9157207162748
0.23938006783333332,883.8847577637376
0.24034598723333334,889.8537948112005
0.2403459873,895.8228318586633
0.24270712360000002,901.7918689726935
0.24324374546666663,907.7609060534401
0.24217050173333332,913.7299431009029
0.24302909679999998,919.6989801483658
0.24335106990000002,925.6680171958286
0.2450682599666667,931.6370542765751
0.24324374556666664,937.606091324038
0.24345839430000002,943.5751283715008
0.2447462868666667,949.5441654189636
0.24367304309999996,955.5132025329938
0.24270712373333334,961.4822396137404
0.24335106996666667,967.4512766612032
0.2441023406666667,973.4203137086661
0.2448536113666667,979.3893507561289
0.24378036756666666,985.3583878368754
0.2457122064,991.3274248843383
0.24399501633333331,997.2964619318011
0.24517558453333335,1003.265498979264
0.24657080136666665,1009.2345360932942
0.2468927745666667,1015.2035731740407
0.24657080146666668,1021.1726102215035
0.24721474766666665,1027.1416472689664
0.2503271546333333,1033.1106843164291
0.24850264016666668,1039.0797213971757
0.24903926206666668,1045.0487584446387
0.25118574956666667,1051.0177954921014
0.2515077227,1056.9868326061317
0.25204434459999997,1062.9558696535944
0.2521516689666667,1068.924906734341
0.2537615346,1074.8939437818037
0.25451280523333336,1080.8629808292667
0.25622999523333334,1086.8320178767294
0.2575178878,1092.801054957476
0.2583764828,1098.770092004939
0.2607376191,1104.7391290524017
0.26095226783333336,1110.708166166432
0.26266945793333335,1116.6772032138947
0.2640646747666667,1122.6462402946413
0.2665331355,1128.615277342104
0.26771370366666664,1134.584314389567
0.27168470570000003,1140.5533514370297
0.2718993544,1146.5223885177763
0.27490443699999995,1152.4914255652393
0.2778021952333333,1158.460462612702
0.2778021952333334,1164.4294997267323
0.28027065596666667,1170.398536774195
0.2832757386,1176.3675738549416
0.28488560423333337,1182.3366109024043
0.2881053356666667,1188.3056479498673
0.29347155463333335,1194.27468499733
0.29722790796666665,1200.2437220780766
0.2995890443,1206.2127591255396
0.30248680256666666,1212.1817962395696
0.3029161001333333,1218.1508332870326
0.3062431559,1224.1198703344953
0.3107507799,1230.088907415242
0.31515107956666666,1236.0579444627047
0.31869278416666663,1242.0269815101676
0.3224491375333333,1247.9960185576304
0.3280300054333333,1253.965055638377
0.3342548196333333,1259.93409268584
0.337152578,1265.90312979987
0.3429480946666666,1271.872166847333
0.34702642126666666,1277.8412038947956
0.3502461528333333,1283.8102409755422
0.35614899396666666,1289.779278023005
0.36108591566666665,1295.748315070468
0.3663448105666666,1301.7173521179307
0.3702084884666667,1307.6863891986773
0.37976035883333337,1313.6554262461402
0.3877023634,1319.6244633601702
0.3957516924333333,1325.5935004076332
0.40176185816666665,1331.562537455096
0.41174302616666664,1337.5315745358425
0.41667994810000003,1343.5006115833053
0.42483660163333337,1349.4696486307682
0.4323493089666666,1355.438685678231
0.43932539426666667,1361.4077227589776
0.44694542609999993,1367.3767598730078
0.4612195702,1373.3457969204705
0.47259595579999997,1379.3148339679335
0.4806452852666667,1385.2838710153962
0.48826531730000006,1391.2529080961428
0.49663662003333336,1397.2219451436056
0.5058665180666667,1403.1909821910685
0.5125206306,1409.1600192385313
0.5213212311333334,1415.1290563192779
0.5311950757333334,1421.0980934333081
0.5398883518666667,1427.0671304807709
0.5520160091,1433.0361675282338
0.5651095858666666,1439.0052045756966
0.5741248355666667,1444.9742416564432
0.5829254365,1450.943278703906
0.591833362,1456.9123157513689
0.6021365047666666,1462.8813527988316
0.6102931595,1468.8503898795782
0.6226354661,1474.8194269936084
0.6312214186666667,1480.7884640410712
0.6424904814333333,1486.7575010885341
0.6560133570333334,1492.7265381359969
0.6705021522666667,1498.6955752167435
0.6803759981,1504.6646122642062
0.6896058975666667,1510.6336493116692
0.7003383388666667,1516.602686359132
0.7111781047666668,1522.5717234398785
0.7197640579333333,1528.5407605539087
0.7292086066,1534.5097976013715
0.7399410483333333,1540.4788346488344
0.7485270016666666,1546.4478716962972
0.7666648286333334,1552.4169087770438
0.7764313509666666,1558.3859458245065
0.7861978733666666,1564.3549828719695
0.7952131248666667,1570.3240199194322
0.8044430253666667,1576.2930570334624
0.8121703839666666,1582.262094114209
0.8227955021666666,1588.2311311616718
0.8314887807,1594.2001682091347
0.8415772769666666,1600.1692052565975
0.8495192847666667,1606.138242337344
0.8692669799666667,1612.1072793848068
0.8783895567666667,1618.0763164322698
0.8865462136666666,1624.0453534797327
0.8953468172666667,1630.0143905937628
0.9041474210333332,1635.9834276745094
0.9120894293333334,1641.952464721972
0.9205680598666666,1647.921501769435
0.9311931793,1653.8905388168978
0.9405304055666667,1659.8595758976444
0.9475064942000001,1665.8286129451071
0.9647857294,1671.79764999257
0.973371685,1677.766687040033
0.9800258004,1683.735724154063
0.9887190806666667,1689.7047612348097
0.9961244672666667,1695.6737982822724
1.0023492854,1701.6428353297354
1.0102912947666667,1707.611872377198
1.0198431706333333,1713.5809094579447
1.0245654463333331,1719.5499465054074
1.0347612693333332,1725.5189835528704
1.0443131460000001,1731.4880206669006
1.0513965596666666,1737.4570577143634
1.0582653246666667,1743.42609479511
1.0652414143333333,1749.3951318425727
1.0707149616666667,1755.3641688900357
1.0760811846666667,1761.3332059374984
1.0829499496666666,1767.302243018245
1.0891747686666668,1773.2712800657077
1.0945409913333333,1779.2403171131707
1.1008731346666667,1785.209354227201
1.1102103626666668,1791.1783912746637
1.1142886926666666,1797.1474283554103
1.118367022,1803.116465402873
1.1220160536666668,1809.085502450336
1.125128463,1815.0545394977987
1.1295287663333333,1821.0235765785453
1.132855825,1826.992613626008
1.135431612,1832.961650673471
1.140046564,1838.9306877875013
1.1423003776666667,1844.899724834964
1.147451952,1850.8687619157106
1.149276468,1856.8377989631733
1.150242388,1862.8068360106363
1.1537840956666665,1868.775873058099
1.1566818560000003,1874.7449101388456
1.1588283460000002,1880.7139471863084
1.1594722923333334,1886.6829843003386
1.1612968083333335,1892.6520213478016
1.1621554043333333,1898.6210583952643
1.1633359733333333,1904.590095476011
1.165375138,1910.5591325234736
1.1643018936666667,1916.5281695709366
1.1643018936666667,1922.4972066183993
1.1641945693333333,1928.466243699146
1.162584702,1934.4352807466087
1.1619407549999998,1940.404317860639
1.1617261063333333,1946.3733549081019
1.1581843990000003,1952.3423919555646
1.1571111543333334,1958.3114290363112
1.1534621223333332,1964.280466083774
1.1487398456666666,1970.249503131237
1.1460567343333334,1976.2185401786996
1.1424077023333334,1982.1875772594462
1.139831915,1988.156614306909
1.1370414789999999,1994.1256514209392
1.1325338516666665,2000.0946884684022
1.1302800373333335,2006.063725515865
1.127382277,2012.0327625966115
1.123411272,2018.0017996440743
1.118581671,2023.9708366915372
1.1117129053333334,2029.939873739
1.1094590916666667,2035.9089108197466
1.103234273,2041.8779479337768
1.101839055,2047.8469849812395
1.0959362096666665,2053.8160220287023
1.091428582,2059.7850590761655
1.0874575773333333,2065.7540961569116
1.0837012213333335,2071.723133204375
1.077047105,2077.6921702518375
1.0711442596666665,2083.6612072993003
1.0626656280000002,2089.630244380047
1.0590165963333333,2095.599281494077
1.0512892356999999,2101.56831854154
1.0462449863666665,2107.537355589003
1.0392688969666668,2113.5063926364655
1.0358345145333334,2119.475429717212
1.0273558825,2125.444466764675
1.0205944424,2131.4135038121376
1.0146915975666666,2137.382540859601
1.0046030992666666,2143.351577940347
0.9918314901333333,2149.3206150543774
0.9831382098333333,2155.28965210184
0.9761621212333335,2161.258689149303
0.9688640589666667,2167.227726196766
0.9599561301333334,2173.196763277512
0.9467552236333333,2179.1658003249754
0.9457893038666668,2185.134837372438
0.9378472951666667,2191.103874419901
0.9300126112,2197.072911533931
0.9208900338333333,2203.0419486146775
0.908655048,2209.0109856621407
0.9001764176333333,2214.9800227096034
0.8933076537666667,2220.949059757066
0.8854729701333334,2226.9180968378128
0.8810726684333333,2232.8871338852755
0.8717354428666667,2238.856170932738
0.8648666791333333,2244.825208013485
0.8570319958666667,2250.7942450942314
0.8514511254666667,2256.763282174978
0.8403967091666668,2262.7323192224408
0.8286983466,2268.7013562699035
0.8210783123333334,2274.6703933173667
0.8132436291666667,2280.639430398113
0.8056235950000001,2286.608467445576
0.7982182096666667,2292.5775044930388
0.7907055000666666,2298.5465415737854
0.7829781415666667,2304.5155786545315
0.7768606495333333,2310.484615735278
0.7684893446666666,2316.4536527827413
0.7556104143,2322.422689830204
0.7455219189333334,2328.3917268776668
0.7385458316333334,2334.3607639584134
0.7301745271666666,2340.329801005876
0.7220178715,2346.298838053339
0.7149344600666666,2352.2678751673693
0.7069924533666666,2358.236912214832
0.69937242,2364.2059492955786
0.6932549284,2370.1749863430414
0.6866008147999999,2376.144023390504
0.6761903467,2382.1130604379673
0.6659945277333333,2388.0820975187135
0.6583744946333333,2394.0511345661766
0.6523643276666666,2400.0201716136394
0.6454955654333333,2405.9892087276694
0.6407732914666666,2411.958245775132
0.6341191781000001,2417.9272828558787
0.6288602821333333,2423.896319903342
0.6218841956333333,2429.8653569508047
0.6199523562999999,2435.8343939982674
0.6101858352999999,2441.803431079014
0.6034243977333333,2447.7724681264767
0.5977362042666666,2453.7415051739395
0.5910820912666667,2459.71054228797
0.5875403858666667,2465.6795793354327
0.5826034633666667,2471.6486164161793
0.5759493503666667,2477.617653463642
0.5729442671,2483.5866905111047
0.5670414249666668,2489.555727558568
0.5621045025333333,2495.524764639314
0.5494402232333333,2501.4938016867773
0.5495475476333334,2507.4628388008073
0.5435373812666667,2513.43187584827
0.5380638369,2519.400912895733
0.5355953756999999,2525.3699499764793
0.5299071825666667,2531.3389870239425
0.5243263139333334,2537.3080240714053
0.5202479868333333,2543.277061118868
0.5156330377,2549.2460981996146
0.5121986570333333,2555.2151352470773
0.5040420029333333,2561.1841723611074
0.4992124051666667,2567.1532094085705
0.49427548293333334,2573.1222464560333
0.48976785833333336,2579.09128353678
0.48568953136666665,2585.0603205842426
0.4826844483333333,2591.0293576317054
0.4769962554666667,2596.9983946791685
0.4720593334,2602.9674317599147
0.4675517088666667,2608.936468807378
0.46390267953333336,2614.905505921408
0.45542405259999996,2620.8745429688706
0.45027248176666673,2626.843580016334
0.44512091100000006,2632.81261709708
0.44104258413333336,2638.781654144543
0.43717890610000004,2644.750691192006
0.4319200109666667,2650.7197282394686
0.42945155,2656.688765320215
0.42397800613333336,2662.6578024342452
0.41925573306666664,2668.626839481708
0.417860516,2674.595876529171
0.40948921366666663,2680.564913576634
0.40476694063333335,2686.5339506573805
0.40111791143333336,2692.5029877048432
0.3961809896333333,2698.472024752306
0.39349787993333335,2704.4410618330526
0.3886682825666667,2710.4100988805153
0.3855558753333333,2716.379135994546
0.38244346816666663,2722.3481730420085
0.3761113294,2728.3172100894712
0.3737501929,2734.2862471369344
0.3670960810333333,2740.2552842176806
0.3650569177333334,2746.2243212651438
0.3616225374,2752.1933583126065
0.35786618396666664,2758.162395393353
0.3548611011666667,2764.131432440816
0.34895826010000003,2770.100469554846
0.3474557187333333,2776.0695066023086
0.3434847165333334,2782.038543649772
0.3380111730333333,2788.0075806972345
0.3360793341333333,2793.976617777981
0.32792268103333333,2799.945654825444
0.32502492276666667,2805.9146918729066
0.32083927186666666,2811.883728953653
0.31719024290000003,2817.8527660344
0.31439980903333337,2823.8218031151464
0.30989218500000004,2829.790840162609
0.3069944267,2835.759877210072
0.3042039928333333,2841.728914257535
0.30141355896666666,2847.697951338281
0.2965839618333333,2853.6669883857444
0.29035914783333333,2859.636025433207
0.28896393093333334,2865.6050625139537
0.28585152396666663,2871.5740995947
0.28306109006666663,2877.5431366754465
0.28241714386666666,2883.512173722909
0.27919741246666663,2889.4812107703724
0.2769436005666666,2895.450247817835
0.2750117617666667,2901.4192848985817
0.27329457166666665,2907.3883219460445
0.2714700573,2913.357358993507
0.2673917309333333,2919.326396074254
0.26642581153333333,2925.2954331550004
0.2652452434,2931.264470235747
0.26385002646666667,2937.2335072832097
0.2602009976333333,2943.2025443306725
0.2592350782333333,2949.1715813781357
0.25805451009999997,2955.140618458882
0.2550494275333333,2961.109655506345
0.2541908324666667,2967.0786925538077
0.25150772303333335,2973.0477296678378
0.24828799173333335,2979.0167667153005
0.24345839473333333,2984.985803796047
0.24302909723333335,2990.95484084351
0.23948739283333334,2996.923877890973
0.2398093659666667,3002.8929149384358
0.23476512029999996,3008.8619520191824
0.2346577959666667,3014.830989066645
0.23197468653333334,3020.800026114108
0.22993552346666668,3026.7690632281383
0.22789636026666668,3032.738100275601
0.22371070960000003,3038.7071373563476
0.2200616809,3044.6761744038104
0.2209202759,3050.645211451273
0.21598335456666665,3056.6142484987363
0.2136222183333333,3062.5832855794824
0.21265629893333335,3068.5523226269456
0.21072446016666668,3074.5213596744084
0.20782670206666667,3080.4903967884384
0.2062168364,3086.459433835901
0.20256780770000002,3092.4284709166477
0.19720158896666665,3098.3975079641104
0.1945184796,3104.3665450115736
0.19205001903333332,3110.3355820590364
0.1893669097,3116.304619139783
0.18786436836666667,3122.2736561872457
0.18614717846666665,3128.2426933012757
0.1801370135,3134.211730348739
0.18121025719999997,3140.1807673962016
0.17723925543333333,3146.1498044769482
0.17423417296666666,3152.118841524411
0.17187303677000002,3158.0878785718737
0.16800935935999997,3164.056915619337
0.16618484496,3170.025952700083
0.1660775206,3175.9949897475462
0.16339441130000001,3181.9640268615763
0.15996003137999998,3187.933063909039
0.1596380582766667,3193.9021009565017
0.15792086827333332,3199.8711380372483
0.15684762456,3205.840175084711
0.15330592020333333,3211.8092121321743
0.15212535209333333,3217.778249212921
0.14879829660666666,3223.7472862603836
0.14836899910666665,3229.7163233078463
0.14643716042666668,3235.6853604218763
0.14590053853333332,3241.6543974693395
0.14343207798666666,3247.6234345168023
0.14332475370666667,3253.592471597549
0.14439799735333333,3259.5615086450116
0.14107094187333333,3265.5305456924743
0.13892445443333334,3271.499582773221
0.14074896876666668,3277.4686198206837
0.13978304946,3283.437656934714
0.13881713003333332,3289.406693982177
0.14064164443000002,3295.3757310296396
0.13913910325666667,3301.3447680771023
0.13860248139,3307.313805157849
0.13699261581666666,3313.2828422053117
0.13860248139,3319.251879252775
0.13774388642,3325.2209163335215
0.13795853518666668,3331.189953380984
0.1357047233533333,3337.158990495014
0.13549007464666665,3343.128027542477
0.13463147965,3349.09706458994
0.13484612844666666,3355.066101637403
0.13355823595,3361.0351387181495
0.13624134528333334,3367.004175765612
0.13506077715,3372.973212813075
0.13516810158,3378.9422498938216
0.13559739904999998,3384.9112869412843
0.13398753348,3390.8803240553148
0.13312893854333332,3396.8493611027775
0.13334358725,3402.8183981502402
0.13269964101333334,3408.787435197703
0.13291428975,3414.7564722784496
0.13205569475,3420.7255093259128
0.13098245108333334,3426.6945463733755
0.1311970997866667,3432.663583454122
0.12980188295333334,3438.6326205348682
0.12969455861666665,3444.601657615615
0.13141174850333334,3450.5706946630776
0.1288359636,3456.5397317105408
0.13194837029000003,3462.5087687580035
0.13237766782000002,3468.47780583875
0.13205569472,3474.446842886213
0.13248499219333335,3480.4158799336756
0.13205569467333333,3486.384917014422
0.13334358720333334,3492.353954095169
0.13151907281,3498.3229911759154
0.13237766778333335,3504.292028223378
0.13141174845,3510.261065270841
0.13173372153333332,3516.2301023183036
0.13076780219999998,3522.19913939905
0.13001653162666668,3528.1681764465134
0.12980188291333333,3534.137213493976
0.12926526103666666,3540.1062505747227
0.12797736854333333,3546.075287655469
0.12905061231,3552.0443247362155
0.12754807109,3558.013361783678
0.12701144924666666,3563.9823988311414
0.12529425926999999,3569.951435878604
0.12411369121666666,3575.9204729593507
0.12250382560999999,3581.8895100068135
0.12357706937666667,3587.858547054276
0.12067931132666665,3593.8275841683067
0.1228257987,3599.7966212157694
0.11982071632666667,3605.765658296516
0.12218185248666667,3611.7346953439787
0.12153790622999999,3617.7037323914415
0.12014268941,3623.672769438904
0.11316660548000002,3629.641806519651
0.11949874318000002,3635.610843567114
0.11670830956,3641.5798806145767
0.11745958011,3647.5489177286067
0.11692295826999999,3653.5179547760695
0.11531309269333334,3659.486991856816
0.11413252459666667,3665.456028904279
0.11402520024333335,3671.425065951742
0.11305928090999999,3677.394103032488
0.11112744226666665,3683.3631400799513
0.10962490112,3689.332177127414
0.10865898178333333,3695.301214174877
0.10629784567666667,3701.2702512889073
0.1044733314,3707.23928833637
0.10361473646333334,3713.2083254171166
0.10264881716,3719.1773624645793
0.09932176168666668,3725.146399512042
0.09985838356,3731.1154365927887
0.09803386930666667,3737.0844736402514
0.09728259872,3743.0535106877146
0.09427751639,3749.0225478017446
0.09556540890333332,3754.9915848492074
0.09492146263333333,3760.96062189667
0.09341892154333332,3766.9296589774167
0.09277497530333334,3772.8986960248794
0.09384821900666666,3778.8677330723426
0.09191638035000001,3784.8367701530888
0.09459948957666668,3790.805807200552
0.09352624589999999,3796.7748442480147
0.09234567784666668,3802.7438813620447
0.09298962403,3808.712918409508
0.09137975855333334,3814.6819554569706
0.0913797585,3820.6509925377172
0.09159440728333333,3826.62002958518
0.08858932491,3832.5890666326427
0.08837467617666667,3838.5581037133893
0.08558424263000002,3844.527140760852
0.08440367452666668,3850.496177808315
0.08354507953333333,3856.4652149223452
0.08343775520666667,3862.434251969808
0.08053999725,3868.4032890172707
0.07764223926666668,3874.3723260980173
0.07581772507,3880.34136314548
0.07635434688333333,3886.3104001929432
0.07120277722666667,3892.2794372736894
0.07184672338999999,3898.2484743211526
0.07023685788333334,3904.2175114351826
0.06862699238333332,3910.1865484826453
0.06755374869333333,3916.1555855301085
0.06594388317666668,3922.1246225775712
0.06293880088333333,3928.093659658318
0.06100696224,3934.0626967057806
0.059075123630000004,3940.0317337532433
0.058967799243333334,3946.00077083399
0.057465258076666664,3951.9698078814527
0.05607004127666667,3957.938844995483
0.05435285138666667,3963.907882042946
0.05199171524666666,3969.8769190904086
0.05199171528333333,3975.8459561378713
0.049737903519999994,3981.814993218618
0.04651817253999999,3987.7840302660807
0.04587422631666666,3993.753067313544
0.042225197840333344,3999.72210439429
0.040937305440333326,4005.691141441753
0.03707362822266667,4011.660178555783
0.035034465255,4017.629215603246
0.03417587033933333,4023.598252650709
0.031814734233333336,4029.567289698172
0.029882895674553333,4035.5363267789185
0.031063463667666668,4041.505363826381
0.029668246879333334,4047.474400873844
0.028380354442666667,4053.4434379545905
0.027629083875999997,4059.412475035337
0.028273030036,4065.3815121160837
0.027629083834333334,4071.3505491635465
0.02784373254966667,4077.319586211009
0.028273030009666664,4083.288623258472
0.025911893933000002,4089.2576603392185
0.027092461948,4095.2266973866813
0.027521759408999997,4101.1957344341445
0.027951056856666667,4107.164771514891
0.027092461916666668,4113.133808595638
0.027951056846666666,4119.102845676384
0.029024300503333333,4125.071882723847
0.030419517256666667,4131.04091977131
0.03041951726333333,4137.0099568187725
0.03149276091666667,4142.978993899519
0.03138543655333333,4148.948030946982
0.031492760913333334,4154.917067994445
0.034497843173333334,4160.886105075191
0.03492714064333333,4166.855142155938
0.03718095233666666,4172.824179236684
0.036966303603333334,4178.793216284147
0.03825419601333333,4184.76225333161
0.03868349348,4190.731290412356
0.040937305173333334,4196.700327459819
0.03911279094666666,4202.669364507282
0.04179590011333333,4208.638401554745
0.041151953910000004,4214.607438668775
0.04222519757666667,4220.576475716238
0.04351308997666667,4226.545512796984
0.045874226043333334,4232.514549844447
0.046196199140000005,4238.48358689191
0.04898663268333333,4244.4526239726565
0.04780606464666667,4250.421661020119
0.05038184945333333,4256.390698067582
0.05016720072,4262.359735115046
0.05252833679,4268.328772229075
0.05199171495333333,4274.297809276538
0.05306495862333333,4280.2668463572845
0.05413820229,4286.235883404747
0.05467482413,4292.204920452211
0.05564074344333333,4298.173957532957
0.05542609469666667,4304.14299458042
0.05531877033000001,4310.112031627883
0.056177365273333335,4316.081068675346
0.056606662743333334,4322.050105789376
0.058001879523333334,4328.019142836839
0.05843117699,4333.9881799175855
0.05971906940999999,4339.957216965048
0.06143625928666666,4345.926254012511
0.06229485422666667,4351.895291093258
0.06326077354666666,4357.86432814072
0.06218752987,4363.833365188183
0.06594388274333333,4369.8024023022135
0.06551458527333333,4375.771439349676
0.06529993654666666,4381.740476397139
0.06658782896333333,4387.709513477886
0.06701712643666667,4393.678550525348
0.06776839702666666,4399.647587572811
0.06798304576333333,4405.616624653558
0.06905628947666667,4411.58566170102
0.06970023568,4417.554698748483
0.06927093818666667,4423.523735862514
0.06916361383666668,4429.492772909976
0.07109545247333333,4435.461809957439
0.07066615500666666,4441.430847038186
0.07088080373333333,4447.399884085648
0.07184672303666667,4453.368921133111
0.07377856167333334,4459.337958213858
0.07463715666666666,4465.3069952613205
0.07420785917,4471.276032308783
0.07581772467666667,4477.245069422814
0.07528110286666667,4483.214106470276
0.07646167090666667,4489.183143517739
0.07603237343666668,4495.152180598486
0.0751737785,4501.1212176459485
0.07764223897333333,4507.090254693412
0.07753491457333334,4513.059291774158
0.07753491460666666,4519.0283288216215
0.07817886081,4524.997365935651
0.07935942885000001,4530.966402983114
0.07968140198333333,4536.935440030577
0.08064732129,4542.90447707804
0.08000337508333333,4548.873514158787
0.08107661875666666,4554.8425512062495
0.07946675321666667,4560.811588253712
0.07935942888,4566.780625334459
0.08075464562333334,4572.749662381922
0.07732026584666667,4578.718699495951
0.07667631961666667,4584.687736543415
0.07646167088333333,4590.6567735908775
0.07420785917333333,4596.62581063834
0.07291996674333334,4602.594847719087
0.06970023567333333,4608.56388476655
0.07238334487999999,4614.532921814012
0.06927093820333334,4620.501958894759
0.06615853153666666,4626.470995942222
0.06562190971333333,4632.440033056252
0.06358274673333332,4638.409070103715
0.061221610626666666,4644.378107151178
0.06143625937666667,4650.34714419864
0.05993371823000001,4656.316181279387
0.056499338499999996,4662.28521832685
0.055855392280000006,4668.254255374312
0.055104121730000004,4674.223292455059
0.05403087805,4680.192329535806
0.05263566128,4686.161366616552
0.051669742006666665,4692.130403664015
0.048342686625666674,4698.099440711478
0.046625496754333334,4704.068477792224
0.04490830689433334,4710.037514839687
0.04211787334633333,4716.00655188715
0.044264360703,4721.975588934613
0.046410848016000004,4727.944626015359
0.04426436064666667,4733.913663096106
0.04608887489533333,4739.882700176852
0.04705479417,4745.851737224315
0.04684014544,4751.820774271779
0.04694746978666667,4757.789811352524
0.048128037836666665,4763.758848399988
0.046840145416666666,4769.727885447451
0.046732821060000006,4775.696922494913
0.04608887486,4781.66595957566
0.04533760429333333,4787.634996656407
0.04480098245666667,4793.604033737153
0.04340576569333334,4799.573070784616
0.044264360643333334,4805.542107832079
0.043191116939999996,4811.511144912825
0.043083792583333336,4817.480181960288
0.04565957739666667,4823.449219007751
0.0481280378,4829.4182560552135
0.04748409160666667,4835.387293169244
0.050489173869999994,4841.356330216707
0.05091847133,4847.325367297453
0.05059649823333332,4853.294404344916
0.055104121639999996,4859.263441392379
0.05360158048666666,4865.232478473125
0.05746525771,4871.201515520588
0.05950442068,4877.170552568051
0.062294854243333336,4883.139589615514
0.06347542227,4889.108626729544
0.06508528781,4895.077663777007
0.06648050457,4901.046700857753
0.06948558686999999,4907.015737905216
0.07012953308,4912.984774952679
0.07141742549666667,4918.9538120334255
0.07131010112666668,4924.922849080888
0.07334926412666666,4930.891886128351
0.07538842711666667,4936.860923175815
0.07592504896333334,4942.829960289844
0.07968140185333333,4948.798997337307
0.07850083379666667,4954.7680344180535
0.0809692943,4960.737071465516
0.0819352136,4966.70610851298
0.0819352136,4972.675145593726
0.08236451108333334,4978.644182641189
0.08214986235333334,4984.613219688652
0.0826864842,4990.5822568026815
0.08386705227333334,4996.551293850144
0.08172056491333334,5002.520330897608
0.08343775486,5008.4893679783545
0.08311578174333333,5014.458405025817
0.08182788936333334,5020.42744207328
0.08075464565,5026.396479154027
0.08214986248999999,5032.365516201489
0.07989605075,5038.334553248952
0.08118394318,5044.3035903629825
0.07978872638,5050.272627410445
0.08075464573666667,5056.241664457908
0.08043267264,5062.210701538655
0.07935942893666666,5068.179738586117
0.07807153653333333,5074.14877563358
0.07860815837333333,5080.117812714327
0.07828618524333333,5086.086849761789
0.07635434664333333,5092.055886809252
0.07667631977666667,5098.024923923283
0.0768909685,5103.993960970745
0.07377856180666667,5109.962998018208
0.07356391309333334,5115.932035098955
0.07345658877333335,5121.901072146417
0.06970023587666667,5127.87010919388
0.07163207453333333,5133.839146274627
0.0715247502,5139.8081833220895
0.07055883087999999,5145.77722043612
0.06766107296333333,5151.746257483583
0.06809037047333334,5157.715294531045
0.06648050498000001,5163.684331611792
0.06766107307000001,5169.653368659255
0.06519261264333333,5175.6224057067175
0.06465599082000001,5181.591442754181
0.06454866644666667,5187.560479834927
0.06701712694333332,5193.52951688239
0.06444134215333333,5199.49855399642
0.06798304629666667,5205.467591043883
0.06712445142000001,5211.4366280913455
0.06454866661666665,5217.405665172092
0.06615853214333334,5223.374702219556
0.065299937268,5229.3437392670185
0.06422669367766666,5235.312776314481
0.06315344998233333,5241.281813395228
0.06369007181233334,5247.2508504426905
0.06293880128833333,5253.21988755672
0.060684989535999996,5259.188924604184
0.06047034083966666,5265.1579616516465
0.058753150994333335,5271.126998732393
0.059719070321333334,5277.096035779856
0.05928977278266667,5283.0650728273185
0.057572582892666674,5289.034109874781
0.05853850217333333,5295.003146955528
0.058109204707000005,5300.9721840362745
0.055640744182,5306.941221117021
0.05649933918333333,5312.910258164484
0.05660666351000001,5318.879295211947
0.05499679794,5324.848332292693
0.05413820302,5330.817369340156
0.05403087865366666,5336.786406387619
0.05285031059666667,5342.755443435081
0.05209904002899999,5348.724480515828
0.051133120697,5354.693517596575
0.04877198462266666,5360.662554677321
0.05070382315666667,5366.631591724784
0.049523255095999995,5372.600628772247
0.048020713932999996,5378.569665852993
0.048450011440999995,5384.538702900456
0.048235362671,5390.507739947919
0.04791338952933333,5396.476776995382
0.048450011356,5402.445814076128
0.04737676769766667,5408.414851156875
0.047913389487666665,5414.383888237621
0.04598155090266667,5420.352925285084
0.04705479460266667,5426.321962332547
0.04544492903433334,5432.290999413293
0.04834268694433333,5438.260036460757
0.04737676760933333,5444.22907350822
0.04523028025766667,5450.198110555682
0.047698740619,5456.167147669712
0.04662549696499999,5462.136184717176
0.04748409184466667,5468.105221797921
0.04684014564933333,5474.074258845385
0.04866465985666666,5480.043295892848
0.047162118737,5486.012332973594
0.046410848144333335,5491.981370021057
0.048020713635,5497.95040706852
0.045874226280000006,5503.9194441159825
0.04480098260966667,5509.888481230013
0.046732821183333335,5515.857518277476
0.045766901907,5521.826555358222
0.04694746989,5527.795592405685
0.04651817245366666,5533.764629453148
0.04608887496366667,5539.733666533894
0.04726944299666667,5545.702703581357
0.047269443003333335,5551.67174062882
0.046518172413333336,5557.640777676283
0.04576690183666667,5563.609814790313
0.046947469883666666,5569.578851837776
0.04608887494333333,5575.547888918522
0.04737676734666666,5581.516925965985
0.047269442988,5587.485963013448
0.04802071355,5593.4550000941945
0.049093957230000006,5599.424037141657
0.04877198411333333,5605.39307418912
0.04780606482966667,5611.36211130315
0.048771984143333336,5617.331148350613
0.047484091718,5623.300185398076
0.046518172429333336,5629.2692224788225
0.047162118636000006,5635.238259526285
0.04898663286333333,5641.207296573748
0.047269442971333335,5647.176333654495
0.049737903373333336,5653.145370701958
0.04952325461666667,5659.114407749421
0.05242101249666666,5665.0834448634505
0.05124044447666667,5671.052481910913
0.04984522768333333,5677.02151899166
0.051884390643333334,5682.990556039123
0.05124044445,5688.959593086586
0.05059649823666667,5694.928630134049
0.052421012456666666,5700.897667214796
0.05349425614,5706.866704262258
0.05274298554666667,5712.835741309721
0.05360158048,5718.8047784237515
0.05660666276,5724.773815471214
0.05617736527,5730.742852551961
0.05542609470666667,5736.711889599424
0.05757258205333333,5742.680926646886
0.05660666273666667,5748.649963694349
0.05961174502333333,5754.619000775096
0.058431176976666666,5760.588037822558
0.060470339946666674,5766.557074936589
0.06004104247000001,5772.526111984052
0.06261682729333333,5778.495149031514
0.05907512316666667,5784.464186112261
0.06068498867666666,5790.433223159724
0.06132893488,5796.402260207186
0.06240217856,5802.371297254649
0.06315344913333333,5808.340334335396
0.06336809786666665,5814.309371382858
0.06283147603,5820.278408496889
0.06326077350333333,5826.247445544352
0.06508528775666667,5832.216482591814
0.06454866591666668,5838.185519672561
0.06519261212333334,5844.154556720024
0.06572923396666668,5850.123593767486
0.06551458523666667,5856.092630814949
0.06487063902333333,5862.061667895696
0.06572923397000001,5868.030704943159
0.06572923397000001,5873.999742057189
0.06648050454,5879.968779104652
0.06615853143666667,5885.9378161521145
0.06465599031,5891.906853232861
0.06529993650666667,5897.875890280324
0.06487063904666666,5903.844927327787
0.06605120708666667,5909.81396437525
0.06712445077666666,5915.783001455997
0.06723177514333334,5921.752038536743
0.06905628939000001,5927.721075617489
0.06927093813333333,5933.690112664953
0.07034418181666667,5939.6591497124155
0.07034418181666667,5945.628186793162
0.07012953307333332,5951.597223840625
0.06927093812333333,5957.5662608880875
0.07002220871333334,5963.53529793555
0.07002220870666666,5969.504335016297
0.06991488434333333,5975.4733720970435
0.06905628940333333,5981.44240917779
0.06809037009666667,5987.411446225253
0.06830501882,5993.3804832727155
0.06937826251,5999.349520353462
0.06894896503,6005.318557400925
0.06927093813666667,6011.287594448388
0.06798304574333332,6017.25663149585
0.06841234320333332,6023.225668576597
0.06798304573666668,6029.194705657344
0.06841234320666667,6035.16374273809
0.0664805046,6041.132779785553
0.06615853149,6047.101816833016
0.06851966757666665,6053.070853913762
0.06680247769666667,6059.039890961225
0.06551458529333333,6065.008928008688
0.06626585584333335,6070.977965056151
0.06701712643333334,6076.947002170181
0.06358274666666668,6082.916039217644
0.06519261217666666,6088.88507629839
0.06422669287666667,6094.854113345853
0.06454866596666665,6100.823150393316
0.06326077356333333,6106.792187474062
0.06369007102,6112.761224521525
0.061865556806666666,6118.730261568989
0.06326077355,6124.699298616451
0.06347542229666667,6130.668335730481
0.06454866596999999,6136.637372811228
0.062509503,6142.60640985869
0.06336809794333333,6148.575446906154
0.061436259326666666,6154.544483953617
0.06240217864000001,6160.513521034363
0.06369007104333334,6166.482558081826
0.06293880048,6172.451595129289
0.06272415174333333,6178.4206321767515
0.06283147612666666,6184.389669290782
0.06283147612666666,6190.358706371529
0.06433401727333334,6196.327743418991
0.06154358372333333,6202.296780466454
0.06444134165333333,6208.265817513917
0.06444134164666666,6214.234854594663
0.06433401726333333,6220.203891642126
0.06293880050999999,6226.172928689589
0.06454866600666666,6232.141965803619
0.06326077361999999,6238.111002851082
0.06326077359,6244.080039931829
0.060684988780000004,6250.049076979291
0.06261682739666667,6256.018114026754
0.06079231315,6261.987151074217
0.06100696186666666,6267.9561881549635
0.060470340023333326,6273.925225202426
0.061328934966666665,6279.894262249889
0.06165090804666667,6285.863299363919
0.06186555678333334,6291.832336411382
0.06250950298333334,6297.801373492129
0.06079231309,6303.7704105395915
0.06143625928333333,6309.739447587054
0.059933718133333334,6315.708484634517
0.06014836687333334,6321.6775217152635
0.05939709629333334,6327.646558762726
0.060577664340000004,6333.61559581019
0.059611745029999996,6339.5846329242195
0.06047033997666667,6345.553669971682
0.060684988706666665,6351.522707052429
0.058967798823333334,6357.491744099892
0.05821652826999999,6363.460781147355
0.058967798826666674,6369.429818194818
0.058001879529999995,6375.3988552755645
0.05821652826333334,6381.367892323027
0.0577872308,6387.336929437057
0.058753150100000005,6393.3059664845205
0.057250608950000004,6399.275003531983
0.05821652825666667,6405.24404061273
0.05810920388333333,6411.2130776601925
0.05832385262,6417.182114707655
0.05864582571666666,6423.151151755118
0.05746525769,6429.120188835865
0.05843117698,6435.089225883327
0.05832385261666667,6441.058262997358
0.05800187951666666,6447.027300044821
0.05800187950999999,6452.996337092283
0.056177365269999995,6458.96537417303
0.05639201400000001,6464.934411220493
0.05617736527333333,6470.903448267955
0.05660666273666667,6476.872485315418
0.05671398710666667,6482.841522396165
0.055211445969999995,6488.810559443627
0.05617736527,6494.779596557658
0.05607004089666667,6500.748633605121
0.05585539217333333,6506.717670652583
0.05510412159,6512.68670773333
0.05617736526666667,6518.655744780793
0.056392013996666664,6524.624781828255
0.05682131146666667,6530.593818875718
0.05939709628,6536.562855956465
0.05918244753666666,6542.531893037211
0.061006961786666675,6548.500930117958
0.06079231305,6554.469967165421
0.06111428614666667,6560.439004212883
0.06261682729333334,6566.40804129363
0.062294854186666665,6572.377078341093
0.06304612476,6578.346115388556
0.06369007096333333,6584.315152436019
0.06379739533,6590.284189516766
0.06487063900333333,6596.253226597512
0.06487063900333333,6602.222263678258
0.06497796337333332,6608.191300725722
0.06454866590000001,6614.160337773184
0.06508528774,6620.129374853931
0.06658782888666666,6626.098411901394
0.06433401716666666,6632.0674489488565
0.06508528773666668,6638.036485996319
0.06615853141666667,6644.005523077066
0.06358274659333334,6649.974560191096
0.06454866591000001,6655.943597238559
0.06476331464333333,6661.912634286022
0.06637318016,6667.8816713334845
0.06433401718000001,6673.850708414231
0.06680247763333333,6679.819745461694
0.06669515326666665,6685.788782509157
0.06690980200666667,6691.757819556619
0.06680247764000001,6697.72685667065
0.06894896500333333,6703.695893751396
0.06959291121,6709.664930798859
0.06776839695,6715.633967846322
0.07002220870666666,6721.603004893785
0.06830501882666667,6727.572041974531
0.07045150619666667,6733.541079021994
0.06690980205333333,6739.510116069457
0.06851966757666667,6745.479153116919
0.06970023563666668,6751.44819023095
0.06744642393333333,6757.4172273116965
0.06701712646333334,6763.386264359159
0.06830501886,6769.355301406622
0.06916361383,6775.324338454085
0.06830501886666666,6781.293375534831
0.07045150620333333,6787.262412582294
0.06841234321999999,6793.231449629758
0.07131010114333335,6799.20048667722
0.07077347930333333,6805.16952379125
0.07120277678,6811.138560871997
0.07195404734333333,6817.107597919459
0.07367123723333334,6823.076634966923
0.07291996665333333,6829.045672014386
0.07313461538666667,6835.014709095132
0.07420785906,6840.983746142595
0.07324193975666667,6846.952783190058
0.07410053468333334,6852.921820304087
0.07367123721666667,6858.890857351551
0.07324193974,6864.859894432298
0.07281264226666667,6870.82893147976
0.07313461536666667,6876.797968527223
0.07077347928000001,6882.767005574686
0.07045150616333333,6888.736042655432
0.07088080363666667,6894.705079702895
0.07131010111,6900.674116750358
0.07152474984,6906.643153864388
0.07152474984,6912.612190911851
0.07131010110333334,6918.581227992598
0.06991488431333333,6924.55026504006
0.07034418179,6930.519302087523
0.07109545236666667,6936.488339134986
0.07045150614666666,6942.457376215732
0.07141742545666667,6948.426413263195
0.06937826247333333,6954.395450310658
0.06959291120000001,6960.364487424688
0.06948558682333333,6966.333524472151
0.07002220866333332,6972.302561552898
0.06841234314333333,6978.27159860036
0.06970023555666667,6984.240635647823
0.06766107256666666,6990.209672695286
0.06776839693,6996.1787097760325
0.06830501876666667,7002.147746823495
0.06841234313666666,7008.116783937526
0.06540726084,7014.0858209849885
0.06690980199333334,7020.054858032451
0.06562190958000001,7026.023895113198
0.06594388268666666,7031.9929321606605
0.06680247763333334,7037.961969208124
0.06465599028333334,7043.931006255587
0.06615853144,7049.9000433363335
0.06766107259333333,7055.869080383796
0.06637318018333332,7061.838117497826
0.06755374823,7067.8071545452885
0.06583655834666667,7073.776191592752
0.06862699192999999,7079.745228673499
0.06809037011666667,7085.7142657209615
0.06851966758,7091.683302768424
0.06798304574000001,7097.652339815887
0.06851966758666667,7103.621376896634
0.06701712643333334,7109.590413944096
0.06970023563333333,7115.559451058127
0.06851966758666667,7121.5284881055895
0.06841234321333334,7127.497525153052
0.06787572137333332,7133.466562233799
0.06787572137666666,7139.435599281262
0.06540726091,7145.404636328724
0.06572923401333333,7151.373673376187
0.06562190964333332,7157.342710456934
0.06229485425333333,7163.311747570964
0.06315344919,7169.280784618427
0.06175823240666667,7175.24982166589
0.06100696182333334,7181.218858713352
0.060470339990000004,7187.187895794099
0.059075123203333336,7193.156932841562
0.05789455516333334,7199.125969889024
0.05993371814,7205.095006936487
0.05853850135333333,7211.064044017234
0.05682131149333333,7217.033081131264
0.058431176993333334,7223.002118178727
0.05574806779666667,7228.97115522619
0.057035960219999994,7234.940192273652
0.056821311476666664,7240.909229354399
0.055211445963333335,7246.878266401862
0.05435285103333334,7252.847303449325
0.054030877926666665,7258.816340496788
0.05295763426,7264.785377577535
0.05059649817333333,7270.754414691564
0.050489173803333336,7276.723451739027
0.05166974185333333,7282.69248878649
0.051347768743333334,7288.661525833953
0.05038184944666666,7294.6305629147
0.05048917381333332,7300.599599962163
0.05102579564666667,7306.5686370096255
0.04651817224666666,7312.537674057088
0.04791338902,7318.506711171119
0.04866465959333333,7324.475748251864
0.04587422606,7330.444785299328
0.047162118453333325,7336.413822346791
0.04641084789333333,7342.3828593942535
0.04608887480666666,7348.351896475
0.044908306769999996,7354.320933522463
0.04544492860666668,7360.289970569926
0.04211787325333333,7366.259007617388
0.04308379256,7372.228044731419
0.04115195396,7378.197081812165
0.04050800778,7384.166118859628
0.04072265651666667,7390.135155907091
0.03997138595533333,7396.104192954554
0.039864061616,7402.0732300353
0.04061533216166666,7408.042267082763
0.042439846388333334,7414.011304130226
0.04018603468866667,7419.980341177688
0.04394238751666666,7425.949378291719
0.04447900933666666,7431.9184153724655
0.04576690173333333,7437.887452419928
0.04651817231333333,7443.856489467391
0.04748409159,7449.825526514854
0.04791338906,7455.7945635956
0.04930860583333333,7461.763600643063
0.05113312006666667,7467.732637690527
0.05349425613666667,7473.701674804556
0.053064958669999995,7479.670711852019
0.054030877953333334,7485.6397489327655
0.05800187955666666,7491.608785980228
0.05596271657666666,7497.577823027692
0.057679906460000006,7503.546860075155
0.057465257719999996,7509.515897155901
0.05843117703,7515.484934203364
0.05864582576,7521.453971250827
0.05993371817666667,7527.423008364856
0.06122161059666666,7533.39204541232
0.060041042546666666,7539.361082493066
0.06122161059666667,7545.330119540529
0.06218752991666667,7551.299156587992
0.06283147613333334,7557.268193635455
0.06143625935,7563.237230716201
0.06229485431,7569.206267763664
0.06304612488333333,7575.175304811127
0.06358274672333332,7581.144341925157
0.06476331476,7587.11337897262
0.06476331475666668,7593.082416053367
0.06508528789333333,7599.051453100829
0.06626585597666668,7605.020490148292
0.06648050467333333,7610.989527195755
0.06701712652666666,7616.958564276501
0.06658782904666667,7622.927601323964
0.06884164079666667,7628.896638437995
0.06873431639333333,7634.865675485457
0.06819769455333334,7640.83471253292
0.07055883068,7646.803749613667
0.07141742564666666,7652.772786661129
0.07238334495333333,7658.741823708592
0.07163207435,7664.710860756055
0.07238334497666667,7670.6798978368015
0.07538842728666666,7676.648934884264
0.07291996679333333,7682.617971998295
0.07603237348333333,7688.587009045757
0.07592504911999999,7694.55604609322
0.07742759030333334,7700.525083173967
0.07871548267666667,7706.4941202214295
0.08032534822333333,7712.463157268893
0.08150591628333334,7718.432194316356
0.08322310614333334,7724.4012313971025
0.08622818847000001,7730.370268444565
0.0864428372,7736.339305558595
0.08923327079666667,7742.3083426060575
0.08912594642666667,7748.277379653521
0.09148708256,7754.246416734267
0.09180905560333334,7760.2154537817305
0.09417019173,7766.184490829193
0.09266765059666666,7772.153527876656
0.09459948923333333,7778.122564957403
0.09331159673333334,7784.091602071432
0.09610203036666666,7790.060639118896
0.09567273287,7796.0296761663585
0.09685330094,7801.998713213821
0.09814119337333332,7807.967750294568
0.09953641017666666,7813.936787342031
0.09867781518,7819.905824389493
0.10082430255333334,7825.874861436956
0.10125360005333334,7831.843898517703
0.10168289755,7837.812935631733
0.10114627568333333,7843.781972679196
0.10179022188666668,7849.751009726659
0.10254149251666667,7855.720046774121
0.10179022194333333,7861.689083854868
0.10254149251666667,7867.658120902331
0.10007303201000001,7873.627157949793
0.10243416814333334,7879.596194997256
0.10050232953666667,7885.565232078003
0.10114627577,7891.534269192033
0.10136092447333334,7897.503306239496
0.09996570773333334,7903.472343286959
0.09921443710333333,7909.441380334421
0.09717527413,7915.410417415168
0.09749724723000001,7921.379454462631
0.09674597666000001,7927.348491510094
0.09502878676,7933.317528557557
0.09470681366,7939.286565671587
0.09277497499333333,7945.255602752333
0.09170173132666666,7951.224639799796
0.09148708259333334,7957.193676847259
