Average lockin_signal,Ion velocity
0.047527021399999994,-291.33830376947907
0.047977783846599995,-285.35230920213195
0.049394465528599996,-279.36631463478477
0.0471406538238,-273.3803200674376
0.0480421785166,-267.3943255000905
0.0481709677596,-261.4083309327433
0.046883075380600006,-255.42233643196343
0.047269443076600005,-249.43634186461628
0.047333837694,-243.45034729726913
0.046367918370200004,-237.46435272992196
0.046883075331199994,-231.4783581625748
0.047398232316,-225.49236359522766
0.0483641515868,-219.50636902788048
0.046561102255,-213.52037452710064
0.0459171560312,-207.53437995975347
0.046625496818,-201.54838539240632
0.04675428607399999,-195.56239082505917
0.046045945264,-189.576396257712
0.047269443040000005,-183.59040175693215
0.046174734502000006,-177.60440718958498
0.04701186458,-171.61841262223783
0.046818680692,-165.63241812145796
0.049008097786,-159.6464235541108
0.050360384800000005,-153.66042898676366
0.051648277194,-147.67443441941649
0.050811147116,-141.68843991863665
0.0519702503,-135.70244535128947
0.052292223394000005,-129.71645078394232
0.053000564188,-123.73045621659516
0.053580115787999996,-117.744461649248
0.056027111346000004,-111.75846708190085
0.055383165142,-105.77247251455368
0.055640743628,-99.78647801377383
0.056091505968,-93.80048344642667
0.057508187626,-87.8144888790795
0.057572582271999996,-81.82849431173236
0.060341550946,-75.8424997443852
0.06092110253000001,-69.85650517703803
0.062273389555999994,-63.87051067625818
0.063432492716,-57.884516108911015
0.06536433134,-51.89852154156386
0.06504235821399999,-45.9125269742167
0.065815093686,-39.92653240686954
0.066394645244,-33.94053790608968
0.067296169944,-27.954543338742525
0.068519667736,-21.96854877139537
0.070129533262,-15.982554270615507
0.070322717128,-9.99655970326835
0.071288636436,-4.010565135921192
0.07173939875999999,1.9754294314259662
0.072769712722,7.961423998773125
0.07328486968200001,13.947418532836632
0.07296289655000002,19.933413066900144
0.07386442126000001,25.9194076342473
0.075023524442,31.90540220159446
0.07676217919799999,37.89139676894162
0.076118232998,43.877391336288774
0.07779249315400001,49.863385837068634
0.07747052004399999,55.84938040441579
0.07740612541400001,61.83537497176295
0.07875841244,67.82136953911011
0.07908038556199999,73.80736407317362
0.07888720166600001,79.79335864052078
0.07862962316800001,85.77935320786793
0.079853120968,91.7653477086478
0.080046304864,97.75134227599496
0.08088343491800001,103.7373368433421
0.08030388333,109.72333141068927
0.08152738111999999,115.70932597803642
0.081205408002,121.69532054538358
0.08126980263,127.68131504616345
0.082493300414,133.6673096135106
0.08217132730000001,139.65330418085776
0.082428905782,145.6392987482049
0.082106932692,151.62529328226842
0.0842963498,157.6112878496156
0.08455392829399999,163.5972823836791
0.085262269142,169.5832769177426
0.08487590136,175.56927148508976
0.08487590136600001,181.5552660524369
0.085648636828,187.54126061978408
0.08551984759600001,193.52725518713123
0.085326663724,199.51324975447838
0.086614556156,205.49924425525825
0.08519787450199999,211.4852388226054
0.08609939919000001,217.47123338995257
0.085584242232,223.45722792401608
0.086678950756,229.44322249136323
0.087451686226,235.42921705871038
0.086228188428,241.41521155949025
0.08551984759799999,247.40120612683742
0.087773659326,253.38720069418457
0.08738729160799999,259.37319526153175
0.087580475464,265.35918982887887
0.088610789388,271.34518439622605
0.087773659308,277.3311789635732
0.088997157094,283.31717346435306
0.088868367842,289.30316803170024
0.088288816262,295.28916259904736
0.089447919424,301.2751571331109
0.08906155169999999,307.261151700458
0.08886836782,313.2471462678052
0.089512314042,319.2331407685851
0.08996307636999998,325.2191353359322
0.08886836780400001,331.2051299032794
0.089061551648,337.19112447062656
0.088675183926,343.1771190379737
0.089125946268,349.16311360532086
0.088095632328,355.1491081061007
0.08751608072599999,361.1351026734479
0.088160026932,367.12109724079505
0.08886836776,373.10709177485853
0.08770926455999999,379.0930863422057
0.08738729146800002,385.07908090955283
0.08616379365000001,391.0650754769
0.08642137213000001,397.05106997767984
0.087000923716,403.037064545027
0.08764486992199999,409.0230591123742
0.087902448406,415.0090536797213
0.08803123764599999,420.9950482470685
0.08816002688800001,426.9810428144157
0.087709264538,432.9670373151955
0.08796684301999999,438.9530318825427
0.08803123764200001,444.9390264498898
0.087838053776,450.92502098395335
0.088288816128,456.9110155513005
0.08803123764599999,462.89701011864764
0.087580475296,468.88300461942754
0.08770926454399999,474.86899918677466
0.08854639462399999,480.85499375412184
0.08893276234599999,486.840988321469
0.09015626015199998,492.82698288881613
0.090478233272,498.8129774561633
0.091315363346,504.79897199022685
0.09189491494999999,510.7849665242903
0.092667650396,516.7709610916374
0.093569175106,522.756955625701
0.093182807388,528.7429501930482
0.09427751595,534.7289447603953
0.09427751594599999,540.7149393277425
0.094213121328,546.7009338285224
0.095243435282,552.6869283958695
0.09537222453800001,558.6729229632166
0.09511464605,564.6589175305638
0.09633814385799999,570.644912097911
0.09672451160600001,576.6309066652581
0.096531327764,582.616901166038
0.096402538536,588.6028957333851
0.09601617079,594.5888902674486
0.09646693315199999,600.5748848347959
0.09595177618000002,606.560879402143
0.096273749302,612.5468739694901
0.095951776174,618.5328685368373
0.094985856872,624.5188630376172
0.096144960068,630.5048576049643
0.093504780614,636.4908521723114
0.09395554296,642.4768467396586
0.09395554299799999,648.4628413070058
0.093955542968,654.4488358410692
0.09356917525,660.4348303751328
0.093955543,666.42082494248
0.09318280754399999,672.4068194765434
0.09376235913599999,678.3928140438907
0.093955543012,684.3788086112378
0.09434191076000001,690.3648031785849
0.09273204523199999,696.3507977459321
0.092989623706,702.336792246712
0.093569175284,708.3227868140591
0.09311841293,714.3087813814062
0.093182807538,720.2947759487535
0.09279643984400002,726.2807704828169
0.0944707,732.266765050164
0.094277516116,738.2527595842276
0.094792673072,744.2387541182911
0.095436619278,750.2247486856382
0.09550101392000002,756.2107432529854
0.095372224682,762.1967378203326
0.09633814399799999,768.1827323876797
0.09640253861600001,774.1687268884596
0.096724511748,780.1547214558068
0.096982090196,786.1407160231539
0.097304063316,792.126710590501
0.09781922031,798.1127051578483
0.09833437726000001,804.0986996919117
0.09711087945,810.0846942592589
0.098205588032,816.0706887933225
0.097110879446,822.0566833273859
0.098141193374,828.0426778947331
0.09833437727399999,834.0286724620802
0.09743285256600001,840.0146670294274
0.09730406332,846.0006615967745
0.098205588044,851.9866560975544
0.099042718098,857.9726506649016
0.099107112718,863.9586452322487
0.098785139632,869.9446397995958
0.098849534272,875.9306343336594
0.09942908584200001,881.9166289010066
0.09955787507200001,887.90262343507
0.098720744982,893.8886179691335
0.10052379436999999,899.8746125364808
0.09987984815999999,905.8606071038279
0.100330610518,911.846601671175
0.099107112696,917.8325962385222
0.09859195569799999,923.8185908058693
0.098463166464,929.8045853066492
0.098913928782,935.7905798739964
0.096982090158,941.7765744413435
0.09756164174,947.7625690086907
0.09723966863,953.7485635427541
0.09743285251,959.7345581101014
0.09640253852599999,965.7205526441649
0.09620935467,971.7065471782283
0.09550101380399999,977.6925417455756
0.09492146221799999,983.6785363129227
0.09034944411200001,989.6645308802698
0.092603255828,995.650525447617
0.09144415263200001,1001.6365200149642
0.091894914968,1007.622514515744
0.09125096876199999,1013.6085090830912
0.089769892464,1019.5945036504384
0.08957670859,1025.580498184502
0.089125946248,1031.566492751849
0.08803123768400001,1037.5524873191962
0.08867518389199999,1043.538481819976
0.08835321079200001,1049.5244763873231
0.087258502234,1055.5104709546704
0.08667895064399998,1061.4964655220174
0.08597060981600001,1067.4824600893646
0.086485766796,1073.4684546567119
0.087387291482,1079.4544491574916
0.085970609828,1085.4404437248388
0.08577742598199999,1091.426438292186
0.08712971302800002,1097.412432859533
0.085197874396,1103.3984273935966
0.085713031392,1109.3844219609439
0.08655016147,1115.370416528291
0.08635697763,1121.3564110290708
0.086743345338,1127.342405596418
0.087258502318,1133.328400163765
0.08790244853,1139.3143947311123
0.08758047544,1145.3003892984595
0.08661455612999999,1151.2863838658066
0.08693652924199999,1157.2723783665865
0.08667895077399998,1163.2583729339337
0.086678950756,1169.2443675012807
0.08635697768199999,1175.2303620353443
0.08629258307599999,1181.2163566026916
0.085004690652,1187.2023511700386
0.08403877135,1193.1883456708185
0.08539105839800001,1199.1743402381655
0.084231955248,1205.1603348055128
0.084489533684,1211.14632937286
0.08339482509799999,1217.132323940207
0.083330430528,1223.1183185075542
0.08287966816200001,1229.1043130749015
0.08307285203,1235.0903075756812
0.082622089664,1241.0763021430284
0.083909982092,1247.0622967103757
0.083845587454,1253.048291244439
0.083716798254,1259.0342858117863
0.08223572194199999,1265.0202803791335
0.08378119286600001,1271.0062748799132
0.08365240362200001,1276.9922694472605
0.083330430502,1282.9782640146077
0.083523614356,1288.9642585819547
0.08345921974400002,1294.950253149302
0.083781192832,1300.9362477166492
0.084618322938,1306.922242217429
0.085133479886,1312.9082367847761
0.086356977704,1318.8942313521234
0.08558424223200001,1324.8802258861867
0.086936529276,1330.866220453534
0.08655016155999999,1336.852215020881
0.086228188472,1342.8382095882282
0.088031237876,1348.8242040890082
0.08919034104000001,1354.8101986563552
0.08809563248999999,1360.7961932237024
0.088546394824,1366.7821877910496
0.088224421752,1372.7681823583966
0.089834287284,1378.7541769257439
0.091057785108,1384.7401714265238
0.09144415283,1390.7261659938708
0.090607022734,1396.7121605279344
0.09137975818199999,1402.6981550952817
0.09215249363000001,1408.6841496626287
0.091572942074,1414.670144229976
0.09318280760799999,1420.6561387973231
0.094470700038,1426.6421332981029
0.093955543038,1432.62812786545
0.09479267314,1438.6141224327973
0.095307830106,1444.6001170001443
0.09685330101800001,1450.5861115674916
0.09743285264200001,1456.5721061015552
0.098978323532,1462.5581006356185
0.10194047612399999,1468.5440952029658
0.10309957933199998,1474.5300897370291
0.104902628728,1480.5160843043764
0.10606173190000001,1486.5020788717236
0.107285229708,1492.4880734390706
0.10870191139399998,1498.4740679398506
0.10966783070800001,1504.4600625071978
0.11108451239999999,1510.4460570745448
0.11353150802,1516.432051641892
0.115076978932,1522.4180462092393
0.11803913151800001,1528.4040407433026
0.11881186697600002,1534.3900353106499
0.11952020781999999,1540.3760298447135
0.121001284086,1546.3620243787768
0.12261114966799999,1552.348018946124
0.123512674372,1558.3340135134713
0.125315723784,1564.3200080808183
0.127633930158,1570.3060026481655
0.128857427984,1576.2919971489453
0.130402898908,1582.2779917162925
0.134524154764,1588.2639862836397
0.13658478266,1594.2499808509867
0.13697115040000002,1600.235975418334
0.13832343746,1606.2219699523976
0.13993330302,1612.207964486461
0.14031967076000001,1618.1939590538082
0.14521366208,1624.1799535878718
0.1481114201,1630.1659481552188
0.14907733944,1636.151942722566
0.15442209314,1642.1379372899132
0.1570622727,1648.1239318572602
0.16092595008000002,1654.1099263580402
0.16388810276,1660.0959209253874
0.16556236296,1666.0819154927344
0.16775178016,1672.0679100600817
0.17090711669999997,1678.0539045941453
0.17367608552,1684.0398991614923
0.17509276724,1690.0258936955559
0.17979357480000002,1696.0118882296194
0.18185420274,1701.9978827969665
0.18488075012,1707.9838773643137
0.18784290282,1713.969871931661
0.19022550392,1719.955866499008
0.19189976413999998,1725.9418610663552
0.19531267926,1731.9278555671349
0.19878998896,1737.9138501344821
0.20091501158000002,1743.8998447018294
0.20252487719999998,1749.8858392691764
0.20600218694,1755.87183380324
0.20928631279999999,1761.8578283705872
0.2123128602,1767.8438229046506
0.21475985596,1773.8298174387141
0.21624093236,1779.8158120060614
0.21900990125999997,1785.8018065734084
0.2217144755,1791.7878011407556
0.22409707661999997,1797.7737957081029
0.22673725628,1803.7597902088826
0.2277675703,1809.7457847762298
0.23195322095999998,1815.731779343577
0.23452900599999998,1821.717773910924
0.23691160714,1827.7037684449876
0.23955178682000003,1833.6897630123349
0.24032452231999998,1839.6757575796819
0.24347985902000002,1845.6617520804618
0.2468283796,1851.6477466478088
0.24798748284,1857.633741215156
0.25049887328,1863.6197357825033
0.25333223684,1869.6057303498503
0.25449134013999997,1875.5917249171976
0.25726030906,1881.5777194179775
0.25983609414,1887.5637139853245
0.26099519744,1893.5497085526717
0.26228308996,1899.535703120019
0.26473008578,1905.5216976540823
0.26653313532,1911.5076922214296
0.26878694728,1917.4936867554932
0.26923770967999994,1923.4796812895565
0.27219986254,1929.4656758569038
0.27477564761999995,1935.451670424251
0.27554838315999997,1941.437664991598
0.27915448226,1947.4236595589452
0.28057116412,1953.4096541262925
0.2819878459,1959.3956486270722
0.28391968472,1965.3816431944194
0.2848212095,1971.3676377617667
0.28572273430000006,1977.35363229583
0.28791215166,1983.3396268631773
0.28868488717999996,1989.3256214305245
0.28990838514,1995.3116159313042
0.29119627768,2001.2976104986515
0.29248417027999996,2007.2836050659985
0.29338569508,2013.2695996333457
0.29512435,2019.255594200693
0.29493116612,2025.24158876804
0.29422282524,2031.22758326882
0.29673421574000003,2037.2135778361671
0.29744255663999997,2043.1995724035141
0.29776452982,2049.1855669708616
0.29847287072000006,2055.1715615049247
0.29898802772,2061.157556072272
0.2993100009,2067.143550639619
0.30117744512,2073.129545140399
0.30014713106,2079.1155397077464
0.30053349882,2085.1015342750934
0.29976076328,2091.0875288424404
0.30021152570000004,2097.073523409788
0.30182139139999997,2103.059517977135
0.30143502361999996,2109.0455124779146
0.30143502368,2115.031507045262
0.30149941830000004,2121.017501612609
0.30188578606,2127.0034961466727
0.30072668274000003,2132.9894907140197
0.30046910423999995,2138.9754852813667
0.2987948439,2144.961479848714
0.29950318484,2150.947474349494
0.29911681706,2156.933468916841
0.29937439556,2162.9194634841883
0.29911681706,2168.9054580515353
0.29763574062,2174.8914526188823
0.29699179432,2180.877447152946
0.29641224263999993,2186.8634416870095
0.29531753398,2192.8494362543565
0.29544632326,2198.83543078842
0.29390085218,2204.821425355767
0.29338569516,2210.8074199231146
0.29338569518,2216.7934144904616
0.2927417489,2222.7794089912413
0.29216219726000003,2228.765403558589
0.29016596378,2234.751398125936
0.28849170345999997,2240.737392693283
0.28829851957999997,2246.7233872606303
0.28713941628,2252.7093818279773
0.2863022861,2258.695376362041
0.28404847416,2264.6813708961045
0.28359771174000004,2270.6673654634515
0.2829537655,2276.653359997515
0.28237421386000006,2282.639354564862
0.28134389981999997,2288.6253491322095
0.27941206098,2294.6113436995565
0.27818856307999995,2300.5973382003363
0.27599914576,2306.5833327676837
0.27406730692,2312.5693273350307
0.27265062512000005,2318.5553219023777
0.27252183588,2324.541316469725
0.26981726151999996,2330.5273110037883
0.26917331522000004,2336.513305537852
0.269044526,2342.499300105199
0.26827179048,2348.4852946392625
0.26743466032,2354.47128920661
0.26421492896,2360.457283773957
0.26427932362,2366.443278341304
0.26292703644,2372.4292729086515
0.26138156538,2378.415267409431
0.26086640835999997,2384.401261976778
0.25970730507999995,2390.3872565441256
0.2579686501799999,2396.3732511114727
0.25713152002,2402.3592456788197
0.25519968126,2408.3452402128833
0.25301026396,2414.331234746947
0.25075645201999996,2420.317229314294
0.24991932192,2426.3032238483574
0.24766551000000003,2432.2892184157045
0.24573367118,2438.275212983052
0.24541169808,2444.261207550399
0.2440594109,2450.247202117746
0.24244954528,2456.233196618526
0.24032452264,2462.219191185873
0.2387790516,2468.20518575322
0.2355593203,2474.1911803205676
0.23279035141999999,2480.1771748546307
0.2315024589,2486.163169421978
0.22899106847999998,2492.149163956042
0.22699483508,2498.135158490105
0.22583573184,2504.1211530574524
0.22474102324,2510.1071476247994
0.22293797372000004,2516.0931421921464
0.22042658332,2522.079136759494
0.2183659553,2528.0651312602736
0.21533940794,2534.0511258276206
0.2136651477,2540.037120394968
0.21250604446,2546.023114962315
0.21057420570000002,2552.009109529662
0.20915752398,2557.9951040637256
0.20593779274,2563.981098631073
0.20542263573999997,2569.9670931651362
0.20349079698,2575.9530876992
0.20130137974,2581.9390822665473
0.19949833022000002,2587.9250768338943
0.19795285926,2593.9110714012413
0.19589223126,2599.897065968589
0.19376720868000002,2605.8830604693685
0.1937672087,2611.8690550367155
0.19235052692,2617.8550496040625
0.1918353699,2623.84104417141
0.19112702904,2629.8270387054736
0.18900200643999998,2635.8130332728206
0.18803608708,2641.799027806884
0.18764971932,2647.7850223409478
0.18649061610000003,2653.7710169082948
0.18520272357999998,2659.757011475642
0.18455877733999998,2665.7430060429892
0.18275572788,2671.7290006103362
0.18365725258,2677.7149951776832
0.1828845171,2683.7009896784634
0.18282012241999998,2689.6869842458104
0.18230496546000002,2695.6729788131574
0.18153222996,2701.658973380505
0.18024433748000002,2707.644967914568
0.17927841812,2713.6309624819155
0.17631626539999998,2719.6169570159786
0.17631626541999998,2725.6029515500422
0.17509276756,2731.5889461173897
0.17348290196,2737.5749406847367
0.17258137724,2743.5609352520837
0.17174424712,2749.546929819431
0.1708427224,2755.532924320211
0.17006998688000002,2761.518918887558
0.1698124084,2767.5049134549054
0.17019877613999998,2773.4909080222524
0.16826693739999998,2779.476902556316
0.16678586105999998,2785.462897123663
0.16575554712,2791.44889169101
0.16556236324,2797.43488619179
0.16421007616,2803.420880759137
0.16298657830000002,2809.406875326484
0.16247142136999998,2815.3928698938316
0.16111913429,2821.3788644611786
0.16041079344,2827.3648590285256
0.160024425716,2833.350853529306
0.158028192412,2839.336848096653
0.15789940317200002,2845.322842664
0.15648272145999997,2851.3088372313473
0.155645591364,2857.2948317654104
0.154228909638,2863.280826332758
0.15358496342800002,2869.266820900105
0.151266756986,2875.2528154008846
0.150236443038,2881.238809968232
0.148948550596,2887.224804535579
0.148111420508,2893.210799102926
0.147209895862,2899.1967936702736
0.14720989585799998,2905.1827882376206
0.146501555014,2911.1687827384003
0.14611518729,2917.1547773057478
0.145664424946,2923.1407718730948
0.143539402416,2929.1267664071584
0.14321742933,2935.1127609745054
0.14167195838,2941.098755541853
0.140577249826,2947.0847500426325
0.139031778926,2953.0707446099796
0.138838595076,2959.056739177327
0.13664917796,2965.042733744674
0.136069626318,2971.028728312021
0.136069626368,2977.0147228793685
0.13478173390200002,2983.0007174134316
0.13304307913000002,2988.986711947495
0.132141554444,2994.9727065148422
0.13188397597999998,3000.958701048906
0.130145321192,3006.9446956162533
0.12988774269,3012.9306901836003
0.12782711484000003,3018.9166847509473
0.12698998476,3024.9026792517275
0.126989984778,3030.8886738190745
0.12692559017799998,3036.8746683864215
0.126024065456,3042.860662953769
0.12486496231199999,3048.846657521116
0.125573303152,3054.832652088463
0.12383464841200001,3060.818646589243
0.12370585913199998,3066.80464115659
0.122675545172,3072.790635723937
0.11926263023400001,3078.7766302580008
0.118039132434,3084.7626248253478
0.11733079163599999,3090.748619392695
0.11488379602000001,3096.734613960042
0.11385348204000001,3102.720608460822
0.11295195732400001,3108.7066030281694
0.11224361650399999,3114.6925975955164
0.109603437032,3120.6785921628634
0.10960343699399999,3126.664586730211
0.107800387616,3132.650581264274
0.105610970482,3138.6365757983376
0.10548218119800001,3144.622570365685
0.105160208122,3150.608564899748
0.103936710308,3156.5945594670957
0.101682898514,3162.5805540344427
0.10052379533,3168.5665486017897
0.099171508246,3174.552543169137
0.09775482655800001,3180.538537669917
0.09678890722,3186.524532237264
0.095694198628,3192.5105268046113
0.09440630621,3198.4965213719584
0.093955543854,3204.4825159393054
0.09382675454600001,3210.468510473369
0.09318280832800001,3216.4545050074325
0.091057785806,3222.4404995747796
0.08944792027200002,3228.426494108843
0.08951231484399999,3234.4124886761906
0.088739579394,3240.3984832435376
0.087966843928,3246.3844778108846
0.08725850302,3252.3704723116643
0.086163794448,3258.356466879012
0.08674334601,3264.342461446359
0.087000924462,3270.328456013706
0.08835321147399999,3276.3144505810533
0.08706531903999999,3282.300445115117
0.087387292112,3288.286439682464
0.08603500507,3294.2724342165275
0.085777426574,3300.258428750591
0.085713031926,3306.244423317938
0.086421372706,3312.230417885285
0.08506908564000001,3318.2164124526325
0.08448953402199999,3324.2024070199795
0.084747112488,3330.1884015207593
0.08320164156200001,3336.1743960881067
0.084167560886,3342.1603906554537
0.083459220022,3348.1463852228007
0.083330430742,3354.132379790148
0.082364511422,3360.1183743242113
0.081205408222,3366.104368858275
0.080303883506,3372.0903634256224
0.079273569564,3378.0763579596855
0.078694017964,3384.062352527033
0.077470520166,3390.04834709438
0.076697784682,3396.034341661727
0.07528110301999999,3402.0203362290745
0.074894735302,3408.006330729854
0.074250789064,3413.992325297201
0.073606842886,3419.9783198645487
0.072190161192,3425.9643144318957
0.071610609588,3431.9503089659593
0.069743165578,3437.9363035333063
0.068648457036,3443.92229806737
0.068777246278,3449.9082926014335
0.066845407654,3455.8942871687805
0.0670385915,3461.8802817361275
0.067553748446,3467.866276303475
0.065557515196,3473.852270870822
0.064849174362,3479.8382653716017
0.06478477974800001,3485.824259938949
0.064591595856,3491.810254506296
0.06407643888799999,3497.796249073643
0.063625676548,3503.7822436409906
0.062724151844,3509.768238175054
0.059440026128,3515.754232742401
0.062724151844,3521.740227276465
0.062788546458,3527.726221810528
0.061693837892,3533.7122163778754
0.062273389474000004,3539.6982109452224
0.061951416376000004,3545.6842055125694
0.0608567078,3551.670200079917
0.06072791858,3557.6561945806966
0.059182447670000006,3563.6421891480436
0.057250609068,3569.628183715391
0.05737939830600001,3575.614178282738
0.05757258217,3581.6001728168017
0.05654226822599999,3587.5861673841487
0.057443792928000004,3593.572161951496
0.056284689744000006,3599.558156452276
0.05673545209999999,3605.544151019623
0.055254375816,3611.5301455869703
0.054610429612,3617.5161401543173
0.054481640372000005,3623.5021347216643
0.05332253721,3629.488129289012
0.05364451030800001,3635.4741237897915
0.05312935335,3641.4601183571385
0.05325814257,3647.446112924486
0.05248540712000001,3653.432107458549
0.051777066292000004,3659.4181020258966
0.051197514702,3665.4040965932436
0.052099039382,3671.3900910940233
0.051777066282,3677.376085661371
0.05068235773600001,3683.362080228718
0.051648277032,3689.348074796065
0.050295990004,3695.3340693634123
0.050875541601999995,3701.3200639307593
0.050746752346,3707.3060584981063
0.050424779245999994,3713.2920529988864
0.05055356847000001,3719.2780475662335
0.050875541563999996,3725.2640421335805
0.051777066244000004,3731.250036667644
0.052099039343999995,3737.236031234991
0.051970250092,3743.2220258023385
0.05242101243599999,3749.2080203031182
0.052356617813999994,3755.1940148704653
0.050295989988,3761.1800094378127
0.053258142502000005,3767.1660040051597
0.053064958644,3773.1519985725067
0.054674824146,3779.137993139854
0.055447559589999994,3785.123987640634
0.055318770358,3791.109982207981
0.055833927324,3797.0959767753284
0.057572582078,3803.0819713093915
0.05551195422599999,3809.067965876739
0.056091505804,3815.053960444086
0.055769532704,3821.039955011433
0.05731500358799999,3827.025949512213
0.056284689666,3833.01194407956
0.057958949802000004,3838.997938646907
0.058409712144,3844.9839332142546
0.058152133668000004,3850.9699277816017
0.056735452014,3856.9559223489487
0.057701371322,3862.941916849729
0.05783016057,3868.927911417076
0.057121819742,3874.913905984423
0.058216528284,3880.8999005184864
0.05815213368000001,3886.885895085834
0.057894555195999994,3892.871889653181
0.059118052986,3898.857884220528
0.057701371343999996,3904.843878721308
0.05821652830799999,3910.829873288655
0.058023344446000005,3916.815867856002
0.05763697672,3922.8018624233496
0.057186214396,3928.7878569906966
0.057057425149999993,3934.77385152476
0.05615590046600001,3940.7598460588233
0.055383165034,3946.745840626171
0.055640743524,3952.7318351602344
0.05499679731,3958.7178297275814
0.055318770424,3964.7038242949284
0.054352851116,3970.689818862276
0.053902088782,3976.6758133630556
0.05454603497999999,3982.6618079304026
0.05312935335,3988.64780249775
0.053773299546,3994.633797065097
0.051261909376,4000.619791632444
0.051970250178,4006.6057861997915
0.05145509322599999,4012.5917807338546
0.052227828672,4018.5777752679182
0.051841460948,4024.5637698352657
0.05016720083199999,4030.549764369329
0.049780833102,4036.5357589366763
0.05010280620600001,4042.5217535040233
0.049523254652,4048.5077480713703
0.05048917395,4054.4937425721505
0.04855733533000001,4060.4797371394975
0.048235362232,4066.4657317068445
0.048042178367999996,4072.451726274192
0.046883075208,4078.437720841539
0.047011864446,4084.4237153756026
0.045659577422,4090.409709909666
0.04546639354800001,4096.395704477013
0.045595182792,4102.381699011076
0.046496707484,4108.367693578424
0.045852761273999995,4114.353688145771
0.045981550514,4120.339682713118
0.044242895756,4126.325677280465
0.044307290375999994,4132.311671781245
0.046432312832,4138.297666348592
0.044500474234,4144.283660915939
0.045337604306,4150.269655483286
0.045981550498,4156.255650050633
0.046045945126,4162.2416445846975
0.04520881506200001,4168.227639118761
0.047140653664,4174.213633686108
0.045981550506,4180.199628220172
0.045595182796,4186.185622787519
0.04469365811,4192.171617354866
0.045723972046,4198.157611922213
0.046496707479999996,4204.143606422993
0.045723972046,4210.12960099034
0.04623912900799999,4216.115595557687
0.046174734398,4222.101590125034
0.045080025864000006,4228.087584692382
0.046432312874,4234.073579226445
0.045595182828,4240.059573793792
0.04508002587,4246.045568327856
0.045337604348,4252.031562861919
0.044500474278,4258.017557429266
0.0369663037858,4264.003551996613
0.041345137894,4269.98954656396
0.040701191698,4275.975541131308
0.040121640122,4281.961535632087
0.040379218604,4287.947530199434
0.03979966702,4293.933524766782
0.040186034733999995,4299.919519334129
0.040443613201999996,4305.905513901476
0.039606483136,4311.891508435539
0.039670877758,4317.877503002887
0.039928456232,4323.863497503667
0.03941329926,4329.849492071014
0.039348904626000006,4335.835486638361
0.038962536904,4341.821481205709
0.039606483098,4347.807475773056
0.036193568227999996,4353.793470340403
0.038833747644,4359.779464841183
0.038898142256,4365.76545940853
0.037867828340000007,4371.751453975877
0.036901909026000004,4377.737448543224
0.037739039074,4383.723443077288
0.037030698249999994,4389.709437644635
0.037867828296,4395.695432178698
0.03696630362,4401.681426712762
0.036579935894,4407.667421280109
0.036451146648,4413.653415847456
0.036773119746,4419.639410414803
0.035678411202,4425.62540498215
0.034905675764,4431.611399549497
0.034776886526,4437.597394050277
0.032845047934000005,4443.583388617624
0.034519308045999994,4449.569383184971
0.034132940326,4455.555377719035
0.034132940322,4461.541372286382
0.032973837166,4467.527366853729
0.032651864068,4473.5133613545095
0.033488994124,4479.4993559218565
0.033295810264000004,4485.4853504892035
0.033746572604,4491.4713450565505
0.033939756461999995,4497.4573396238975
0.032780653310000005,4503.443334191245
0.032780653310000005,4509.429328692025
0.031879128634,4515.415323259372
0.031492760918000004,4521.40131782672
0.03226549636,4527.387312394067
0.03284504794,4533.37330692813
0.03303823179800001,4539.359301495477
0.032523074852,4545.345296062824
0.033167021054000004,4551.331290563604
0.032587469484,4557.317285130951
0.033553388792,4563.303279698298
0.034776886568,4569.289274265646
0.033746572653999996,4575.275268832993
0.03451930809999999,4581.26126340034
0.034004151148,4587.24725790112
0.034583702731999996,4593.233252468467
0.03522764894,4599.219247035814
0.03445491350799999,4605.205241569877
0.034970070474,4611.191236137224
0.035678411314,4617.177230704572
0.032973837304000005,4623.163225271919
0.03651554138199999,4629.149219772698
0.035356438236,4635.135214340046
0.035742805961,4641.121208907393
0.0354852274956,4647.10720347474
0.03606477907820001,4653.093198042087
0.033810967404,4659.079192609434
0.034390518987200004,4665.0651871102145
0.0354208329038,4671.0511816775615
0.0344549136066,4677.037176244909
0.0364511468316,4683.023170778973
0.0375458553756,4689.00916534632
0.036837514562599996,4694.995159913667
0.0376746446046,4700.981154414447
0.0379966177066,4706.967148981794
0.0393489047286,4712.953143549141
0.0398640616646,4718.939138116488
0.0403148240028,4724.925132683835
0.0415383217936,4730.911127251183
0.040636797110799996,4736.897121785246
0.0417315056456,4742.883116319309
0.0408943755818,4748.869110886656
0.0411519540492,4754.85510542072
0.041151954043999996,4760.841099988067
0.042246662576,4766.827094555414
0.041795900238,4772.813089122761
0.04289060877399999,4778.799083623541
0.04224666257200001,4784.785078190888
0.04218226796,4790.771072758235
0.041473927134000006,4796.757067325583
0.043341371108,4802.74306189293
0.042568635664,4808.729056460277
0.043663344212,4814.715050961057
0.044436079643999996,4820.701045528404
0.0449512366,4826.687040095751
0.043598949566,4832.6730346298145
0.043727738804,4838.6590291971615
0.043276976460000005,4844.6450237645095
0.043276976466000004,4850.6310183318565
0.042182267925999994,4856.617012832636
0.042568635626,4862.603007399984
0.04327697644200001,4868.589001967331
0.04334137106,4874.574996534678
0.04424289574399999,4880.560991102025
0.043663344146000004,4886.546985636088
0.043470160292,4892.532980170152
0.04308379257599999,4898.518974737499
0.042182267886,4904.504969271562
0.04198908402,4910.49096383891
0.04263303021,4916.476958406257
0.041280743179999996,4922.462952973604
0.041473927040000004,4928.448947474384
0.041602716277999996,4934.434942041731
0.041731505512,4940.420936609078
0.040314823874,4946.406931176425
0.04025042924,4952.392925743772
0.039735272276,4958.378920311119
0.039413299182,4964.364914845183
0.03986406151000001,4970.350909379246
0.040829980812,4976.336903946593
0.03979966688599999,4982.322898480657
0.03979966689,4988.308893048004
0.039928456124,4994.294887615351
0.039477693788,5000.280882182698
0.038898142206,5006.266876683479
0.03767464443,5012.252871250826
0.038318590624000004,5018.238865818173
0.038189801386,5024.22486038552
0.039220115308,5030.2108549528675
0.03947769378600001,5036.196849486931
0.040314823847999996,5042.182844054278
0.041602716252,5048.168838588342
0.043341370992,5054.154833122405
0.04469365802999999,5060.140827689752
0.04675428587,5066.126822257099
0.045337604245999995,5072.112816824447
0.047527021328,5078.098811391794
0.048814913742,5084.084805892573
0.04810657292,5090.070800459921
0.049974016902,5096.056795027268
0.05093993621799999,5102.042789594615
0.05158388243399999,5108.028784161962
0.05184146091400001,5114.014778696025
0.052742985602000005,5120.000773230089
0.052614196376,5125.986767764152
0.053064958722,5131.972762331499
0.054417245754,5137.958756898847
0.053515721078,5143.944751466194
0.055189981219999996,5149.930746033541
0.05506119198399999,5155.916740600888
0.05589832205800001,5161.902735101668
0.05589832206800001,5167.888729669015
0.056155900548,5173.874724236362
0.057508187599999996,5179.8607188037095
0.057121819866,5185.8467133377735
0.057765766074000004,5191.8327079051205
0.058538501534,5197.818702439184
0.058023344564000004,5203.804696973248
0.060212761684000006,5209.790691540595
0.060921102536000006,5215.776686107942
0.061049891794,5221.762680675289
0.060405945589999996,5227.748675242636
0.06208020571,5233.734669743416
0.061565048755999996,5239.720664310763
0.062337784196,5245.70665887811
0.063303703532,5251.692653445457
0.06433401744600001,5257.678647979521
0.06439841208,5263.664642546868
0.063690071248,5269.650637114215
0.06484917444,5275.636631614995
0.063754465882,5281.622626182342
0.06433401748,5287.608620749689
0.063754465886,5293.594615317036
0.065364331402,5299.580609884383
0.06343249279799999,5305.566604451731
0.0624021789256,5311.55259895251
0.06388325517,5317.538593519857
0.063496887448,5323.524588087205
0.06330370359500001,5329.510582654552
0.06304612513499999,5335.496577188615
0.0633037036148,5341.482571755962
0.0616294434986,5347.46856632331
0.062273389697600004,5353.45456082409
0.0611786811396,5359.440555391437
0.061114286517999994,5365.426549958785
0.060277156467000007,5371.412544526132
0.060599129608,5377.398539093479
0.059826394144,5383.384533660826
0.060599129584199996,5389.370528161606
0.0589892640882,5395.356522728953
0.0585385017322,5401.3425172963
0.05950442107,5407.328511830363
0.05892486944599999,5413.314506397711
0.058667290989999996,5419.300500965058
0.057379398574,5425.286495465837
0.056091506139000005,5431.272490033185
0.0560915061682,5437.258484600532
0.056091506140000004,5443.244479167879
0.0546104298936,5449.230473735226
0.0542884567752,5455.216468302573
0.0533225374608,5461.20246286992
0.054159667531,5467.1884573707
0.053000564358000005,5473.174451938047
0.052807380498199996,5479.160446505394
0.05364451054,5485.146441039458
0.052678591234000004,5491.132435606805
0.05312935356799999,5497.118430174152
0.0518414611616,5503.1044246749325
0.0515194880376,5509.0904192422795
0.049974017126999996,5515.0764138096265
0.05010280631999999,5521.0624083769735
0.049265676246,5527.0484029443205
0.048557335422000004,5533.034397511668
0.047269442998,5539.020392012448
0.04578836674,5545.006386579795
0.04623912905600001,5550.992381147143
0.04527320974,5556.978375681206
0.0459171559502,5562.964370248553
0.044242895787999996,5568.9503648159
0.042890608752,5574.936359383247
0.0430837926,5580.922353884027
0.04301939799,5586.908348451374
0.041280743238,5592.894343018721
0.041473927083999995,5598.880337586069
0.041924689422,5604.866332153416
0.041151953966,5610.852326720763
0.040314823904,5616.838321221543
0.039799666934,5622.82431578889
0.039799666928,5628.810310356237
0.038511774518,5634.7963048903
0.039026931472,5640.782299457648
0.039413299178,5646.768294024995
0.039091326078,5652.754288525774
0.03857616911,5658.740283093121
0.039091326068000004,5664.726277660469
0.03909132606600001,5670.712272227816
0.038382985246,5676.698266795163
0.038254196001999995,5682.68426136251
0.038447379861999996,5688.670255896574
0.03703069823,5694.656250430638
0.03606477893,5700.642244997985
0.035614016592,5706.628239532049
0.035549621978000004,5712.614234099396
0.034583702678000004,5718.600228666743
0.035742805838000005,5724.58622323409
0.034454913447999995,5730.57221773487
0.033939756492,5736.558212302217
0.032909442582,5742.544206869564
0.034132940369999996,5748.530201436911
0.032780653362,5754.516196004258
0.033875361904000006,5760.502190571606
0.0318147340882,5766.488185105669
0.032136707185999994,5772.474179639732
0.0315571556074,5778.46017420708
0.031041998672999997,5784.446168741143
0.0303980524786,5790.43216330849
0.029432133196599996,5796.418157875837
0.030720025599600003,5802.404152443184
0.030076079403600003,5808.390146943964
0.03220110188686,5814.376141511311
0.0316859449278,5820.362136078658
0.031879128789799996,5826.348130646006
0.0326518642476,5832.334125213353
0.03406854588719999,5838.320119747416
0.0332958104362,5844.30611428148
0.03413294051020001,5850.292108848827
0.0354208329022,5856.278103382891
0.0361291737134,5862.264097950238
0.038769353124799996,5868.250092517585
0.0393489047096,5874.2360870849325
0.039606483178799994,5880.2220816522795
0.04076558635000001,5886.208076153059
0.041924689516,5892.194070720407
0.042182267982,5898.180065287754
0.04366334425479999,5904.166059855101
0.0425686357288,5910.152054422448
0.043405765774,5916.138048956512
0.0443072904482,5922.124043490575
0.044758052784999995,5928.110038024638
0.0453376043736,5934.096032591985
0.0448224473898,5940.082027159333
0.04662549675000001,5946.06802172668
0.0458527613106,5952.054016294027
0.0470762590888,5958.040010794807
0.048042178386,5964.026005362154
0.0486217299714,5970.011999929501
0.048814913828,5975.997994496848
0.049909622354,5981.983989064195
0.04933007076299999,5987.969983598259
0.049587649234,5993.955978165606
0.049780833094,5999.941972699669
0.048492940671999996,6005.927967233733
0.048879308386000006,6011.91396180108
0.050231595414,6017.899956368427
0.047462626754,6023.885950935774
0.049136886852,6029.871945503121
0.04855733528,6035.857940003902
0.048170967553999994,6041.843934571249
0.04791338907,6047.829929138596
0.047462626721999995,6053.8159237059435
0.048235362162,6059.801918240007
0.047591415962000005,6065.787912807354
0.04623912894,6071.773907374701
0.045208815026,6077.759901875481
0.044758052678,6083.745896442828
0.04404971186800001,6089.731891010175
0.04398531725,6095.717885577522
0.044629263438,6101.70388014487
0.04495123653599999,6107.689874712217
0.044951236543999996,6113.675869212996
0.042761819464000005,6119.661863780344
0.043920922621999994,6125.647858347691
0.044758052682,6131.633852915038
0.044951236543999996,6137.619847449101
0.045595182748,6143.605842016448
0.04475805267800001,6149.591836550512
0.045401998876,6155.577831084575
0.045723971989999994,6161.563825651922
0.046239128956,6167.54982021927
0.046174734336,6173.535814786617
0.045144420404,6179.521809353964
0.04681868053399999,6185.507803921311
0.046303523578,6191.4937984220915
0.04578836661,6197.4797929894385
0.046239128956,6203.4657875567855
0.046625496678,6209.451782090849
0.046689891309999995,6215.4377766581965
0.046561102064,6221.4237712255435
0.045917155882,6227.409765726323
0.046689891319999996,6233.395760293671
0.046303523597999996,6239.381754861018
0.046818680560000006,6245.367749428365
0.044242895762,6251.353743995712
0.045144420440000006,6257.339738563059
0.04411410653600001,6263.325733063839
0.044371685016,6269.311727631186
0.043920922662,6275.297722198533
0.04347016032400001,6281.28371676588
0.043405765703999996,6287.269711299944
0.042890608744000004,6293.255705867291
0.04282621412399999,6299.241700434638
0.041409532481999994,6305.227694935418
0.041151953995999996,6311.213689502765
0.040250429316,6317.199684070112
0.040508007792,6323.185678637459
0.039670877736000004,6329.171673204807
0.03954208849199999,6335.157667772154
0.03973527234,6341.143662272933
0.040121640066,6347.12965684028
0.03831859069600001,6353.115651407628
0.038769353023999996,6359.1016459416915
0.037867828336,6365.0876405090385
0.038576169146,6371.0736350763855
0.03902693147400001,6377.059629577166
0.037545855216,6383.045624144513
0.038833747610000004,6389.03161871186
0.037030698248,6395.017613279208
0.036901909,6401.003607846555
0.036773119752,6406.989602413902
0.036966303609999994,6412.975596981249
0.035549621964,6418.961591482029
0.035614016582,6424.947586049376
0.033746572604000005,6430.933580616723
0.033810967226,6436.919575150786
0.03400415108,6442.905569718134
0.033810967222000006,6448.891564285481
0.033488994124,6454.87755878626
0.033488994124,6460.863553353608
0.033424599506,6466.849547920955
0.03316702103,6472.835542488302
0.03181473401399999,6478.821537055649
0.033617783366,6484.807531622996
0.03252307483,6490.79352615706
0.032072312494,6496.779520691123
0.031943523255999993,6502.76551525847
0.031557155538,6508.751509792534
0.032716258692,6514.737504359881
0.032201101736,6520.723498927228
0.026727559072,6526.709493494575
0.032523074836,6532.6954879953555
0.032136707121999994,6538.6814825627025
0.031879128644,6544.6674771300495
0.032329890975999996,6550.6534716973965
0.031879128642,6556.6394662647435
0.031879128644000006,6562.625460832091
0.031041998587999997,6568.611455332871
0.031750339406,6574.597449900218
0.031557155547999996,6580.583444467566
0.031879128648,6586.569439001629
0.031879128645999996,6592.555433568976
0.031879128645999996,6598.541428136323
0.031428366304,6604.52742270367
0.030913209348000004,6610.51341720445
0.030333657774,6616.499411771797
0.031170787826000003,6622.485406339144
0.029238949232,6628.471400906492
0.030591236249999997,6634.457395473839
0.03181473402,6640.443390007902
0.031235182445999998,6646.429384541966
0.030913209344000003,6652.415379109313
0.030591236247999996,6658.401373643376
0.031170787826000003,6664.387368210723
0.031041998587999997,6670.373362778071
0.031428366304,6676.359357345418
0.032780653317999994,6682.345351846197
0.032394285602,6688.331346413545
0.032523074842,6694.317340980892
0.03342459952,6700.303335548239
0.034390518822000005,6706.289330115586
0.034261729592,6712.275324682933
0.035227648885999996,6718.261319216997
0.035678411221999995,6724.247313751061
0.036064778952,6730.233308285124
0.036193568196,6736.219302852472
0.03664433054,6742.205297419819
0.036322357446,6748.191291987166
0.035485227382,6754.177286554513
0.035485227402,6760.163281055293
0.03503446506,6766.14927562264
0.035292043546000004,6772.135270189987
0.03632235747,6778.121264757334
0.035871595122,6784.107259324681
0.036322357468000006,6790.093253858745
0.036773119812,6796.079248426092
0.036193568228,6802.065242960155
0.036644330566,6808.051237494219
0.03735267141,6814.037232061566
0.036773119816,6820.023226628913
0.037545855274,6826.00922119626
0.036257962878200004,6831.995215763607
0.0366443306068,6837.981210264387
0.036129173653,6843.967204831734
0.0368375144762,6849.953199399081
0.034261729693599995,6855.939193966429
0.035292043610999996,6861.925188500492
0.0352920436226,6867.911183067839
0.0348412812816,6873.897177601903
0.0335533888886,6879.883172135967
0.033875361985600004,6885.869166703314
0.0334889942586,6891.855161270661
0.0331026265516,6897.841155838008
0.0321367072516,6903.8271504053555
0.0313639718166,6909.8131449727025
0.0315571556776,6915.799139473482
0.032265496496999994,6921.78513404083
0.031235182575,6927.771128608177
0.03213670724800001,6933.757123175524
0.0316859449094,6939.743117709587
0.032716258812,6945.729112276935
0.033295810392000004,6951.715106810998
0.033746572724,6957.701101345061
0.034390518922,6963.687095912409
0.034068545831999995,6969.673090479756
0.036515541373999996,6975.659085047103
0.036515541382,6981.64507961445
0.037545855296000005,6987.63107411523
0.03612917365,6993.617068682577
0.036451146756,6999.603063249924
0.037030698326,7005.589057817271
0.036386752114,7011.575052351335
0.035871595156,7017.561046918682
0.035614016666,7023.547041486029
0.03657993596,7029.533035986809
0.035935989756,7035.519030554156
0.037095092912,7041.505025121503
0.03741706601,7047.49101968885
0.038125406824,7053.477014256197
0.037739039106,7059.463008823544
0.038898142266,7065.449003324325
0.03992845619,7071.434997891672
0.040765586242,7077.420992459019
0.041023164732,7083.406987026367
0.04198908403,7089.39298156043
0.041473927084,7095.378976127777
0.041345137824,7101.364970661841
0.041924689412,7107.350965195904
0.04224666251399999,7113.336959763251
0.042761819471999994,7119.322954330598
0.043212581806,7125.308948897945
0.04334137105599999,7131.294943465293
0.042568635606,7137.28093803264
0.04256863560199999,7143.266932533419
0.042955003318,7149.252927100767
0.043405765658,7155.238921668114
0.041667110912,7161.224916202177
0.04160271629,7167.210910769524
0.04186029478,7173.196905336871
0.040314823892,7179.182899837651
0.039155720734,7185.168894404998
0.038833747638,7191.154888972345
0.038833747642,7197.140883539693
0.037545855239999995,7203.12687810704
0.037481460612,7209.112872674387
0.036129173606,7215.098867241734
0.036579935948000006,7221.0848617425145
0.03600038437,7227.0708563098615
0.03497007044000001,7233.0568508772085
0.034326124252,7239.0428454112725
0.032651864142,7245.0288399786195
0.033424599584,7251.014834545967
0.032136707190199995,7257.000829046746
0.032973837235999996,7262.986823614094
0.031106393264,7268.972818181441
0.031750339461999996,7274.958812748788
0.031170787882,7280.944807316135
0.031106393261999998,7286.930801883482
0.030784420174000005,7292.916796384262
0.030784420170000003,7298.902790951609
0.03033365783,7304.888785518956
0.030526841686,7310.87478005302
0.029947290107999996,7316.860774620367
0.029882895487999994,7322.846769187714
0.029947290104,7328.832763755061
0.029882895480000005,7334.818758255841
0.029818500854,7340.804752823188
0.031363971732,7346.790747390535
0.029947290090000002,7352.776741957882
0.028852581552,7358.76273652523
0.030333657805999996,7364.748731092577
0.0297541062288,7370.734725593356
0.0292389492742,7376.720720160704
0.029174554646000002,7382.706714728051
0.02872379231600001,7388.6927092621145
0.0282730299786,7394.6787038294615
0.0298185008488,7400.6646983968085
0.030204868575799997,7406.650692897589
0.0312995771102,7412.636687464936
0.0318791286866,7418.622682032283
0.0320079179296,7424.608676599631
0.0325230748896,7430.594671166978
0.0314283663606,7436.580665734325
0.0323298910346,7442.566660268388
0.03355338881474,7448.552654802452
0.0341973350116,7454.538649369799
0.0359359897366,7460.524643903862
0.036708725174,7466.510638471209
0.0370950928914,7472.496633038557
0.038511774527999997,7478.482627605904
0.039348904584,7484.468622106683
0.039864061542,7490.454616674031
0.040958770075999996,7496.440611241378
0.04256863557,7502.426605808725
0.043727738744,7508.412600376072
0.045144420376,7514.398594910136
0.045595182713999996,7520.384589477483
0.04688307511400001,7526.370584011546
0.048106572896,7532.356578545609
0.049072492196,7538.342573112957
0.049587649156,7544.328567680304
0.050102806122,7550.314562247651
0.050038411494,7556.300556814998
0.051583882378000004,7562.2865513157785
0.05171267162200001,7568.2725458831255
0.052678590920000004,7574.2585404504725
0.053064958633999994,7580.2445350178195
0.053708904834,7586.230529585167
0.052485407054,7592.216524119231
0.053773299454,7598.202518653294
0.05274298553000001,7604.188513220641
0.052227828566,7610.174507754705
0.053000564002,7616.160502322052
0.05197025008,7622.146496889399
0.053000564006000006,7628.132491456746
0.052742985526,7634.118486024094
0.053258142486000005,7640.104480524873
0.054417245656,7646.09047509222
0.053644510208,7652.076469659568
0.054352851044000006,7658.062464226915
0.05351572097799999,7664.048458760978
0.051583882374,7670.034453328325
0.051777066235999994,7676.020447862389
0.051455093135999996,7682.006442396452
0.051197514651999995,7687.992436963799
0.052356617816000005,7693.978431531146
0.05132630389,7699.964426098494
0.051648276994,7705.950420665841
0.051197514661999996,7711.9364151666205
0.051261909278000006,7717.922409733968
0.052163433961999996,7723.908404301315
0.052807380173999996,7729.894398868662
0.053193747894,7735.880393436009
0.054996797273999996,7741.8663879700725
0.055189981128,7747.85238253742
0.054095272592,7753.838377071484
0.055640743478,7759.824371605547
0.056799846646,7765.810366172895
0.05660666278200001,7771.796360740242
0.056735452028,7777.782355307589
0.05686424126800001,7783.768349874936
0.05795894981000001,7789.754344375716
0.058667290636,7795.740338943063
0.059761999186,7801.72633351041
0.06124307544600001,7807.712328077757
0.062208994758,7813.698322611821
0.06259536249599999,7819.684317179168
0.06343249255399999,7825.670311713231
0.065106752684,7831.656306247295
0.06568630426399999,7837.642300814642
0.066072671988,7843.628295381989
0.065815093504,7849.614289949336
0.067424959016,7855.600284516683
0.066265855842,7861.58627908403
0.06839087832400001,7867.57227358481
0.069356797642,7873.558268152157
0.06871285143,7879.544262719504
0.07058029543000001,7885.530257286852
0.07000074385,7891.516251820915
0.070129533096,7897.502246388262
0.07032271696200001,7903.488240922326
0.071159847022,7909.47423545639
0.071031057782,7915.460230023737
0.07122424166199999,7921.446224591084
0.073027291058,7927.432219158431
0.07122424166399999,7933.4182137257785
0.07244773947,7939.4042082931255
0.071481820188,7945.390202793905
0.069871954676,7951.376197361253
0.070387111646,7957.3621919286
0.069099219216,7963.348186462663
0.06909921922000001,7969.33418103001
0.068906035388,7975.320175597358
0.06832648380600001,7981.306170098137
0.06723177523599999,7987.292164665484
0.06639464516,7993.278159232832
0.06555751509400001,7999.264153800179
0.06452720117,8005.250148367526
0.06388325497,8011.236142934873
0.062080205608,8017.222137435653
0.060856707806,8023.208132003
0.059440026162000004,8029.194126570347
0.058409712242,8035.180121137694
0.059118053056,8041.166115671758
0.056993030582000004,8047.152110239105
0.056027111267999995,8053.138104806452
0.056027111270200006,8059.124099307232
0.054352851134,8065.110093874579
0.05081114703,8071.096088441926
0.048621729906,8077.082083009273
0.05254980175,8083.06807757662
0.050939936228000006,8089.0540721439675
0.05113312009399999,8095.040066644748
0.05016720077200001,8101.026061212095
0.05003841153199999,8107.012055779442
0.050360384632,8112.998050313506
0.049265676082,8118.984044880853
0.049458859942,8124.9700394482
0.048621729876000004,8130.95603394898
0.049201281452000006,8136.942028516327
0.048170967528,8142.928023083674
0.04797778367,8148.914017651021
0.047527021323999996,8154.900012218368
0.047140653596000004,8160.886006785716
0.048170967519999996,8166.872001353063
0.047720205178,8172.857995853842
0.048814913710000005,8178.84399042119
0.048235362133999996,8184.829984988537
0.047784599786,8190.8159795226
0.048492940604,8196.801974089947
0.04894370294,8202.787968657294
0.048943702944,8208.773963158075
0.047848994402,8214.759957725422
0.049136886802,8220.74595229277
0.04868612446,8226.731946860116
0.050167200720000006,8232.717941427463
0.050231595344,8238.70393599481
0.05145509312600001,8244.689930528873
0.05151948775200001,8250.675925062937
0.051712671604000005,8256.661919630284
0.05126190926600001,8262.647914164349
0.052227828572,8268.633908731696
0.050102806112,8274.619903299043
0.051390698511999997,8280.60589786639
0.051390698518,8286.591892367169
0.051648276994,8292.577886934516
0.05203464471,8298.563881501863
0.05119751465,8304.549876069212
0.05151948775399999,8310.535870636559
0.050360384595999994,8316.521865170622
0.04926567605,8322.507859704685
0.049909622262,8328.493854272032
0.048686124479999995,8334.479848806095
0.047398232072,8340.465843373442
0.047591415932,8346.45183794079
0.047655810554,8352.437832508138
0.046561102012,8358.423827075485
0.046818680496000006,8364.409821576264
0.045144420382,8370.395816143611
0.044500474184,8376.381810710958
0.04469365803599999,8382.367805278305
0.04347016025,8388.353799845652
0.043727738732,8394.339794379715
0.042375451716000004,8400.32578891378
0.043083792536,8406.311783481127
0.042246662472,8412.29777801519
0.042633030190000004,8418.283772582537
0.04044361312400001,8424.269767149885
0.040186034632,8430.255761717232
0.040508007734,8436.241756218013
0.040121640018,8442.22775078536
0.039413299198000004,8448.213745352707
0.039542088426,8454.199739920054
0.0394132992,8460.1857344874
0.039091326098,8466.171729021464
0.038254196044,8472.15772358881
0.038769353004,8478.143718122874
0.038382985274,8484.129712656939
0.038898142232,8490.115707224286
0.039735272294,8496.101701791633
0.038511774516000005,8502.08769635898
0.038511774516000005,8508.073690926327
0.039091326096,8514.059685427106
0.040186034620000005,8520.045679994453
0.041667110881999994,8526.0316745618
0.041602716258,8532.017669129147
0.043019397897999995,8538.003663696496
0.043920922572000004,8543.98965823056
0.045595182696000006,8549.975652764622
0.0478489944,8555.96164733197
0.04810657288,8561.947641866032
0.049265676046,8567.93363643338
0.050682357682,8573.919631000726
0.05055356844600001,8579.905625568075
0.053258142498000004,8585.891620135422
0.053708904834,8591.877614636202
0.054546034896000004,8597.863609203549
0.055383164963999996,8603.849603770896
0.05783016054000001,8609.835598338243
0.058474106748,8615.821592872306
0.059375631436,8621.807587439653
0.061436259288000006,8627.793581973718
0.062466573213999996,8633.77957650778
0.063883254864,8639.765571075128
0.06678101279599999,8645.751565642475
0.06703859128,8651.737560209822
0.068068905206,8657.723554777169
0.0705159008,8663.709549344516
0.07058029542399999,8669.695543845297
0.07289850176999998,8675.681538412644
0.073413658744,8681.667532979991
0.07508791890000001,8687.653527547338
0.07721294138399999,8693.639522081401
0.07792128220599999,8699.625516648748
0.07779249296600001,8705.611511182811
0.07953114773600001,8711.597505716876
0.08069025090399999,8717.583500284223
0.081462986356,8723.56949485157
0.08313724648599999,8729.555489418917
0.08358800885800001,8735.541483986264
0.08352361423,8741.527478487043
0.08551984747599999,8747.51347305439
0.08519787437399999,8753.499467621737
0.08551984748399999,8759.485462189085
0.08590621521,8765.47145672315
0.08667895067,8771.457451290496
0.08706531839000001,8777.443445857843
0.088353210822,8783.429440358623
0.088997157026,8789.41543492597
0.08803123771600001,8795.401429493317
0.088417605438,8801.387424060664
0.08835321080799999,8807.37341862801
0.088675183928,8813.35941319536
0.088417605428,8819.345407696139
0.088610789286,8825.331402263486
0.09041383868599999,8831.317396830833
0.08873957855,8837.30339139818
0.08899715701199999,8843.289385932243
0.08970549786,8849.27538049959
0.090220654842,8855.261375033655
0.091057784904,8861.247369567718
0.09137975801199999,8867.233364135065
0.09202370421799999,8873.219358702412
0.091122179526,8879.20535326976
0.091315363392,8885.191347837106
0.09086460103199999,8891.177342404453
0.090156260202,8897.163336905234
0.090349444066,8903.149331472581
0.08848200005,8909.135326039928
0.08873957853799999,8915.121320573991
0.08790244845800001,8921.107315141338
0.087966843068,8927.093309708685
0.087580475332,8933.079304209465
0.087129712986,8939.065298776814
0.086872134504,8945.05129334416
0.08680773990400001,8951.037287911508
0.08719410762,8957.023282478855
0.087387291476,8963.009277046202
0.087387291484,8968.995271613549
0.08693652912000001,8974.981266114328
0.088160026916,8980.967260681675
0.08790244843600001,8986.95325521574
0.088610789276,8992.939249783087
0.08848200002199999,8998.925244350434
0.08661455602,9004.91123891778
0.08719410762400001,9010.89723341856
0.088160026918,9016.883227985907
0.087194107602,9022.869222553254
0.087065318378,9028.855217120601
0.087709264588,9034.841211687948
0.087322896846,9040.827206255297
0.08796684307000001,9046.813200756076
0.08719410762400001,9052.799195323423
0.086807739894,9058.78518989077
0.086485766784,9064.771184424833
0.08687213451,9070.75717899218
0.08700092376600001,9076.743173559527
0.086035004452,9082.729168126874
0.08603500444600001,9088.715162627655
0.085069085138,9094.701157195002
0.084682717406,9100.68715176235
0.083588008858,9106.673146329696
0.08249330030799999,9112.659140897043
0.082944062648,9118.645135431107
0.081978143336,9124.631129965172
0.08075464554199999,9130.617124532519
0.081012224044,9136.603119066582
0.07953114776400001,9142.589113633929
0.07914478003599999,9148.575108201276
0.078114466086,9154.561102768623
0.076247022084,9160.547097269402
0.07637581132599999,9166.533091836749
0.075345497406,9172.519086404098
0.074315183458,9178.505080971445
0.073478053388,9184.491075538792
0.072383344852,9190.477070106139
0.070902268562,9196.463064640202
0.070258322358,9202.449059174265
0.06826208909999999,9208.435053741612
0.068519667602,9214.421048275677
0.067296169816,9220.407042843024
0.068648456858,9226.393037410371
0.06703859133000001,9232.379031977718
0.066459039752,9238.365026478497
0.06472038498800001,9244.351021045844
0.06562190967,9250.337015613191
0.064012044158,9256.323010180538
0.06452720111999999,9262.309004747885
0.063174914074,9268.29499928195
0.062144600153999995,9274.280993816014
0.062917335596,9280.26698838336
0.062080205517999996,9286.252982917424
0.061178680838,9292.23897748477
0.061436259320000006,9298.224972052118
0.061629443172,9304.210966619465
0.06059912925000001,9310.196961186812
0.05918244760000001,9316.182955687593
0.058731685256,9322.16895025494
0.058345317528000006,9328.154944822287
0.056799846652,9334.140939389634
0.056993030523999996,9340.12693395698
0.05712181976599999,9346.112928491044
0.057250609003999996,9352.098923025109
0.057250609013999997,9358.084917592456
0.056735452036000014,9364.070912126519
0.05609150585,9370.056906693866
0.057765765978,9376.042901261213
0.057765765989999995,9382.02889582856
0.05744379289199999,9388.014890395907
0.057701371374,9394.000884896686
0.057572582142000006,9399.986879464035
0.058280922958000005,9405.972874031382
0.058796079936,9411.95886859873
0.058087739109999995,9417.944863132792
0.05776576601600001,9423.93085770014
0.058602896074,9429.916852234202
0.05847410683200001,9435.902846768266
0.059182447661999996,9441.888841335613
0.05956881538600001,9447.874835902961
0.061500654004,9453.860830470308
0.060985497044000005,9459.846825037655
0.06188702171999999,9465.832819538435
0.06317491415399999,9471.818814105782
0.063303703384,9477.804808673129
0.06330370339,9483.790803240476
0.06291733567,9489.776797807823
0.063046124922,9495.762792341888
0.063432492634,9501.748786909235
0.06349688725,9507.734781443298
0.064591595802,9513.720775977361
0.064977963534,9519.706770544708
0.064334017326,9525.692765112055
0.064398411934,9531.678759679402
0.063754465728,9537.664754246749
0.06510675276399999,9543.65074874753
0.064269622696,9549.636743314877
0.06349688724,9555.622737882224
0.064012044212,9561.608732449571
0.06491356889399999,9567.594726983634
0.06362567647999999,9573.580721550981
0.063690071104,9579.566716085044
0.064462806542,9585.55271061911
0.063303703374,9591.538705186456
0.06317491414,9597.524699753803
0.063239308764,9603.51069432115
0.06343249261600001,9609.496688888497
0.063303703372,9615.482683455844
0.063239308748,9621.468677956624
0.06220899481599999,9627.454672523972
0.06124307550400001,9633.44066709132
0.061758232476,9639.426661658666
0.062208994822,9645.41265619273
0.061629443238,9651.398650760077
0.060985497026,9657.384645260856
0.060148366958,9663.370639828203
0.060534734689999994,9669.35663439555
0.059568815382000005,9675.342628962899
0.058796079946,9681.328623530246
0.057121819825999995,9687.314618097593
0.057830160644,9693.30061266494
0.05763697678,9699.286607165719
0.056284689751999996,9705.272601733066
0.05506119196799999,9711.258596300413
0.05583392741399999,9717.244590834476
0.054159667278,9723.230585401825
0.054739218852000004,9729.216579969172
0.053902088794000005,9735.202574469951
0.05338693182399999,9741.188569037298
0.053515721074,9747.174563604645
0.05197025018999999,9753.160558171992
0.05055356853200001,9759.14655273934
0.050360384672000005,9765.132547306686
0.049265676127999994,9771.118541807467
0.04900809763999999,9777.104536374814
0.050167200812000004,9783.090530942161
0.048621729944,9789.076525476225
0.046561102098000004,9795.062520043572
0.046174734358,9801.048514610919
0.045466393536,9807.034509178266
0.04514442044,9813.020503679047
0.044951236565999995,9819.006498246394
0.044951236575999996,9824.99249281374
0.045080025818,9830.978487381088
0.043727738794,9836.964481948435
0.043727738812,9842.950476515782
0.042504241036,9848.936471016561
0.042182267926,9854.922465583908
0.042117873304,9860.908460151257
0.041989084047999996,9866.89445468532
0.04166711095,9872.880449252667
0.04076558627,9878.866443820014
0.041087559382,9884.852438320793
0.040765586284000004,9890.83843288814
0.040765586272,9896.824427455487
0.04063679703,9902.810422022836
0.040121640072,9908.796416590183
0.040572402416000006,9914.78241115753
0.040057245452,9920.768405691593
0.039606483107999996,9926.754400225656
0.040121640066000004,9932.740394793003
0.039220115382,9938.726389327066
0.03870495843,9944.712383894414
0.038125406838,9950.698378461762
0.037996617598,9956.68437302911
0.036901909052,9962.670367529889
0.036322357471999994,9968.656362097236
0.037545855248000005,9974.642356664583
0.036901909033999994,9980.62835123193
0.036708725172,9986.614345799277
0.035935989734,9992.600340366624
0.036000384348,9998.586334867405
0.034390518848,10004.572329434752
0.033939756504,10010.558324002099
0.03265186410800001,10016.544318536162
0.032265496388000005,10022.530313103509
0.030591236276,10028.516307670856
0.030269263176,10034.502302238203
0.029110160004,10040.488296738984
0.02936773849,10046.474291306331
0.028723792294,10052.460285873678
0.028144240713999995,10058.446280441025
0.02872379229,10064.432275008372
0.028788186909999996,10070.418269542435
0.028595003044,10076.404264076498
0.028466213801999995,10082.390258643845
0.027178321416,10088.37625317791
0.027435899894000006,10094.362247745257
0.026791953703999997,10100.348242312604
0.02621240213,10106.334236879951
0.025375272070000003,10112.320231447298
0.026663164466,10118.306225948078
0.026469980607999998,10124.292220515425
0.025697245174,10130.278215082772
0.025954823652000004,10136.26420965012
0.027371505283999998,10142.250204217467
0.027500294530000004,10148.23619875153
0.027757873012,10154.222193285594
0.026727559094000004,10160.20818785294
0.029045765406000002,10166.194182387004
0.029432133120000002,10172.18017695435
0.02930334388,10178.1661715217
0.030977603992000002,10184.152166089047
0.031750339429999996,10190.138160589826
0.030526841668000005,10196.124155157173
0.0303336578142,10202.11014972452
0.031492760976,10208.096144291867
0.0318147340758,10214.082138859214
0.032136707178599996,10220.068133393277
0.0321367071866,10226.054127960626
0.033038231850599994,10232.040122494689
0.034583702725800004,10238.026117028752
0.034776886589,10244.0121115961
0.03567841127,10249.998106163446
0.036386752092,10255.984100730793
0.037481460634,10261.97009529814
0.03741706601,10267.956089798921
0.038447379924000005,10273.942084366268
0.03973527232,10279.928078933615
0.039220115356,10285.914073500962
0.040250429274,10291.90006806831
0.041602716308000005,10297.886062602372
0.041860294782,10303.872057136436
0.04173150554200001,10309.858051703783
0.042246662500000004,10315.844046237848
0.04301939794200001,10321.830040805195
0.043405765656,10327.816035372542
0.044436079584,10333.802029939889
0.044564868832,10339.788024507236
0.045530788132,10345.774019008015
0.046303523576,10351.760013575362
0.04765581059,10357.746008142709
0.04836415143,10363.732002710058
0.048299756808000006,10369.71799724412
0.049265676108,10375.703991811468
0.04933007074200001,10381.689986345531
0.049330070746,10387.675980879594
0.050231595434,10393.661975446941
0.049974016974,10399.647970014288
0.051133120152,10405.633964581635
0.050617963195999996,10411.619959148984
0.051197514772,10417.605953716331
0.051068725508,10423.59194821711
0.051841460972,10429.577942784457
0.051133120166,10435.563937351804
0.050617963207999994,10441.549931919151
0.051197514792,10447.535926453214
0.051261909402,10453.521921020563
0.05248540719199999,10459.507915521343
0.052421012572000006,10465.49391008869
0.052421012574,10471.479904656037
0.053644510368,10477.465899223384
0.051455093294,10483.45189379073
0.052936169527999996,10489.437888358078
0.054546035048000006,10495.423882858859
0.05448164041,10501.409877426206
0.05564074358,10507.395871993553
0.05570513820800001,10513.3818665609
0.055576348956,10519.367861094963
0.055705138188000006,10525.35385566231
0.057250609084,10531.339850229657
0.056671057508,10537.325844730438
0.055962716668,10543.311839297785
0.056799846753999995,10549.297833865132
0.05699303060199999,10555.283828432479
0.057186214448,10561.269822999826
0.057636976798000006,10567.255817567173
0.057765766026,10573.241812067952
0.05847410686,10579.2278066353
0.058280922985999996,10585.213801202646
0.05757258217,10591.199795736711
0.05879607994999999,10597.185790304058
0.059697604643999994,10603.171784871405
0.06027715622200001,10609.157779372184
0.06143625938799999,10615.143773939531
0.06162944324999999,10621.129768506878
0.061436259376,10627.115763074225
0.061822627108,10633.101757641572
0.062917335656,10639.087752208921
0.06343249260999999,10645.073746776268
0.06253096792,10651.059741277048
0.06375446570599999,10657.045735844395
0.06407643881799999,10663.031730411742
0.06356128184399999,10669.017724945805
0.06343249259999999,10675.003719513152
0.063174914114,10680.989714080499
0.064527201142,10686.97570858128
0.065493120466,10692.961703148627
0.063110519496,10698.947697715974
0.06369007109,10704.93369228332
0.063625676468,10710.919686850668
0.063239308732,10716.905681418015
0.06304612488799999,10722.891675918796
0.064076438806,10728.877670486143
0.063303703362,10734.86366505349
0.062144600186,10740.849659587553
0.062530967896,10746.8356541549
0.06156504858799999,10752.821648722247
0.06111428624799999,10758.807643289594
0.06079231313200001,10764.793637790373
0.059311236862,10770.779632357722
0.059826393818,10776.76562692507
0.058280922928,10782.751621492416
0.058409712164000004,10788.737616059763
0.05750818746599999,10794.72361062711
0.058152133679999995,10800.70960512789
0.057701371345999994,10806.695599695237
0.057765765946000004,10812.681594262584
0.05750818746400001,10818.667588796648
0.05622029506,10824.653583363995
0.05506119189400001,10830.639577931343
0.055318770362,10836.62557249869
0.05351572100199999,10842.611566999469
0.05338693176,10848.597561566816
0.053129353276000005,10854.583556134163
0.052292223208,10860.56955070151
0.052099039337999996,10866.555545268859
0.052678590928,10872.541539802922
0.051712671624000006,10878.527534336985
0.05126190928,10884.513528904332
0.05061796308000001,10890.499523438395
0.05139069852,10896.485518005742
0.050682357698,10902.471512573089
0.04984522763,10908.457507140436
0.050167200738,10914.443501641217
0.049587649154000005,10920.429496208564
0.049458859912000004,10926.415490775911
0.047527021296000005,10932.401485343258
0.048170967506,10938.387479910605
0.046754285854,10944.373474477952
0.044951236492,10950.359469012015
0.044758052636,10956.34546354608
0.043405765612,10962.331458113427
0.044178501054,10968.31745264749
0.043212581748,10974.303447214837
0.042568635546,10980.289441782184
0.041409532388,10986.275436349531
0.041216348523999996,10992.26143085031
0.040250429222,10998.24742541766
0.039928456124,11004.233419985007
0.038898142203999994,11010.219414552354
0.039670877642,11016.2054091197
0.038254196000000004,11022.191403653764
0.037674644426,11028.177398187827
0.036064778926000005,11034.163392755174
0.036193568162,11040.149387289237
0.03574280583,11046.135381856586
0.034583702666000006,11052.121376423933
0.035292043488,11058.10737099128
0.033102626418,11064.093365558627
0.033682177992,11070.079360059406
0.033102626415999994,11076.065354626753
0.033231415656,11082.0513491941
0.032201101738,11088.037343761447
0.03187912864,11094.023338328794
0.030011684674,11100.009332862859
0.030977603963999994,11105.995327396922
0.028852581518,11111.98132196427
0.03033365777,11117.967316498332
0.029754106189999997,11123.95331106568
0.029818500814000004,11129.939305633026
0.027951056846,11135.925300200373
0.028401819182,11141.91129476772
0.027757872986,11147.897289268501
0.026598769832,11153.883283835848
0.027307110646,11159.869278403195
0.026985137553999998,11165.855272970543
0.02762908375,11171.841267504606
0.0268563483202,11177.827262071953
0.026469980600199998,11183.813256606018
0.0269207429356,11189.79925114008
0.026212402118,11195.785245707428
0.026985137557599997,11201.771240274775
0.026083612886799994,11207.757234842122
0.026985137562599997,11213.743229409469
0.027564689137800004,11219.729223910248
0.028273029952,11225.715218477597
0.028723792294,11231.701213044944
0.027371505282599996,11237.68720761229
0.0276290837656,11243.673202179638
0.027371505287800003,11249.659196713701
0.028981370773399996,11255.645191281048
0.027371505288600002,11261.631185781827
0.029303343872200006,11267.617180349174
0.029818500828,11273.603174916523
0.028659397678999998,11279.58916948387
0.0290457653962,11285.575164051217
0.030784420128,11291.561158618564
0.030655630889999997,11297.547153119343
0.033038231817999995,11303.53314768669
0.032394285626000004,11309.519142254037
0.0331670210716,11315.505136821384
0.034068545734,11321.49113135545
0.034776886555999996,11327.477125922796
0.034583702696,11333.46312045686
0.035292043514000004,11339.449114990923
0.036579935912,11345.43510955827
0.034712491938,11351.421104125617
0.035356438133999996,11357.407098692964
0.035098859656,11363.39309326031
0.034905675803999996,11369.379087827658
0.035549622004,11375.365082328439
0.03464809732600001,11381.351076895786
0.034197334992,11387.337071463133
0.035420832764,11393.323065997196
0.035678411248,11399.309060564543
0.035485227393999993,11405.29505513189
0.03587159511,11411.281049632671
0.03471249194999999,11417.267044200018
0.035034465047999994,11423.253038767365
0.035163254288000004,11429.239033334712
0.03471249195,11435.225027902059
0.034197334986,11441.211022469406
0.034583702710000004,11447.197016970185
0.034905675808000004,11453.183011537532
0.034004151128,11459.169006104881
0.034390518854000005,11465.155000672228
0.034326124238,11471.140995206291
0.035163254299999995,11477.126989773638
0.03600038436400001,11483.112984340985
0.036515541315999996,11489.098978841765
0.03735267138,11495.084973409112
0.037996617590000004,11501.07096797646
0.03831859069,11507.056962543807
0.039992850818000004,11513.042957111154
0.040250429303999996,11519.028951678501
0.04179590019,11525.01494617928
0.041216348609999995,11531.000940746628
0.041409532468000006,11536.986935313975
0.042955003356,11542.972929848038
0.044951236565999995,11548.958924415387
0.044629263464,11554.944918982734
0.043792133402,11560.93091355008
0.045080025812,11566.91690805086
0.045788366622,11572.902902618207
0.045530788146,11578.888897185554
0.04598155049,11584.874891752901
0.046818680552,11590.860886320248
0.04759141599,11596.846880887595
0.047913389084,11602.832875388376
0.048235362184,11608.818869955723
0.049072492242000006,11614.80486452307
0.04926567609799999,11620.790859057133
0.049652043826000004,11626.77685362448
0.049652043824,11632.762848191827
0.050617963128,11638.748842692608
0.051133120091999995,11644.734837259955
0.051390698564000005,11650.720831827302
0.05216343400000001,11656.70682639465
0.052227828626000006,11662.692820961996
0.05248540710199999,11668.678815529343
0.05383769412799999,11674.664810063407
0.053064958685999995,11680.65080459747
0.055254375774,11686.636799164819
0.056091505834,11692.622793698882
0.05570513811600001,11698.608788266229
0.055962716605999996,11704.594782833576
0.057443792869999996,11710.580777400923
0.058216528340000004,11716.566771901702
0.059118053022,11722.552766469049
0.05969760460600001,11728.538761036396
0.06001957770599999,11734.524755603745
0.060083972342000004,11740.510750171092
0.06014836696200001,11746.496744738439
0.061307470123999994,11752.482739239218
0.061500654008,11758.468733806565
0.061565048611999997,11764.454728373912
0.062273389436000005,11770.440722907975
0.062015810972,11776.426717475324
0.06111428627399999,11782.412712042671
0.06085670778800001,11788.398706610018
0.062788546412,11794.384701110797
0.06169383784,11800.370695678144
0.061822627084000006,11806.356690245491
0.061243075506,11812.342684812838
0.061243075502,11818.328679380185
0.06053473466999999,11824.31467391425
0.06001957771199999,11830.300668448313
0.059375631506000004,11836.28666301566
0.058345317574,11842.272657549724
0.060212761563999996,11848.25865211707
0.05924684225,11854.244646684418
0.058087739074,11860.230641251765
0.058087739072,11866.216635819112
0.057315003617999995,11872.202630319893
0.05840971217200001,11878.18862488724
0.058152133694,11884.174619454587
0.057057425152,11890.160614021934
0.055383165014,11896.14660858928
0.05525437578400001,11902.132603123344
0.055769532734,11908.118597657407
0.05428845647,11914.104592224756
0.053644510274,11920.090586758819
0.053386931794,11926.076581326166
0.05351572103,11932.062575893513
0.05287177483199999,11938.04857046086
0.052034644777999996,11944.03456496164
0.0511331201082,11950.020559528986
0.05254980174799999,11956.006554096333
0.0498452277072,11961.992548663682
0.04965204384000001,11967.97854323103
0.0490724922774,11973.964537765092
0.049780833102,11979.95053233244
0.048235362218,11985.936526866502
0.049458860002,11991.922521400566
0.04817096759,11997.908515967913
0.048557335308,12003.89451053526
0.045273209688000006,12009.880505102608
0.045981550512,12015.866499669955
0.045917155888,12021.852494170735
0.044758052736,12027.838488738082
0.045337604316,12033.824483305429
0.044178501158,12039.810477872776
0.044114106522,12045.796472440123
0.04314818722,12051.782466974188
0.041731505574,12057.76846150825
0.0413451378592,12063.754456042314
0.0407011916496,12069.740450609661
0.040443613178800006,12075.726445177008
0.0394132992566,12081.712439744355
0.0393489046386,12087.698434311702
0.0399928508466,12093.684428879049
0.0401860347096,12099.67042337983
0.039799666983600004,12105.656417947177
0.0399928508386,12111.642412514524
0.0392201154086,12117.628407081871
0.0406367970456,12123.614401615934
0.0395420885038,12129.600396183281
0.040701191654000005,12135.586390717344
0.040958770155000004,12141.57238525141
0.042568635634,12147.558379818756
0.040701191674000006,12153.544374386103
0.041216348616,12159.53036895345
0.042439846398000004,12165.516363520797
0.043598949570000003,12171.502358021577
0.04417850115000001,12177.488352588924
0.044178501163999996,12183.47434715627
0.045723972036,12189.46034172362
0.045659577426000006,12195.446336257683
0.045273209692,12201.43233082503
0.045337604318,12207.418325392377
0.04488684198,12213.404319893156
0.044564868906000005,12219.390314460503
0.044242895794,12225.37630902785
0.045015631252000005,12231.362303595197
0.04495123665399999,12237.348298162546
0.043212581929999994,12243.334292729893
0.042697424956,12249.320287230672
0.042890608812,12255.306281798019
0.042697424958,12261.292276365366
0.042182268,12267.278270932713
0.041087559466,12273.264265466776
0.041795900292,12279.250260034123
0.042697424948,12285.236254601472
0.042504241104,12291.222249102251
0.04205347874,12297.208243669598
0.041795900262,12303.194238236945
0.040636797104,12309.180232804292
0.040572402471999995,12315.16622737164
0.041989084105999996,12321.152221938986
0.040701191688,12327.138216439767
0.04070119168,12333.124211007114
0.041602716352,12339.110205574461
0.04140953249,12345.096200108524
0.042504241022000004,12351.082194675872
0.044049711892,12357.068189243219
0.043856528023999995,12363.054183743998
0.044822447316000005,12369.040178311347
0.04411410649,12375.026172878694
0.044242895724,12381.01216744604
0.04469365806,12386.998162013388
0.044951236542,12392.984156580735
0.043727738754,12398.970151148082
0.043792133383999995,12404.956145648861
0.044951236534,12410.942140216208
0.044436079584,12416.928134783555
0.044500474198000003,12422.91412931762
0.04366334414,12428.900123884967
0.04359894951800001,12434.886118452314
0.043212581796,12440.872112953093
0.043534554899999994,12446.85810752044
0.041795900164,12452.844102087787
0.041345137824,12458.830096655134
0.041151953968,12464.816091222481
0.041151953962000005,12470.80208578983
0.041151953968,12476.78808029061
0.042504240985999996,12482.774074857956
0.041989084026000004,12488.760069425303
0.04308379256,12494.746063959366
0.042826214086,12500.732058526713
0.04256863560600001,12506.71805309406
0.043534554898,12512.70404766141
0.043920922624000006,12518.690042162189
0.044436079582,12524.676036729536
0.043663344142,12530.662031296883
0.045208815022,12536.64802586423
0.044049711868,12542.634020431577
0.043341371042,12548.620014998924
0.044178501098,12554.606009499705
0.0428906087,12560.592004067052
0.043985317233999996,12566.577998634399
0.043019397933999996,12572.563993168462
0.043534554896,12578.549987735809
0.043083792552,12584.535982303156
0.043341371030000006,12590.521976870503
0.042633030206,12596.507971371284
0.041216348566,12602.493965938631
0.041023164702,12608.479960505978
0.041151953943999994,12614.465955073325
0.041087559328,12620.451949640672
0.041989084006,12626.437944174735
0.042697424821999994,12632.423938708798
0.040636796984,12638.409933276145
0.040958770076,12644.39592781021
0.041538321653999996,12650.381922377557
0.040636796976,12656.367916944904
0.040508007728,12662.353911512251
0.041280743158,12668.33990601303
0.040057245378,12674.325900580377
0.039155720702000005,12680.311895147724
0.039799666902,12686.297889715072
0.040250429244000005,12692.283884282419
0.040443613098,12698.269878849767
0.0394776938,12704.25587338383
0.039220115320000005,12710.241867917894
0.038447379877999996,12716.22786248524
0.037030698246,12722.213857019304
0.03587159509,12728.19985158665
0.035549621992,12734.185846153998
0.035163254272,12740.171840721345
0.034132940353999996,12746.157835222126
0.032780653349599995,12752.143829789473
0.034132940362,12758.12982435682
0.034132940364,12764.115818924167
0.032909442588,12770.101813491514
0.0336821780374,12776.087808025577
0.0312351824848,12782.073802559642
0.032329891024999995,12788.059797126989
0.030720025542600005,12794.045791661052
0.031170787883600004,12800.0317862284
0.029110160051599998,12806.017780795746
0.0284018192396,12812.003775363093
0.0291101600506,12817.98976993044
0.0277578730346,12823.975764431221
0.0287237923336,12829.961758998568
0.029689711635600004,12835.947753565915
0.0303980524596,12841.933748133262
0.030462447064000003,12847.91974270061
0.031235182496,12853.905737234672
0.031235182502000004,12859.891731768736
0.031428366358,12865.877726302799
0.032973837230000004,12871.863720870148
0.033295810336,12877.849715437495
0.032265496412,12883.835710004842
0.033553388808,12889.821704572189
0.034004151146,12895.807699072968
0.033231415708,12901.793693640315
0.03374657265599999,12907.779688207662
0.034390518861999994,12913.765682775009
0.034519308096,12919.751677342356
0.035163254304000004,12925.73767187642
0.03458370272,12931.723666443768
0.0356784112642,12937.709660977831
0.035098859688,12943.695655511894
0.03497007045,12949.681650079241
0.033810967294,12955.667644646588
0.0344549135,12961.653639213935
0.035034465088599996,12967.639633781282
0.0350988597106,12973.625628282063
0.034326124278600004,12979.61162284941
0.034454913513600006,12985.597617416757
0.0339397565546,12991.583611984104
0.035034465088599996,12997.569606518167
0.0340041511766,13003.555601085514
0.0357428059088,13009.541595652861
0.0347768866008,13015.527590153642
0.035742805904999994,13021.51358472099
0.0350988596942,13027.499579288336
0.0363867520874,13033.485573855683
0.036837514424599996,13039.47156842303
0.038318590672000004,13045.457562990377
0.037352671366,13051.443557491157
0.03883374762,13057.429552058506
0.03902693148999999,13063.415546625853
0.03979966692,13069.4015411932
0.039220115336000005,13075.387535727263
0.03934890457,13081.37353029461
0.040636796961999996,13087.359524828673
0.04044361309,13093.345519362736
0.041023164668,13099.331513930085
0.04037921847,13105.317508497432
0.03896253683,13111.303503064779
0.04134513776800001,13117.289497632126
0.040958770046,13123.275492199473
0.040186034602,13129.261486700252
0.04037921846,13135.2474812676
0.040314823834,13141.233475834946
0.039928456109999996,13147.219470369011
0.039670877632,13153.205464936358
0.038833747574,13159.191459503705
0.038704958334000006,13165.177454004484
0.038576169089999994,13171.163448571831
0.038061012134,13177.149443139178
0.035807200438,13183.135437706525
0.037095092836,13189.121432273872
0.034970070386,13195.10742684122
0.034132940333999995,13201.093421342
0.035485227356,13207.079415909348
0.0346480973,13213.065410476695
0.034261729584,13219.051405044042
0.03323141567,13225.037399578105
0.032845047961999996,13231.023394145452
0.031879128668,13237.009388712799
0.032136707142,13242.99538321358
0.031750339428,13248.981377780927
0.030462447042,13254.967372348274
0.030269263192,13260.95336691562
0.030333657808000004,13266.939361482968
0.030526841667999998,13272.925356050315
0.03026926319,13278.911350551094
0.030333657817999998,13284.897345118443
0.029947290094,13290.88333968579
0.030784420154000004,13296.869334219853
0.030977604022000005,13302.8553287872
0.030398052439999997,13308.841323354547
0.031363971738,13314.827317921894
0.031235182497000004,13320.813312422673
0.032458680272,13326.79930699002
0.032007917931,13332.78530155737
0.032651864132000004,13338.771296124716
0.033167021088,13344.757290692063
0.032973837218,13350.74328525941
0.03336020495400001,13356.72927976019
0.033488994184,13362.715274327536
0.034583702714,13368.701268894883
0.034197335005999994,13374.687263428948
0.03580720049,13380.673257996295
0.036064778968,13386.659252563642
0.036000384350000005,13392.645247064422
0.03748146061,13398.631241631769
0.037545855222000005,13404.617236199116
0.038576169151999996,13410.603230766463
0.03909132611,13416.58922533381
0.038962536862000005,13422.575219901157
0.039477693818,13428.561214435222
0.039477693832,13434.547208969285
0.038898142246,13440.533203536632
0.040057245404000005,13446.519198070695
0.039542088446000004,13452.505192638042
0.039864061542,13458.491187205389
0.039799666924000006,13464.477181772736
0.040508007746000003,13470.463176273517
0.040829980838000005,13476.449170840864
0.03992845617,13482.435165408211
0.040379218498000004,13488.421159975558
0.04012164002799999,13494.407154542905
0.039735272306,13500.393149110252
0.03947769382599999,13506.379143611031
0.04025042926,13512.36513817838
0.038769353008,13518.351132745727
0.03902693149,13524.33712727979
0.038962536868,13530.323121847137
0.040443613128,13536.309116414484
0.039864061539999995,13542.295110981831
0.039477693824,13548.28110548261
0.040636796986,13554.267100049958
0.04179590015200001,13560.253094617306
0.040765586237999994,13566.239089184653
0.041151953956,13572.225083752
0.04134513782,13578.211078286064
0.041473927068,13584.197072820127
0.042182267886000005,13590.183067387474
0.04256863560799999,13596.169061921537
0.042375451746000006,13602.155056488884
0.043405765674,13608.141051056233
0.043212581822,13614.12704562358
0.044500474245999996,13620.113040124359
0.043019398008000004,13626.099034691706
