Average lockin_signal,Ion velocity
0.08612086418666666,-5931.076775973773
0.08494029607000002,-5925.105170460404
0.08515494482000001,-5919.133564947036
0.08536959352666666,-5913.161959500234
0.08697945909666667,-5907.190353986865
0.08612086416333332,-5901.218748473497
0.08644283726666667,-5895.247142960128
0.08665748602666667,-5889.27553744676
0.08708678351,-5883.303931933391
0.08590621543333332,-5877.33232648659
0.08526226923666667,-5871.360720973222
0.08418902554666667,-5865.389115526421
0.08311578187666667,-5859.417510013052
0.08096929452666667,-5853.445904499684
0.08129126759000001,-5847.474299052882
0.08129126755666667,-5841.5026935395135
0.07882280713999999,-5835.531088026145
0.07935942898,-5829.559482512776
0.07978872644,-5823.587876999408
0.07946675333666667,-5817.616271486039
0.07774956343666665,-5811.6446660392385
0.07839350962666668,-5805.67306052587
0.07538842734666666,-5799.701455079068
0.07442250804,-5793.7298495657
0.07431518367333334,-5787.758244052331
0.07270531816666667,-5781.78663860553
0.07141742576666667,-5775.815033092162
0.0725979938,-5769.843427578793
0.07184672323333334,-5763.871822131992
0.07088080393333333,-5757.900216618624
0.07120277703333333,-5751.928611105255
0.07088080393,-5745.957005591887
0.07023685776666666,-5739.985400078518
0.06841234353333332,-5734.013794631716
0.06841234357,-5728.042189118348
0.0672317755,-5722.070583604979
0.06787572173666666,-5716.098978158178
0.06798304610666667,-5710.12737264481
0.06701712681333333,-5704.155767131441
0.06615853188,-5698.1841616846405
0.06583655875333333,-5692.212556171272
0.06776839737333333,-5686.240950657903
0.06776839741333333,-5680.269345144535
0.06755374868,-5674.297739631166
0.06712445121333332,-5668.3261341843645
0.06873431674333334,-5662.354528670996
0.06766107304666667,-5656.382923157627
0.06916361420666667,-5650.411317710827
0.0702368579,-5644.439712197458
0.06937826301,-5638.468106684089
0.07002220916333333,-5632.496501237288
0.06980756039666666,-5626.524895723919
0.06884164113333334,-5620.5532902105515
0.06862699236666667,-5614.581684697183
0.06991488483333334,-5608.610079183814
0.06959291173666667,-5602.638473737013
0.06927093859666668,-5596.666868223644
0.07055883103,-5590.6952627102755
0.06916361423333332,-5584.723657263475
0.06873431680666667,-5578.752051750106
0.0703441823,-5572.780446236738
0.069378263,-5566.808840789936
0.06991488483666668,-5560.837235276567
0.06809037057333334,-5554.865629763199
0.06851966804,-5548.89402424983
0.06798304620333333,-5542.922418736462
0.06798304616666666,-5536.950813289661
0.06701712687333333,-5530.979207776292
0.06487063947666667,-5525.007602262924
0.06422669324333334,-5519.035996816123
0.06583655876666666,-5513.064391302754
0.06562191004000001,-5507.092785789386
0.06272415212,-5501.121180342584
0.06143625965333333,-5495.149574829215
0.061328935316666666,-5489.177969315847
0.06218753024999999,-5483.206363802478
0.06057766472,-5477.23475828911
0.059289772323333344,-5471.263152842309
0.058860474780000005,-5465.29154732894
0.059719069746666666,-5459.319941815572
0.058967799183333336,-5453.348336368771
0.05360158081666667,-5447.3767308554025
0.05703596047666667,-5441.405125342034
0.055533419306666665,-5435.433519895232
0.05564074367666667,-5429.461914381864
0.055426094903333334,-5423.490308868495
0.05446017556000001,-5417.5187033551265
0.054782148616666665,-5411.547097841758
0.05403087801666667,-5405.575492394957
0.053064958706666665,-5399.603886881589
0.054889472929999995,-5393.63228136822
0.05607004095666667,-5387.660675921418
0.05810920391333333,-5381.68907040805
0.05875315008666667,-5375.717464894682
0.057679906413333336,-5369.74585944788
0.057250608933333336,-5363.774253934512
0.0589677988,-5357.802648421143
0.060041042473333334,-5351.831042974342
0.06047033994333333,-5345.859437460974
0.06122161050666667,-5339.887831947605
0.06283147602,-5333.916226434237
0.06347542222333333,-5327.944620920868
0.06379739532999999,-5321.973015474066
0.0642266928,-5316.001409960698
0.06401204406333334,-5310.029804447329
0.06562190958000001,-5304.0581990005285
0.06529993648,-5298.08659348716
0.0665878289,-5292.114987973791
0.06680247763333333,-5286.1433825269905
0.06787572131,-5280.171777013622
0.06841234315666667,-5274.200171500253
0.06927093810333333,-5268.228565986885
0.06991488432333333,-5262.256960473516
0.07152474984333333,-5256.285355026715
0.07141742547666667,-5250.313749513346
0.07077347927666668,-5244.342143999977
0.07012953308333333,-5238.370538553177
0.06862699193999999,-5232.398933039808
0.06787572137,-5226.4273275264395
0.06862699194666667,-5220.455722079638
0.06841234322333334,-5214.48411656627
0.06583655841333333,-5208.512511052902
0.06562190969666666,-5202.540905539533
0.06208020560333333,-5196.5693000261645
0.06175823250666667,-5190.597694579363
0.06186555691333332,-5184.626089065994
0.06143625945,-5178.654483552626
0.061221610710000006,-5172.682878105825
0.05939709648,-5166.711272592456
0.058431177179999995,-5160.739667079088
0.058323852823333334,-5154.768061632286
0.05682131170333334,-5148.796456118917
0.05692863607666667,-5142.824850605549
0.05585539239133333,-5136.85324509218
0.05585539238,-5130.881639578813
0.056392014223666666,-5124.910034132011
0.05682131166999999,-5118.938428618642
0.057572582250000004,-5112.966823105274
0.051347769034666674,-5106.995217658473
0.05617736541666667,-5101.023612145104
0.05671398724999999,-5095.052006631736
0.057250609076666674,-5089.080401184934
0.057035960319999995,-5083.1087956715655
0.05971906947333333,-5077.137190158197
0.0586458258,-5071.165584644828
0.06047034002999999,-5065.19397913146
0.060363015656666665,-5059.222373684659
0.06036301564333333,-5053.2507681712905
0.05982639379333334,-5047.279162657922
0.061543583660000005,-5041.307557211121
0.06175823238,-5035.3359516977525
0.06358274663,-5029.364346184384
0.06422669282,-5023.392740737582
0.06454866592666668,-5017.421135224214
0.06519261213333334,-5011.449529710845
0.06465599029333334,-5005.477924264044
0.06433401720666666,-4999.506318750676
0.06465599030000001,-4993.534713237307
0.06454866594333333,-4987.563107723939
0.06626585581666666,-4981.59150221057
0.06497796341,-4975.619896763768
0.06326077354,-4969.648291250401
0.06551458528,-4963.676685737032
0.06755374825666667,-4957.70508029023
0.06809037008666667,-4951.733474776862
0.06862699194333334,-4945.761869263493
0.06830501883666668,-4939.7902638166925
0.06905628941666668,-4933.818658303324
0.07120277676333332,-4927.847052789955
0.07120277676999999,-4921.875447276587
0.07173939860333332,-4915.903841763218
0.07066615494666667,-4909.9322363164165
0.07238334482,-4903.960630803048
0.07345658850333332,-4897.989025289679
0.07485180529333334,-4892.017419842879
0.07324193978333333,-4886.04581432951
0.07345658850333332,-4880.074208816141
0.07538842716,-4874.102603369341
0.07774956325666667,-4868.130997855972
0.07506645404666666,-4862.1593923426035
0.07592504897333334,-4856.187786829235
0.07635434645,-4850.216181315866
0.07914478003666665,-4844.244575869065
0.07903745566333333,-4838.272970355696
0.07893013127666666,-4832.3013648423275
0.08011069931333333,-4826.329759395527
0.08053999677666666,-4820.358153882158
0.08193521357333333,-4814.38654836879
0.08236451103999999,-4808.414942921989
0.08290113287666666,-4802.44333740862
0.08408170092333334,-4796.471731895252
0.08461832275333332,-4790.500126381883
0.08483297149333334,-4784.5285208685145
0.08633551265333334,-4778.556915421713
0.08773072945666667,-4772.585309908344
0.08740875634,-4766.613704394976
0.08569156645666666,-4760.642098948175
0.08612086392666667,-4754.670493434806
0.08816002691333334,-4748.698887921438
0.09062848743333334,-4742.727282474636
0.09105778488,-4736.755676961267
0.09180905547666666,-4730.784071447899
0.09213102858,-4724.812465934531
0.09084313616,-4718.840860421163
0.09256032606333332,-4712.869254974361
0.09137975802333333,-4706.897649460992
0.09288229919666668,-4700.926043947624
0.09298962357,-4694.954438500823
0.09277497485333332,-4688.9828329874545
0.09191637988666668,-4683.011227474086
0.09030651435666666,-4677.039622027284
0.09095046059666667,-4671.068016513916
0.09180905555333334,-4665.096411000547
0.09095046061333334,-4659.1248054871785
0.08944791946666668,-4653.15319997381
0.08794537829666667,-4647.181594527009
0.08891129763,-4641.209989013641
0.08944791946666668,-4635.238383500272
0.08687213461666667,-4629.266778053471
0.08644283714666667,-4623.295172540103
0.08612086404000001,-4617.323567026734
0.08547691782,-4611.351961579932
0.08504762032666667,-4605.380356066564
0.08343775480333333,-4599.408750619763
0.08311578171333334,-4593.437145106394
0.07989605068,-4587.465539593026
0.08086196998333334,-4581.493934079657
0.08225718677666667,-4575.522328566289
0.08107661874666666,-4569.55072305292
0.08172056494333334,-4563.579117606119
0.08053999689333334,-4557.607512092751
0.08043267248666668,-4551.635906579382
0.08257915985666665,-4545.6643011325805
0.08182788927333334,-4539.692695619212
0.08279380863000001,-4533.721090172411
0.07957407753333333,-4527.7494846590425
0.08064732121,-4521.777879145674
0.08279380856333333,-4515.806273632305
0.08161324052333332,-4509.834668118937
0.08214986237666667,-4503.863062605568
0.08225718674333334,-4497.891457158767
0.08150591613000001,-4491.919851645398
0.08161324049333334,-4485.948246132029
0.08011069934,-4479.976640685229
0.08107661866333334,-4474.00503517186
0.08043267242333334,-4468.033429725059
0.07957407747333334,-4462.061824211691
0.07828618504333333,-4456.090218698322
0.07860815813666666,-4450.118613184954
0.07828618503666666,-4444.147007671585
0.07828618502,-4438.1754021582165
0.07839350937333332,-4432.203796711415
0.07774956317000001,-4426.232191198046
0.07817886063333333,-4420.260585684678
0.07839350936333334,-4414.288980237877
0.07893013119999999,-4408.317374724508
0.08139859167333334,-4402.345769277707
0.08011069925333333,-4396.374163764339
0.08064732109333334,-4390.40255825097
0.08139859167333334,-4384.430952737602
0.08096929421333333,-4378.459347224233
0.08129126732666668,-4372.487741710865
0.08172056481000001,-4366.516136264063
0.08118394296333332,-4360.544530750694
0.08161324044,-4354.572925237326
0.08333043036333333,-4348.601319790525
0.08375972783,-4342.629714277156
0.08343775472666666,-4336.658108830355
0.08429634966333333,-4330.686503316986
0.08429634968,-4324.7148978036175
0.08472564715333332,-4318.74329229025
0.08333043037666667,-4312.771686776881
0.08418902532333333,-4306.800081263513
0.08526226898666667,-4300.828475816711
0.08569156645666666,-4294.8568703033425
0.08569156648666666,-4288.885264789974
0.08386705220333333,-4282.913659343173
0.08515494464666666,-4276.9420538298045
0.08461832277999999,-4270.970448383003
0.08633551268999999,-4264.998842869634
0.08440367404333333,-4259.027237356266
0.08418902533,-4253.055631909465
0.08268648415333334,-4247.084026396096
0.08236451107666666,-4241.11242081616
0.08343775472666666,-4235.140815369359
0.08247183542333333,-4229.169209855991
0.08075464554,-4223.197604342622
0.07978872623000001,-4217.225998895821
0.07774956321,-4211.254393382453
0.07925210439000001,-4205.282787869084
0.07764223885333334,-4199.311182422282
0.07517377837333333,-4193.339576908914
0.07313461538,-4187.367971462113
0.07216869609,-4181.3963659487445
0.07259799353666667,-4175.424760435376
0.07066615491333333,-4169.453154922007
0.06959291123666667,-4163.481549408639
0.06733909950333333,-4157.50994389527
0.0670171264,-4151.538338448469
0.06433401719666666,-4145.566732935101
0.06283147604666667,-4139.595127421732
0.06175823236333333,-4133.623521974931
0.058860474446666665,-4127.651916461562
0.05660666273666667,-4121.680311014761
0.05521144595666666,-4115.708705501393
0.05403087791,-4109.737099988024
0.05231368804000001,-4103.7654944746555
0.05188439057333333,-4097.793888961287
0.05285030987,-4091.8222834479184
0.050918471256666674,-4085.850678001117
0.04780606462,-4079.8790724877485
0.04608887475,-4073.90746697438
0.045981550383333326,-4067.9358615275787
0.04555225291666667,-4061.96425601421
0.04512295544666667,-4055.992650567409
0.044800982346666664,-4050.0210450540403
0.043620414313333335,-4044.0494395406718
0.04254717064666667,-4038.077834027303
0.04404971178,-4032.106228513935
0.04286914374666667,-4026.1346230005665
0.04308379248,-4020.1630175537653
0.04426436051333333,-4014.1914120403967
0.043083792479999994,-4008.219806527028
0.04147392698333333,-4002.248201080227
0.042117873179999994,-3996.2765955668583
0.04179590008333334,-3990.304990120057
0.03975673711666667,-3984.3333846066885
0.03943476401999999,-3978.36177909332
0.03803954726,-3972.3901735799514
0.03932743965333333,-3966.418568066583
0.03642968176,-3960.4469625532142
0.03235135584,-3954.4753571064134
0.03074149035,-3948.503751593045
0.030848814719999996,-3942.5321460796763
0.030848814716666662,-3936.560540632875
0.027951056836666665,-3930.5889351195065
0.027199786276666665,-3924.617329672705
0.02634119135,-3918.6457241593366
0.02730711064666667,-3912.674118645968
0.02666316445,-3906.7025131325995
0.02473132586,-3900.730907619231
0.02537527206,-3894.7593021058624
0.023658082214333336,-3888.787696659061
0.024302028406666665,-3882.8160911456926
0.024624001500000003,-3876.844485632324
0.025160623330000003,-3870.872880185523
0.02698513756,-3864.9012746721546
0.026985137556666667,-3858.9296692253533
0.028165705583333336,-3852.958063711985
0.028916976143333332,-3846.986458198616
0.031063463476666664,-3841.014852751815
0.030204868553333333,-3835.0432472384464
0.031922058413333336,-3829.071641725078
0.03149276094333333,-3823.1000362117093
0.03224403150333333,-3817.1284306983407
0.033317275173333334,-3811.156825184972
0.03256600461,-3805.185219738171
0.03406854573666667,-3799.2136142248023
0.03428319447,-3793.2420087780015
0.03396122136333333,-3787.270403264633
0.0332099508,-3781.2987977512644
0.03256600460333334,-3775.327192304463
0.03310262644,-3769.3555867910945
0.03385389701,-3763.383981277726
0.03299530207,-3757.4123757643574
0.03353192390333334,-3751.440770250989
0.03546376249666667,-3745.4691647376203
0.033746572636666666,-3739.497559290819
0.03396122137666666,-3733.5259537774505
0.03278065333666667,-3727.554348330649
0.03267332898,-3721.5827428172806
0.03428319448,-3715.611137303912
0.03481981631,-3709.6395318571113
0.03396122137333333,-3703.6679263437427
0.035034465036666664,-3697.696320830374
0.03363924827,-3691.7247153170056
0.032887977709999995,-3685.753109803637
0.032780653353333335,-3679.7815042902685
0.033961221369999996,-3673.809898843467
0.03417587010333333,-3667.8382933300986
0.032351355873333335,-3661.8666878832973
0.03138543658,-3655.895082369929
0.030848814746666665,-3649.9234768565602
0.029560922343333334,-3643.951871409759
0.029453597989999997,-3637.9802658963904
0.028273029956666668,-3632.008660383022
0.026448515743,-3626.0370548696537
0.027092461937,-3620.065449356285
0.026233867002333332,-3614.0938438429166
0.02741443503,-3608.1222383961153
0.027414435027,-3602.150632882747
0.027951056865666665,-3596.1790274359455
0.027521759402,-3590.207421922577
0.027843732503333333,-3584.2358164092084
0.028916976159333335,-3578.264210962407
0.029453597996,-3572.2926054490385
0.028702327447666664,-3566.32099993567
0.02880965180666667,-3560.3493944223014
0.027521759419333335,-3554.377788908933
0.028165705604999997,-3548.4061833955643
0.02913162491266667,-3542.4345779487635
0.028595003076333336,-3536.462972435395
0.028165705605333335,-3530.4913669885937
0.027736408137000002,-3524.519761475225
0.027521759399333334,-3518.5481559618565
0.027414435037,-3512.5765505150553
0.02591189391033333,-3506.6049450016867
0.025697245180333336,-3500.633339488318
0.024087379682666665,-3494.661734041517
0.02344343348333333,-3488.690128461581
0.023014136017,-3482.7185229482125
0.022799487280000003,-3476.746917501411
0.02365808221,-3470.7753119880426
0.022370189809999996,-3464.803706541242
0.022048216713333332,-3458.8321010278733
0.020974973056666665,-3452.8604955145047
0.02065299996,-3446.8888900677034
0.020009053760000003,-3440.917284554335
0.02118962178,-3434.9456790409663
0.021082297413333336,-3428.974073594165
0.021296946143333332,-3423.0024680807965
0.018721161366666666,-3417.030862567428
0.018506512636666667,-3411.0592570540593
0.01936510756333333,-3405.087651540691
0.0192577832,-3399.1160460938895
0.018613837006666665,-3393.144440580521
0.01829186391,-3387.1728350671524
0.01721862025,-3381.2012296203516
0.015501430405666665,-3375.229624106983
0.017111295891666666,-3369.2580185936145
0.015608754774666667,-3363.286413146813
0.016681998431,-3357.3148076334446
0.014642835491,-3351.343202120076
0.013462267474333331,-3345.3715966067075
0.014213538036553333,-3339.399991093339
0.015608754787666665,-3333.4283856465377
0.016574674076,-3327.456780133169
0.017111295906,-3321.4851746198005
0.016360025344333333,-3315.5135691729993
0.017325944636,-3309.5419636596307
0.017647917729333332,-3303.5703581462626
0.01807721519,-3297.5987526994613
0.019043134476,-3291.6271471860928
0.020116378134666667,-3285.655541672724
0.020438351232333334,-3279.6839361593557
0.02065299996333333,-3273.712330645987
0.022477514173333334,-3267.7407251326185
0.023014136003333335,-3261.7691196858173
0.02333610910666667,-3255.7975141724487
0.024194704033333334,-3249.8259087256474
0.02677048881666667,-3243.854303212279
0.026985137543333333,-3237.8826976989103
0.028058381203333333,-3231.911092252109
0.029453597959999998,-3225.9394867387405
0.03192205838,-3219.9678812253724
0.03181473401333334,-3213.996275712004
0.033639248243333336,-3208.0246701986352
0.035249113736666664,-3202.0530646852667
0.03589305993333333,-3196.0814592384654
0.03932743965333333,-3190.109853725097
0.04050800768666667,-3184.1382482782956
0.04125927825333334,-3178.166642764927
0.041581251353333334,-3172.1950372515585
0.04383506304666667,-3166.223431804757
0.04404971178,-3160.2518262913886
0.04523027981333333,-3154.28022077802
0.04641084785333333,-3148.3086152646515
0.04619619912,-3142.337009751283
0.04802071335666667,-3136.365404237915
0.04952325448666667,-3130.3937987911136
0.05059649816,-3124.422193277745
0.05177706619333333,-3118.4505878309437
0.05413820227,-3112.478982317575
0.05392355354,-3106.5073768042066
0.05574806778,-3100.5357713574053
0.057465257656666664,-3094.564165844037
0.05907512316,-3088.592560330668
0.06100696177666667,-3082.620954883867
0.06218752982,-3076.6493493704984
0.06197288108333334,-3070.67774385713
0.061543583613333334,-3064.7061383437613
0.06250950291333333,-3058.734532830393
0.06304612476333334,-3052.762927383592
0.06261682729333333,-3046.7913218702233
0.06197288109000001,-3040.8197163568548
0.06079231305333333,-3034.8481109100535
0.06229485419666667,-3028.876505396685
0.06186555673666667,-3022.9048998833164
0.06283147604333333,-3016.933294436515
0.06315344915666667,-3010.9616889231465
0.06336809789333332,-3004.990083409778
0.06379739539,-2999.0184778964094
0.06358274666333334,-2993.046872383041
0.06444134160666666,-2987.0752669362396
0.06411936852,-2981.103661422871
0.06444134162333333,-2975.132055909503
0.06401204417,-2969.1604504627016
0.06379739544333334,-2963.188844949333
0.06401204418,-2957.2172394359645
0.06411936854999999,-2951.2456339891633
0.06529993660333333,-2945.2740284757947
0.06540726098666667,-2939.302422962426
0.06529993661000001,-2933.3308174490576
0.06648050465,-2927.359211935689
0.06379739545666667,-2921.3876064888877
0.06572923407,-2915.416000975519
0.06572923408333332,-2909.4443954621506
0.06744642398666667,-2903.4727900153493
0.06680247776333334,-2897.5011845019812
0.06733909959666666,-2891.5295789886127
0.06862699203333333,-2885.5579735418114
0.06884164073,-2879.586368028443
0.06959291132999999,-2873.6147625150743
0.0695929113,-2867.6431570017057
0.06937826257666667,-2861.671551488337
0.06948558693666668,-2855.699946041536
0.07012953312333334,-2849.7283405281673
0.06916361382000001,-2843.756735014799
0.06798304577333335,-2837.7851295679975
0.06830501885333333,-2831.813524054629
0.06594388275,-2825.8419185412604
0.06787572136333332,-2819.870313094459
0.06669515330666666,-2813.898707581091
0.06540726089333333,-2807.9271020677224
0.06766107260333333,-2801.955496554354
0.06626585581333334,-2795.9838910409853
0.06605120707333334,-2790.012285594184
0.06508528776333333,-2784.0406800808155
0.06411936845,-2778.069074567447
0.06433401717666666,-2772.0974691206457
0.06379739534,-2766.125863607277
0.06465599028,-2760.1542580939085
0.06401204407333333,-2754.1826526471073
0.06218752982666667,-2748.2110471337387
0.06111428614666667,-2742.23944162037
0.06197288108666666,-2736.2678361070016
0.06165090799,-2730.2962305936335
0.06218752982333334,-2724.324625146832
0.06336809786333333,-2718.3530196334636
0.06100696178,-2712.381414120095
0.06100696177666667,-2706.409808673294
0.06240217855333333,-2700.4382031599253
0.061328934876666664,-2694.4665976465567
0.061436259243333326,-2688.4949921997554
0.06014836683666667,-2682.523386686387
0.05639201398333333,-2676.5517811730183
0.058753150063333336,-2670.580175726217
0.05821652823,-2664.6085702128485
0.05531877031333333,-2658.63696469948
0.053172282970000005,-2652.665359186112
0.05209903930666667,-2646.6937536727432
0.05091847127666666,-2640.722148225942
0.04952325450666667,-2634.7505427125734
0.04834268647666667,-2628.778937199205
0.045122955470000004,-2622.8073317524036
0.044693658010000005,-2616.835726239035
0.043298441240000006,-2610.8641207256665
0.04286914378,-2604.892515278865
0.03975673716,-2598.9209097654966
0.03954208843333334,-2592.949304252128
0.03750292547333334,-2586.9776987387595
0.035249113794666664,-2581.006093225391
0.033746572658,-2575.0344877785897
0.031707409703333335,-2569.0628822652216
0.031600085316666665,-2563.091276751853
0.033639248287,-2557.1196713050517
0.032029382786666664,-2551.148065791683
0.03213670714333333,-2545.1764602783146
0.0309561391,-2539.2048548315133
0.030419517263333334,-2533.2332493181448
0.03320995078,-2527.261643804776
0.03396122134,-2521.2900382914077
0.03267332894333333,-2515.318432778039
0.033209950780000004,-2509.346827331238
0.03181473401666667,-2503.3752218178693
0.03385389697333333,-2497.4036163045007
0.03642968177,-2491.4320108577
0.03632235741,-2485.4604053443313
0.03610770867666666,-2479.4887998309628
0.039005466573333335,-2473.5171943841615
0.04179590010666667,-2467.545588870793
0.043298441240000006,-2461.5739833574244
0.04404971181,-2455.602377844056
0.04684014533999999,-2449.6307723306873
0.04802071338333333,-2443.659166883886
0.04995255199333334,-2437.6875613705174
0.050811146919999994,-2431.715955857149
0.051991714956666664,-2425.7443504103476
0.0528503099,-2419.772744896979
0.05456749977000001,-2413.8011393836105
0.05574806780666666,-2407.8295339368096
0.05564074345,-2401.857928423441
0.05746525769666666,-2395.8863229100725
0.05607004093,-2389.914717396704
0.05800187954,-2383.9431118833354
0.05886047449,-2377.971506436534
0.06047033999333334,-2371.9999009231656
0.05864582573333333,-2366.028295409797
0.05961174505333333,-2360.0566899629957
0.05982639379000001,-2354.085084449627
0.05853850139,-2348.1134789362586
0.05821652827666667,-2342.1418734894573
0.05853850137333333,-2336.170267976089
0.05853850137666666,-2330.19866246272
0.05596271657333333,-2324.2270570159194
0.05585539220333333,-2318.255451502551
0.056821311506666666,-2312.2838459891823
0.05478214853333333,-2306.3122404758137
0.057357933343333334,-2300.340634962445
0.05542609473333333,-2294.369029515644
0.054245526679999996,-2288.3974240022753
0.053064958653333334,-2282.4258184889068
0.05242101244,-2276.4542130421055
0.053172283009999995,-2270.482607528737
0.05295763427333333,-2264.5110020153684
0.05317228300000001,-2258.539396568567
0.053279607373333336,-2252.5677910551985
0.05403087793333333,-2246.5961855418304
0.05285030989666667,-2240.624580028462
0.05360158046333333,-2234.6529745150933
0.05424552666000001,-2228.681369068292
0.05628468962666667,-2222.7097635549235
0.05521144595333333,-2216.738158041555
0.054889472846666655,-2210.7665525947536
0.05446017537666666,-2204.794947081385
0.057465257656666664,-2198.8233415680165
0.05703596018666666,-2192.8517361212153
0.057465257656666664,-2186.8801306078467
0.05810920385333334,-2180.908525094478
0.05982639373666667,-2174.9369195811096
0.06132893488,-2168.965314067741
0.062080205453333336,-2162.99370862094
0.06272415166,-2157.0221031075716
0.06508528774000001,-2151.050497594203
0.06540726084333333,-2145.078892147402
0.06540726084666666,-2139.1072866340332
0.06605120704999999,-2133.1356811206647
0.06669515325333333,-2127.1640756738634
0.06690980199,-2121.192470160495
0.06991488428666666,-2115.2208646471263
0.07216869601333332,-2109.2492591337577
0.07281264222,-2103.277653620389
0.07216869600999999,-2097.306048173588
0.07259799348333333,-2091.3344426602193
0.07538842705333333,-2085.362837146851
0.07613969762666667,-2079.39123170005
0.07506645394999999,-2073.4196261866814
0.07506645394666667,-2067.448020673313
0.07367123716666667,-2061.4764152265116
0.07549575142666666,-2055.504809713143
0.07796421188999998,-2049.5332041997744
0.07882280683333333,-2043.561598686406
0.07796421189333333,-2037.5899931730373
0.07903745557666665,-2031.618387726236
0.07935942868333333,-2025.6467822128675
0.07882280684333333,-2019.6751766994992
0.08182788915333333,-2013.7035712526979
0.08172056479,-2007.7319657393293
0.08247183536333334,-2001.7603602259608
0.08375972779,-1995.7887547791595
0.08483297148333334,-1989.817149265791
0.08536959332666667,-1983.8455437524224
0.08483297148333334,-1977.873938239054
0.08547691769666667,-1971.9023327256855
0.08665748574666667,-1965.9307272788842
0.08740875632333334,-1959.9591217655156
0.08826735127333334,-1953.987516252147
0.08891129748666667,-1948.0159108053458
0.09095046050333333,-1942.0443052919775
0.09137975798999999,-1936.072699778609
0.09234567731,-1930.1010943318076
0.0951361109,-1924.129488818439
0.09481413780999999,-1918.1578833716378
0.09556540841,-1912.1862778582692
0.09685330082333332,-1906.2146723449007
0.09899978821333333,-1900.2430668315324
0.09835584201666665,-1894.2714613181638
0.09985838319333333,-1888.2998558047952
0.10221951932,-1882.328250357994
0.10297078988666668,-1876.3566448446254
0.10404403361999999,-1870.3850393312568
0.10586854792666667,-1864.4134338844556
0.10855165716666666,-1858.4418283710872
0.10865898152666666,-1852.470222924286
0.11005419832,-1846.4986174109174
0.11069814456,-1840.5270118975488
0.11305928068333333,-1834.5554063841803
0.11144941515,-1828.5838008708117
0.11230801010333331,-1822.6121953574432
0.11209336134666666,-1816.6405899106421
0.11262998321,-1810.6689843972736
0.11305928071,-1804.697378883905
0.11166406389333333,-1798.7257734371037
0.11102011767333335,-1792.7541679237352
0.11080546896333333,-1786.782562476934
0.11026884714666667,-1780.8109569635656
0.10951757653666667,-1774.839351450197
0.10951757655666668,-1768.8677459368284
0.10822968416333334,-1762.8961404234599
0.10855165731,-1756.9245349100913
0.10973222535999999,-1750.95292946329
0.10887363045,-1744.9813239499215
0.10919560357333331,-1739.009718436553
0.10790771115333335,-1733.0381129897519
0.10887363049666667,-1727.0665074763833
0.10747841374333333,-1721.094902029582
0.10822968436666665,-1715.1232965162135
0.10780038689,-1709.151691002845
0.10661981884666667,-1703.1800854894764
0.10565389954,-1697.208479976108
0.10597587267333335,-1691.2368744627395
0.10640517016666666,-1685.2652690159382
0.10694179202666666,-1679.2936635025696
0.10737108949333334,-1673.322057989201
0.10619052142666667,-1667.3504525423998
0.10543925084333333,-1661.3788470290312
0.10511727779333334,-1655.4072415822302
0.10608319712666665,-1649.4356360688616
0.10543925095,-1643.464030555493
0.10329276356333333,-1637.4924250421245
0.10297079046,-1631.520819528756
0.10146824931,-1625.5492140153874
0.10071697873666667,-1619.5776085685861
0.10189754686333334,-1613.6060030552178
0.10125360065666666,-1607.6343975418492
0.10018035698333333,-1601.662792095048
0.10007303264666667,-1595.6911865816794
0.09899978900666667,-1589.7195811348781
0.09835584286666665,-1583.7479756215096
0.09889246467000001,-1577.776370108141
0.09760457223333334,-1571.80476466134
0.09696062599666666,-1565.8331591479714
0.09470681429000001,-1559.8615536346028
0.09363357055666667,-1553.8899481212343
0.09266765122333333,-1547.9183426078657
0.09009186635333333,-1541.9467370944972
0.08955524452000001,-1535.9751316476961
0.08901862272,-1530.0035261343276
0.08794537898666667,-1524.0319206875263
0.08633551345333333,-1518.0603151741577
0.08440367475333332,-1512.0887096607892
0.08300845796,-1506.117104213988
0.08279380922666667,-1500.1454987006193
0.0812912681,-1494.173893187251
0.08000337566666667,-1488.2022876738824
0.08011070000666666,-1482.2306821605139
0.08000337560666666,-1476.2590766471453
0.07903745635,-1470.287471200344
0.07721294213,-1464.3158656869755
0.0764616715,-1458.3442602401742
0.07742759082999999,-1452.3726547268059
0.07603237404,-1446.4010492134373
0.07635434717999999,-1440.429443766636
0.07699829337333333,-1434.4578382532675
0.07635434718,-1428.486232739899
0.07399321102333334,-1422.5146272265304
0.07410053543333334,-1416.5430217131618
0.07592504970000001,-1410.5714161997935
0.074529832949,-1404.5998107529922
0.074744481676,-1398.6282052396236
0.074100535408,-1392.656599726255
0.07442250849533334,-1386.6849942794538
0.07699829331666667,-1380.7133887660852
0.07753491515000001,-1374.7417833192842
0.07774956382666666,-1368.7701778059156
0.07656899572666666,-1362.798572292547
0.07721294187333333,-1356.8269667791785
0.08000337541666666,-1350.85536126581
0.07839350993,-1344.8837557524414
0.08075464599666667,-1338.9121503056401
0.08118394338666667,-1332.9405447922716
0.08182788958333333,-1326.9689392789032
0.07989605095333334,-1320.997333832102
0.08268648449,-1315.0257283187334
0.08322310633666667,-1309.0541228719321
0.08322310632666667,-1303.0825173585636
0.08247183574,-1297.110911845195
0.08214986263,-1291.1393063318267
0.08526226928333332,-1285.1677008184581
0.08612086424666666,-1279.1960953050896
0.08558424234666666,-1273.2244898582883
0.08375972804,-1267.2528843449197
0.08375972803,-1261.2812788315512
0.08322310618999999,-1255.3096733847499
0.08655016161666666,-1249.3380678713816
0.08547691787333334,-1243.3664624245803
0.08386705236333332,-1237.3948569112117
0.08526226910333334,-1231.4232513978432
0.08740875648,-1225.4516458844746
0.08955524383666667,-1219.480040371106
0.08901862199333332,-1213.5084348577375
0.08751608086,-1207.5368294109364
0.08805270269666667,-1201.5652238975679
0.08837467579666668,-1195.5936183841993
0.08848200013666667,-1189.622012937398
0.08794537827,-1183.6504074240295
0.09095046057333334,-1177.6788019772282
0.08858932446666667,-1171.7071964638596
0.08783805389666666,-1165.7355909504913
0.08633551273666666,-1159.76398550369
0.08472564722666666,-1153.7923799903215
0.08451099846333333,-1147.820774476953
0.08322310606000001,-1141.8491689635844
0.08268648420000001,-1135.8775634502158
0.08214986234333334,-1129.9059579368472
0.08064732121333333,-1123.9343524900462
0.07871548257333333,-1117.9627469766776
0.07732026579666668,-1111.9911415298764
0.07817886072,-1106.0195360165078
0.07431518345666667,-1100.0479305031392
0.07184672299,-1094.076325056338
0.07034418183333334,-1088.1047195429696
0.06733909953,-1082.133114029601
0.06787572137999999,-1076.1615085162325
0.06626585586333333,-1070.189903002864
0.0641193685,-1064.2182974894954
0.06411936848666666,-1058.2466920426941
0.061650908036666674,-1052.2750865293256
0.061114286213333334,-1046.3034810825245
0.056070040950000004,-1040.331875569156
0.05467482417333333,-1034.3602700557874
0.05306495866666666,-1028.3886646089861
0.0516697419,-1022.4170590956176
0.04995255203000001,-1016.4454535822491
0.04887930835666667,-1010.4738480688806
0.04802071340999999,-1004.502242555512
0.046303523543333336,-998.5306370421434
0.04329844128666666,-992.5590315953423
0.04190322452666667,-986.5874260819737
0.04029335900333333,-980.6158206351724
0.03911279097,-974.644215121804
0.03846884477333334,-968.6726096084354
0.03975673718666666,-962.7010041616342
0.04040068336666666,-956.7293986482657
0.039971385899999996,-950.7577931348972
0.03954208843666667,-944.7861876215286
0.0393274397,-938.81458210816
0.03911279097333334,-932.8429765947916
0.03793222294,-926.8713711479903
0.03954208844,-920.8997656346218
0.04115195394,-914.9281601878206
0.04276181943333334,-908.956554674452
0.042117873236666666,-902.9849491610835
0.04243984636,-897.0133437142823
0.04243984633666666,-891.0417382009138
0.04243984635333333,-885.0701326875452
0.04372773874,-879.0985271741766
0.04447900930666667,-873.1269216608082
0.046625496646666674,-867.1553161474396
0.04641084791,-861.1837107006384
0.04630352353666667,-855.2121051872698
0.04823536213333333,-849.2404997404686
0.04984522762666666,-843.2688942271001
0.049952552000000004,-837.2972887137315
0.04984522762333333,-831.3256832669304
0.049523254520000004,-825.3540777535618
0.05220636369,-819.3824722401932
0.052957634256666664,-813.4108667933921
0.05488947286333332,-807.4392612800235
0.0551041216,-801.4676557000877
0.05596271653333334,-795.4960502532864
0.05671398709666667,-789.524444739918
0.05660666272333333,-783.5528392931167
0.05725060893,-777.5812337797481
0.06047033995,-771.6096282663797
0.05982639373666667,-765.6380228195784
0.06036301557666667,-759.6664173062098
0.061650907983333336,-753.6948117928414
0.06132893489,-747.7232063460401
0.05993371811,-741.7516008326716
0.06079231304666668,-735.779995319303
0.06197288108000001,-729.8083898059346
0.06208020545666667,-723.836784292566
0.0635827466,-717.8651788457647
0.06111428614333333,-711.8935733323963
0.06315344913,-705.9219678190277
0.06390471969666667,-699.9503623722264
0.06390471970333333,-693.9787568588579
0.06336809787999999,-688.0071513454894
0.06358274662,-682.0355458986882
0.06605120707333334,-676.0639403853196
0.06476331467666667,-670.0923348719512
0.06422669284666667,-664.1207293585826
0.06540726089,-658.149123845214
0.06551458526,-652.1775183984129
0.06487063906666667,-646.2059128850443
0.06669515332333333,-640.2343073716758
0.06583655839333334,-634.2627019248745
0.06540726092666667,-628.291096411506
0.06401204418666667,-622.3194908981375
0.06283147615666666,-616.3478854513362
0.06369007109000001,-610.3762799379678
0.06197288123333333,-604.4046744245992
0.06186555690666667,-598.4330689112306
0.06326077366333333,-592.4614633978621
0.06240217871666667,-586.4898579510609
0.06304612492666667,-580.5182524376924
0.06208020563333333,-574.5466469243238
0.06315344931666667,-568.5750414775226
0.06390471986333333,-562.6034359641541
0.06358274676333334,-556.6318304507855
0.06476331480666667,-550.6602250039844
0.06680247778333333,-544.6886194906158
0.06776839712333334,-538.7170139772472
0.06809037021666667,-532.7454084638787
0.06701712655,-526.7738029505102
0.06776839711666667,-520.802197503709
0.06970023573666667,-514.8305919903404
0.07088080378666667,-508.8589864769719
0.07109545252666666,-502.8873810301707
0.07141742562333334,-496.9157755168021
0.07431518357666667,-490.9441700034336
0.07206137181666666,-484.9725645566324
0.07152474998333334,-479.00095904326383
0.07291996675333333,-473.02935352989533
0.07345658859,-467.0577480165268
0.07399321047,-461.08614250315827
0.07195404747,-455.1145369897897
0.07270531802333334,-449.1429315429885
0.07206137181333334,-443.17132602961993
0.07152474998,-437.1997205828187
0.06980756010666667,-431.2281150694502
0.06776839708333333,-425.25650955608165
0.06701712651333334,-419.28490410928043
0.06497796354333334,-413.31329859591193
0.0641193686,-407.3416930825434
0.06411936858999999,-401.37008763574215
0.061328935019999996,-395.3984821223736
0.058753150176666664,-389.4268766090051
0.058109203973333336,-383.45527109563653
0.05843117706333333,-377.48366558226803
0.056606662819999994,-371.5120601354668
0.05542609477333333,-365.54045462209825
0.05424552673,-359.56884910872975
0.05038184952,-353.59724366192853
0.051240444456666666,-347.62563814856
0.05016720079,-341.65403263519147
0.04952325458,-335.6824271883902
0.04705479413,-329.7108216750217
0.04587422610333333,-323.73921616165313
0.04673282103333334,-317.76761064828463
0.045337604256666664,-311.7960051349161
0.04437168495,-305.82439968811485
0.0432984413,-299.85279417474635
0.04340576567666667,-293.8811886613778
0.04222519764333333,-287.90958321457657
0.04147392706333333,-281.93797770120807
0.04276181947,-275.9663721878395
0.04179590014999999,-269.9947667410383
0.042654495083333334,-264.02316122766973
0.04286914381,-258.05155571430123
0.04286914381,-252.0799502009327
0.043727738726666666,-246.10834468756417
0.042869143796666676,-240.13673924076292
0.04243984632666667,-234.1651337273944
0.04426436056666666,-228.19352821402586
0.04480098238,-222.22192276722464
0.042117873226666665,-216.2503172538561
0.04329844125666666,-210.27871174048758
0.045659577326666666,-204.30710629368636
0.04641084788666666,-198.33550078031783
0.04834268649666667,-192.3638952669493
0.04737676718666667,-186.39228975358077
0.04845001086,-180.42068424021224
0.04973790325,-174.449078793411
0.05102579566333334,-168.47747328004246
0.05209903934000001,-162.50586776667393
0.05424552667333334,-156.5342623198727
0.05735793332333333,-150.56265680650418
0.05767990644666667,-144.59105129313565
0.05821652827999999,-138.6194458463344
0.05821652828999999,-132.64784033296587
0.059289771979999996,-126.67623481959735
0.05896779888333333,-120.70462930622882
0.060470340023333326,-114.7330237928603
0.06143625934,-108.76141834605906
0.06272415175,-102.78981283269053
0.06336809798,-96.818207319322
0.06326077363666667,-90.84660187252076
0.06283147616333333,-84.87499635915223
0.06497796353333334,-78.90339084578372
0.06411936861666667,-72.93178539898248
0.06444134175,-66.96017988561395
0.06304612496333334,-60.988574372245424
0.06572923418,-55.01696892544419
0.06572923418666667,-49.04536334550836
0.06540726115333333,-43.07375789870713
0.06583655858,-37.1021523853386
0.06465599058666667,-31.13054687197007
0.0652999368,-25.158941425168837
0.06454866621366667,-19.187335911800307
0.06583655866799999,-13.215730398431777
0.06798304600666667,-7.244124951630546
0.06862699223,-1.2725194382620164
0.07131010141333333,4.699086075106513
0.07302729127,10.670691555191395
0.07495912989666666,16.642297068559923
0.07860815843,22.613902515361154
0.07989605085,28.585508028729684
0.08139859198,34.557113542098215
0.08300845751000001,40.5287190221831
0.08579889110333333,46.50032453555163
0.08858932469999999,52.47193004892016
0.08987721713333334,58.443535495721385
0.09202370453000001,64.41514100908992
0.09427751625999999,70.38674652245845
0.09642400362666666,76.35835200254333
0.10146824896,82.32995751591186
0.10447333132666665,88.30156296271309
0.10822968423333333,94.27316847608162
0.11037617166666665,100.24477398945015
0.11187871280666667,106.21637946953503
0.11499111951333334,112.18798498290356
0.11692295819000002,118.15959049627209
0.12014268926666667,124.13119594307332
0.12132325736666666,130.10280145644185
0.12336242038,136.07440696981038
0.12701144899,142.04601244989527
0.13012385570999999,148.0176179632638
0.13302161376,153.98922341006502
0.13591937179666666,159.96082892343355
0.13774388605666665,165.93243443680208
0.13870980537,171.90403991688697
0.14053431971,177.8756454302555
0.14482729459666666,183.84725094362403
0.14686645763666664,189.81885639042525
0.14933491816666666,195.79046190379378
0.15137408127333332,201.7620674171623
0.15373521743333332,207.7336728972472
0.1553450830333333,213.70527841061573
0.1577062192333333,219.67688385741695
0.15899411173333333,225.64848937078548
0.16081862606666666,231.620094884154
0.1639310329,237.5917003642389
0.16425300596666667,243.56330587760743
0.1671507641,249.53491139097596
0.16865330536666667,255.50651683777718
0.1689752785333333,261.4781223511457
0.17155106343333335,267.4497278645143
0.17391219973333336,273.42133334459913
0.17616601163333334,279.39293885796764
0.1775612285,285.3645443047689
0.17906376973333335,291.3361498181374
0.17960039166666666,297.307755331506
0.182283501,303.27936081159083
0.18453731286666666,309.25096632495934
0.18561055666666668,315.2225718383279
0.18829366603333333,321.1941772851291
0.18915226106666663,327.1657827984977
0.19129874859999998,333.1373883118662
0.19065480236666665,339.1089937586674
0.19365988486666666,345.08059927203595
0.19290861426666664,351.0522047521208
0.1940891823666667,357.0238102654894
0.19548439923333336,362.9954157788579
0.19763088676666665,368.9670212256591
0.1989187792,374.93862673902765
0.20020667169999998,380.91023225239616
0.2000993473,386.8818377324811
0.20288978103333336,392.8534432458496
0.200313996,398.82504875921813
0.20246048343333334,404.79665420601935
0.20460697093333333,410.76825971938786
0.2062168365,416.7398651994728
0.20729008023333337,422.7114707128413
0.20900727019999998,428.68307622620983
0.20943656763333332,434.65468167301105
0.21104643323333336,440.62628718637956
0.21276362323333334,446.5978926997481
0.21201235256666665,452.569498179833
0.21319292069999998,458.54110369320153
0.21287094753333335,464.51270920657004
0.2137295425,470.48431465337126
0.21609067876666666,476.4559201667398
0.21737857126666668,482.4275256801083
0.2195250587333333,488.39913116019324
0.21855913936666668,494.37073667356174
0.22092027560000002,500.34234212036296
0.22392535813333334,506.3139476337315
0.2238180337333333,512.2855531471
0.22414000686666666,518.2571586271849
0.22564254813333337,524.2287641405535
0.22607184563333335,530.2003696539219
0.22682311623333332,536.1719751007232
0.2272524137666667,542.1435806140918
0.22811100873333334,548.1151861274602
0.22757438686666667,554.0867916075451
0.22864763066666668,560.0583971209137
0.22896960376666667,566.0300025677149
0.22811100873333334,572.0016080810834
0.2286476306333333,577.973213594452
0.22757438689999998,583.9448190745369
0.22843298189999997,589.9164245879053
0.22735973813333332,595.8880301012739
0.22832565753333334,601.8596355480752
0.22875495506666665,607.8312410614436
0.2278963601,613.8028465748122
0.22735973826666667,619.7744520548971
0.22564254833333333,625.7460575682657
0.2236033852,631.7176630150668
0.22220816826666667,637.6892685284354
0.22285211459999998,643.6608740418039
0.22274479020000001,649.6324795218887
0.2199543564666667,655.6040850352573
0.21952505893333332,661.5756905486259
0.21823716640000002,667.5472959954271
0.21780786890000003,673.5189015087956
0.21619800330000002,679.4905070221641
0.21426616446666666,685.462112502249
0.21115375756666666,691.4337180156175
0.21254897446666665,697.4053234624188
0.21061713570000004,703.3769289757873
0.20825599946666665,709.3485344891559
0.20814867506666668,715.3201399359571
0.20621683636666668,721.2917454493256
0.20439232206666666,727.2633509959778
0.2016018883,733.234956442779
0.19870413020000002,739.2065619561475
0.19902610336666668,745.1781674695161
0.19645031836666668,751.1497729163173
0.19451847963333335,757.1213784296858
0.1935525603,763.0929839097707
0.19183537029999997,769.0645894231393
0.19044015343333331,775.0361949365077
0.19011818039999998,781.007800383309
0.18807901726666665,786.9794058966776
0.18603985416666668,792.951011410046
0.1861471786,798.9226168901309
0.1838933667,804.8942224034995
0.18292744733333333,810.865827916868
0.1817468793,816.8374333636692
0.18196152803333332,822.8090388770378
0.17884912113333332,828.7806443571227
0.1792784186666667,834.7522498704911
0.18013701367,840.7238553838597
0.18056631113666666,846.695460830661
0.17809785055000002,852.6670663440294
0.17552206553999997,858.638671857398
0.17638066052,864.6102773374829
0.17444882183333332,870.5818828508515
0.17541474123,876.5534883642199
0.17444882183,882.5250938110212
0.17391219993333337,888.4966993243897
0.17262430743333335,894.4683048044745
0.1724096586966667,900.4399103178431
0.17198036116666668,906.4115158312117
0.17101444182666667,912.3831212780128
0.17122909056000002,918.3547267913814
0.17090711740666667,924.3263323047499
0.17015584687666666,930.2979377848349
0.17058514437333336,936.2695432982033
0.17069246869333332,942.2411488115719
0.17101444177333333,948.2127542583731
0.1705851443266667,954.1843597717416
0.17090711740333334,960.1559652518265
0.17165838796333333,966.1275707651951
0.17219500983333336,972.0991762785636
0.1731609291,978.0707817253648
0.17477079466666667,984.0423872387333
0.1770246065,990.0139927521019
0.1764879846,995.9855982321867
0.1771319309,1001.9572037455553
0.17841982329999997,1007.9288092589238
0.17884912073333334,1013.900414705725
0.1807809594666667,1019.8720202190935
0.18088828383333333,1025.8436256991783
0.1831420956333333,1031.815231212547
0.18228350066666668,1037.7868367259155
0.18324941993333335,1043.7584421727167
0.1836787175,1049.7300476860853
0.18464463686666666,1055.7016531994539
0.18389336626666666,1061.6732586795388
0.18485928559999998,1067.644864192907
0.18389336626666664,1073.6164697062757
0.18442998813333333,1079.588075153077
0.18496661,1085.5596806664455
0.1868984487333333,1091.5312861132468
0.1842153394,1097.5028916266153
0.18883028746666666,1103.4744971732675
0.19033282866666668,1109.4461026200686
0.19033282866666668,1115.4177081334371
0.19086945056666668,1121.3893136468057
0.19205001863333335,1127.360919093607
0.19344523546666667,1133.3325246069755
0.1922646674,1139.304130120344
0.19408918176666667,1145.275735600429
0.19387453303333335,1151.2473411137973
0.19591369613333334,1157.2189465605986
0.19806018366666667,1163.1905520739672
0.19741623743333334,1169.1621575873357
0.19977737363333334,1175.1337630674207
0.19988469803333334,1181.1053685807892
0.20052864423333336,1187.0769740941578
0.20117259053333333,1193.0485795409588
0.20235315866666667,1199.0201850543274
0.20203118553333332,1204.991790567696
0.20428499739999997,1210.9633960477809
0.2036410511,1216.9350015611494
0.20471429486666667,1222.9066070079507
0.205036268,1228.878212521319
0.20578753863333335,1234.8498180346876
0.2073974042333333,1240.8214235147725
0.20653880923333331,1246.793029028141
0.20653880926666668,1252.7646345415096
0.20686078233333335,1258.736239988311
0.20750472856666666,1264.7078455016795
0.20718275543333334,1270.6794510150478
0.20857797233333333,1276.6510564951327
0.20932924296666666,1282.6226620085013
0.21018783796666665,1288.5942674553025
0.21211967669999998,1294.565872968671
0.21362221793333336,1300.5374784820397
0.21480278603333333,1306.5090839621246
0.21394419106666665,1312.480689475493
0.2149101104,1318.4522949888615
0.21544673226666666,1324.4239004356627
0.2171639222,1330.3955059490313
0.21834449026666666,1336.3671114623999
0.22049097780000002,1342.3387169424848
0.2186664633666667,1348.3103224558533
0.21984703149999998,1354.2819279026544
0.2189884365,1360.253533416023
0.22210084336666666,1366.2251389293915
0.22145689713333336,1372.1967444094764
0.2215642215,1378.168349922845
0.2225301409,1384.1399554362135
0.22338873586666666,1390.1115608830146
0.22532057466666666,1396.0831663963831
0.22596452093333333,1402.0547719097517
0.22521325033333336,1408.0263773898366
0.22811100846666665,1413.9979829032052
0.22854030596666663,1419.9695884165737
0.22939890093333334,1425.941193863375
0.23004284723333335,1431.9127993767434
0.23133073973333337,1437.8844048568283
0.2325113079,1443.8560103701968
0.2341211734666667,1449.8276158835654
0.23594568793333334,1455.7992213303667
0.2374482292,1461.7708268437352
0.2384141486,1467.7424323571038
0.24013133863333333,1473.7140378039048
0.24335106986666666,1479.685643350557
0.24431698929999998,1485.6572488639256
0.2472147474666667,1491.6288543107269
0.25097110063333333,1497.6004598240954
0.2556933732666667,1503.5720652708967
0.25902042896666666,1509.5436707842653
0.2618108628,1515.5152762976336
0.26513791853333335,1521.4868817777185
0.2695382180666666,1527.458487291087
0.2722213275,1533.4300928044556
0.2743678150666667,1539.401698251257
0.27844614146666663,1545.3733037646255
0.28306108976666666,1551.344909277994
0.28617349676666665,1557.3165147580787
0.2925056352,1563.2881202714473
0.2950814203,1569.2597257182485
0.30205750503333334,1575.231331231617
0.3052772364333333,1581.2029367449857
0.3099995092,1587.1745422250706
0.3136485381333333,1593.1461477384391
0.31869278409999996,1599.1177532518075
0.3238443544333333,1605.0893586986087
0.3289959248,1611.0609642119773
0.3348987658,1617.0325697253459
0.34144555316666664,1623.0041752054308
0.35003150386666665,1628.9757807187993
0.3594760497,1634.9473861656004
0.3651642420666667,1640.918991678969
0.37224765149999994,1646.8905971923375
0.37772119516666663,1652.8622026724224
0.38523390216666664,1658.833808185791
0.39371252873333334,1664.8054136991595
0.39983001879999996,1670.7770191459608
0.40648413083333335,1676.7486246593292
0.41625065013333334,1682.7202301726977
0.42666111586666666,1688.6918356527826
0.43556904023333326,1694.6634411661512
0.4442623158999999,1700.6350466129525
0.45166769886666674,1706.606652126321
0.45982435263333327,1712.5782576396896
0.46798100646666674,1718.5498631197743
0.4746351188333333,1724.5214686331428
0.4825771239666667,1730.4930741465114
0.4899825071333333,1736.4646795933127
0.4996417027333333,1742.4362851066812
0.5101594934666667,1748.4078906200498
0.5222871503333333,1754.3794961001347
0.5317316972666667,1760.351101613503
0.5391370808000001,1766.3227070603043
0.5472937351333335,1772.2943125736729
0.5574895530666667,1778.2659180870414
0.5674707223333333,1784.2375235671263
0.5762713233,1790.209129080495
0.5855012219,1796.1807345938635
0.5990240968,1802.1523400406645
0.6114737277333333,1808.123945554033
0.6258551980333334,1814.0955510674016
0.6364803143333333,1820.0671565474865
0.6465688087333333,1826.038762060855
0.6562280055333334,1832.0103675076564
0.6661018512333333,1837.9819730210247
0.6785514829333333,1843.9535785343933
0.6876740579666668,1849.9251839811946
0.6981918504666668,1855.8967895278467
0.7122513488333334,1861.8683950412153
0.7259888739333333,1867.8400004880166
0.7407996434333333,1873.8116060013851
0.7500295434333334,1879.7832115147535
0.7605473365666665,1885.7548169615548
0.7720310495666668,1891.7264224749233
0.7812609498333334,1897.6980279550082
0.7924226898000001,1903.6696334683768
0.8007939948666666,1909.6412389817453
0.8120630594666668,1915.6128444285466
0.8247273418666666,1921.584449941915
0.8397527616999999,1927.5560554552835
0.8511291511666667,1933.5276609353684
0.8603590522000001,1939.499266448737
0.8719500908333333,1945.4708719621055
0.8812873164999999,1951.4424774089068
0.8895512979000001,1957.4140829222754
0.8982445771333333,1963.38568840236
0.9073671541333334,1969.3572939157286
0.9160604334999999,1975.3288994290972
0.9262562552000001,1981.3005048758985
0.9352715079999999,1987.272110389267
0.9473991697666667,1993.2437159026356
0.9544825829,1999.2153213827205
0.9630685382666666,2005.1869268960888
0.9702592760000001,2011.1585324094574
0.9777719870666668,2017.1301378562587
0.9833528581333334,2023.1017433696272
0.9904362717333334,2029.0733488497121
0.9980563073333334,2035.0449543630807
1.0058909921666668,2041.0165598764493
1.0144769481333331,2046.9881653232503
1.0222043083333334,2052.959770836619
1.0302536423333333,2058.9313763499877
1.0354052156666667,2064.9029818300723
1.040449465,2070.874587343441
1.044957092,2076.8461928568095
1.0505379636666667,2082.8177983036107
1.0561188353333335,2088.7894038169793
1.0598751913333333,2094.761009297064
1.065241414,2100.7326148104326
1.0742566686666664,2106.704220323801
1.0774764023333334,2112.6758257706024
1.0810181096666664,2118.647431283971
1.0848817896666665,2124.6190367973395
1.0876722256666669,2130.590642277424
1.0909992839999998,2136.5622477907928
1.0949702893333333,2142.5338533041613
1.097653400666667,2148.5054587509626
1.1009804589999999,2154.477064264331
1.1028049746666666,2160.448669744416
1.1050587886666667,2166.4202752577844
1.1094590916666667,2172.391880771153
1.1117129053333332,2178.3634862179542
1.1133227726666668,2184.335091731323
1.1153619373333334,2190.3066972446913
1.11686448,2196.278302724776
1.1186889953333334,2202.2499082381446
1.1199768893333333,2208.221513751513
1.1201915383333334,2214.1931191983144
1.1213721076666667,2220.164724711683
1.1229819746666665,2226.1363301584843
1.126309033,2232.1079357051362
1.1257724106666667,2238.079541218505
1.1270603046666667,2244.051146665306
1.1293141180000001,2250.0227521786746
1.129421443,2255.994357692043
1.1300653896666668,2261.9659631388445
1.1304946876666666,2267.937568652213
1.1313532833333333,2273.9091741655816
1.1318899056666665,2279.8807796456663
1.1327485016666667,2285.852385159035
1.132211879,2291.823990605836
1.1315679323333334,2297.7955961192047
1.131460608,2303.7672016325732
1.1307093366666667,2309.738807112658
1.1319972306666666,2315.7104126260265
1.1308166610000001,2321.682018139395
1.1295287680000001,2327.6536235861963
1.1286701719999999,2333.625229099565
1.1269529806666665,2339.5968346129334
1.124269869,2345.568440093018
1.1219087313333334,2351.5400456063867
1.1212647843333332,2357.5116511197552
1.1178304013333333,2363.4832565665565
1.1165425076666666,2369.454862079925
1.114932641,2375.42646756001
1.1128934763333334,2381.398073073379
1.1106396623333334,2387.369678586747
1.1088151463333331,2393.341284033548
1.106132035,2399.3128895469167
1.1014097586666667,2405.2844950602853
1.097546078,2411.2561005403704
1.097224105,2417.227706053739
1.0957215623333332,2423.1993115671075
1.093467749,2429.1709170139084
1.0899260419999999,2435.142522527277
1.0872429303333335,2441.114128007362
1.0837012233333334,2447.0857335207306
1.0779057023333334,2453.057339034099
1.0742566713333332,2459.0289444809005
1.069319746,2465.000549994269
1.0661000124666666,2470.972155507637
1.062021683,2476.9437609877223
1.0586946252,2482.915366501091
1.0555822158666668,2488.8869720144594
1.0506452909666668,2494.8585774612607
1.0469962594,2500.830182974629
1.0419520104,2506.801788454714
1.0391615745999998,2512.7733939680825
1.0316488631333334,2518.744999481451
1.0241361516666667,2524.7166049282523
1.0188772532,2530.688210441621
1.0159794932333333,2536.6598159549894
1.0126524356,2542.631421435074
1.0071788885333335,2548.6030269484427
1.0000954747666666,2554.5746324618112
0.9951585502999999,2560.5462379086125
0.9909728968333334,2566.517843421981
0.9861432968999999,2572.4894489020658
0.9782012882999999,2578.4610544154343
0.9717618212,2584.432659928803
0.965429679,2590.404265375604
0.9613513502666667,2596.3758708889727
0.9577023190333334,2602.3474764023413
0.9537313146666667,2608.319081882426
0.949223688,2614.2906873957945
0.9435354925666667,2620.262292909163
0.9391351905666667,2626.2338983559644
0.9313005065666667,2632.205503869333
0.9266855556333334,2638.177109316134
0.9203534136333333,2644.1487148295028
0.9150945160666666,2650.1203203428713
0.9104795653666667,2656.091925822956
0.9070451832666667,2662.0635313363246
0.9017862858000001,2668.035136849693
0.8962054151666666,2674.0067422964944
0.8926637087666668,2679.978347809863
0.8882634070000001,2685.9499533232315
0.8839704296666667,2691.921558803316
0.8787115324,2697.8931643166848
0.8729160129333334,2703.864769763486
0.8673351424666667,2709.8363752768546
0.8648666805333334,2715.807980790223
0.8611103253666667,2721.779586270308
0.8564953747333334,2727.7511917836764
0.8531683174333334,2733.722797297045
0.8489826647,2739.6944027438462
0.8460849050333333,2745.666008257215
0.8391088171333333,2751.6376137705834
0.8330986492,2757.609219250668
0.8267665077,2763.5808247640366
0.8229028284333334,2769.552430210838
0.8185025268333334,2775.5240357242064
0.8141022252666668,2781.495641237575
0.8084140306333333,2787.46724671766
0.8031551336999999,2793.4388522310282
0.7988621567333333,2799.410457744397
0.7936032599666666,2805.382063191198
0.7887736609333333,2811.3536687045666
0.7815829246,2817.325274217935
0.7727823218,2823.2968796980203
0.7673087762666667,2829.268485211389
0.7640890436666666,2835.2400906581897
0.7597960668666667,2841.2116961715583
0.7546444947,2847.183301684927
0.7498148957333334,2853.154907165012
0.7456292433000001,2859.1265126783805
0.742194862,2865.098118191749
0.7366139923,2871.0697236385504
0.7316770691333333,2877.0413291519185
0.7250229551333334,2883.012934665287
0.7197640587,2888.984540145372
0.7170809483333332,2894.9561456587408
0.7139685403333335,2900.927751105542
0.7088169684333333,2906.8993566189106
0.7051679383666666,2912.870962132279
0.7028068011999999,2918.842567612364
0.6986211490333333,2924.8141731257324
0.6945428213000001,2930.785778639101
0.6893912496,2936.7573840859022
0.6843470020333333,2942.728989599271
0.6793027547333333,2948.7005951126393
0.6774782397333334,2954.672200592724
0.6727559656000001,2960.6438061060926
0.6674970694666666,2966.615411552894
0.6640626883333334,2972.5870170662624
0.660306334,2978.558622579631
0.6573012505666667,2984.5302280597157
0.6516130568666667,2990.5018335730842
0.6463541609666666,2996.473439086453
0.6404513184333334,3002.445044533254
0.6371242618333333,3008.4166500466226
0.6336898807666667,3014.388255559991
0.6292895801,3020.3598610067925
0.6253185770333333,3026.331466520161
0.6217768715666666,3032.3030720002457
0.6176985442,3038.2746775136143
0.6139421900333333,3044.246283026983
0.608897943,3050.217888473784
0.6037463715999999,3056.1894939871527
0.5983801513333333,3062.1610995005212
0.5921553359666666,3068.132704980606
0.5886136307,3074.1043104939745
0.5856085474333333,3080.075916007343
0.5808862738333334,3086.0475214541443
0.5770225953,3092.019126967513
0.5732662413333333,3097.9907324475976
0.5703684825333334,3103.962337960966
0.5669341017333333,3109.9339434743347
0.5609239354333333,3115.905548921136
0.5559870129333334,3121.8771544345045
0.5536258761,3127.848759947873
0.5491182513333334,3133.8203654279578
0.5456838705666667,3139.7919709413263
0.5433227337333334,3145.763576454695
0.5401030017333334,3151.735181901496
0.5370979185000001,3157.7067874148647
0.5340928353666667,3163.6783928949494
0.5307657789666668,3169.649998408318
0.5263654787,3175.6216039216865
0.5218578539,3181.593209368488
0.5199260146666667,3187.5648148818564
0.5175648778999999,3193.536420395225
0.5145597946999999,3199.5080258753096
0.5116620359666667,3205.479631388678
0.5079056820333333,3211.4512369020467
0.5045786257333335,3217.422842348848
0.5011442451333333,3223.3944478622166
0.4965292961,3229.3660533423017
0.49202167150000004,3235.3376588556703
0.48708474929999995,3241.3092643690384
0.4844016394333333,3247.2808698158397
0.4825771247333333,3253.252475329208
0.47828414890000004,3259.2240808425768
0.476674283,3265.195686322662
0.4727032805,3271.1672918360305
0.47012749503333334,3277.138897349399
0.4647612754333334,3283.1105027962
0.46132689493333334,3289.0821083095684
0.4574632169000001,3295.053713822937
0.4533848900333333,3301.025319303022
0.4507017802666667,3306.9969248163907
0.4474820485666666,3312.968530263192
0.4447989388333333,3318.9401357765605
0.4427597754333333,3324.9117412899286
0.4399693413333334,3330.8833467700138
0.4363203121333333,3336.8549522833823
0.4334225537,3342.826557796751
0.43052479516666664,3348.798163243552
0.4236560343333333,3354.7697687569207
0.4204363027333333,3360.7413742702893
0.4181824905666667,3366.712979750374
0.4148554345333333,3372.6845852637425
0.4104551347,3378.656190710544
0.4064841324,3384.6277962239124
0.4032644008,3390.599401737281
0.40186918369999997,3396.571007184082
0.3977908569666666,3402.5426126974503
0.39349788150000004,3408.514218210819
0.3886682841333333,3414.485823690904
0.3863071477,3420.4574292042726
0.3828727673,3426.429034717641
0.37933106256666665,3432.4006401644424
0.3766479528666667,3438.372245677811
0.3724623018333333,3444.3438511578956
0.36849129950000004,3450.315456671264
0.36452029720000007,3456.2870621846328
0.3597980242666667,3462.258667631434
0.35582702196666666,3468.2302731448026
0.3508901003666667,3474.201878658171
0.3496022077,3480.173484138256
0.3443433129,3486.1450896516244
0.3411235814,3492.116695164993
0.33779652549999994,3498.0883006117942
0.3333962258,3504.059906125163
0.3300691698666666,3510.0315116052475
0.3263128165333333,3516.003117118616
0.3241663289,3521.9747226319846
0.3180488391333333,3527.946328078786
0.3157950271666667,3533.9179335921544
0.3120386737333333,3539.889539105523
0.30753104970000006,3545.8611445856077
0.30452596713333335,3551.8327500989762
0.3008769381333333,3557.804355612345
0.29915974796666667,3563.775961059146
0.29701326029999997,3569.7475665725146
0.2929349338333333,3575.7191720525993
0.29057379743333334,3581.690777565968
0.2841343345333333,3587.6623830793365
0.2806999544,3593.6339885261377
0.2758703572666667,3599.6055940395063
0.27307992343333337,3605.577199552875
0.2709334358666667,3611.5488050329595
0.2678210289,3617.520410546328
0.26535256813333336,3623.4920160596967
0.2620255123,3629.463621506498
0.26020099783333334,3635.4352270198665
0.2568739421,3641.4068324999516
0.2533322376666667,3647.3784380133197
0.2491465869,3653.3500435266883
0.2449609362,3659.3216489734896
0.2442096655,3665.293254486858
0.24152655609999998,3671.2648600002267
0.2388434466,3677.236465480312
0.23562371526666667,3683.2080709936804
0.23401384960000002,3689.1796765070485
0.23165271333333334,3695.15128195385
0.2276817113,3701.1228874672183
0.22574987253333334,3707.0944929473035
0.22414000683333335,3713.066098460672
0.22134957306666667,3719.0377039740406
0.21866646369999998,3725.009309420842
0.2177005443,3730.98091493421
0.21609067866666665,3736.9525204475785
0.21372954233333333,3742.9241259276637
0.21276362296666665,3748.8957314410322
0.21147573043333334,3754.867336954401
0.20600218723333333,3760.838942401202
0.20729007983333333,3766.8105479145706
0.2040703485666667,3772.7821533613715
0.20278245603333334,3778.75375887474
0.20117259046666666,3784.7253643881086
0.19881145416666668,3790.6969698681937
0.19763088606666668,3796.6685753815623
0.1970942642,3802.640180894931
0.1964503179333333,3808.6117863417317
0.19494777666666666,3814.5833918551
0.1937672085666667,3820.554997368469
0.19290861353333333,3826.526602848554
0.1923719917,3832.4982083619225
0.1934452353666667,3838.4698138087238
0.19205001850000003,3844.4414193220923
0.19387453286666667,3850.4130248354604
0.19301593783333335,3856.3846303155456
0.19269396473333333,3862.356235828914
0.19430383029999998,3868.3278413422827
0.19408918153333332,3874.299446789084
0.19430383026666664,3880.2710523024525
0.19376720839999997,3886.242657815821
0.19333791083333332,3892.2142632959058
0.19333791086666666,3898.1858688092743
0.193659884,3904.1574742560756
0.1926939646,3910.129079769444
0.19451847896666666,3916.1006852828127
0.19376720833333336,3922.0722907628974
0.19365988396666667,3928.043896276266
0.1950551008,3934.0155017896345
0.1938745327,3939.987107236436
0.19451847889999999,3945.9587127498044
0.19612834450000002,3951.930318263173
0.19505510073333332,3957.9019237432576
0.19516242516666668,3963.873529256626
0.196557642,3969.8451347034274
0.197416237,3975.816740216796
0.19795285886666666,3981.7883457301646
0.20106526570000002,3987.7599512102493
0.2008506169666667,3993.731556723618
0.20160188756666667,3999.7031622369864
0.20224583380000002,4005.6747676837876
0.20213850943333334,4011.646373197156
0.20278245566666667,4017.6179787105248
0.2028897801,4023.5895841906095
0.20267513133333334,4029.561189703978
0.20578753819999998,4035.5327951507793
0.2040703482,4041.504400664148
0.20686078193333335,4047.4760061775164
0.20729007946666667,4053.447611657601
0.20750472823333332,4059.4192171709697
0.20771937693333334,4065.390822684338
0.20857797193333336,4071.3624281311395
0.20889994506666665,4077.334033644508
0.2090072695,4083.3056391578766
0.20911459383333333,4089.2772446379618
0.21040248633333333,4095.24885015133
0.21126108136666666,4101.220455598132
0.21083178386666668,4107.1920611115
0.2116903788333333,4113.163666624869
0.21040248636666667,4119.135272104953
0.2109391082333333,4125.106877618322
0.2093292426,4131.0784831316905
0.20975854009999997,4137.050088578491
0.2088999451,4143.02169409186
0.2084706476,4148.9932996052285
0.20954389136666665,4154.96490505203
0.21201235196666665,4160.936510565399
0.20975854016666665,4166.908116045483
0.20836332326666665,4172.879721558852
0.20761205266666669,4178.851327072221
0.21018783763333335,4184.822932519021
0.20997318889999997,4190.79453803239
0.20857797206666664,4196.7661435457585
0.2083633233,4202.737749025843
0.2067534577,4208.709354539212
0.19848948079999998,4214.68096005258
0.20568021393333336,4220.652565499382
0.20600218709999998,4226.624171012751
0.2069681065,4232.595776492835
0.20503626779999998,4238.567382006204
0.20514359216666667,4244.538987519572
0.20342640223333333,4250.510592966373
0.20321175346666667,4256.482198479742
0.20299710476666666,4262.45380399311
0.20085061726666667,4268.425409473195
0.20063596856666668,4274.397014986564
0.19977737356666667,4280.368620499932
0.19881145426666666,4286.340225946734
0.1974162374,4292.311831460102
0.19580637176666668,4298.283436973471
0.1950551012,4304.255042453556
0.19526975,4310.226647966924
0.19344523570000002,4316.198253413725
0.1925866407,4322.169858927094
0.19280128936666666,4328.141464440462
0.19205001879999997,4334.113069920548
0.19076212636666667,4340.084675433915
0.18990353140000002,4346.056280947284
0.189796207,4352.027886394086
0.18990353136666668,4357.999491907454
0.18861563893333333,4363.971097420823
0.18582520523333335,4369.9427029009075
0.1861471783666667,4375.914308414276
0.1844299884,4381.885913861077
0.18475196153333331,4387.8575193744455
0.1841080153,4393.829124887814
0.1827127985,4399.8007303679
0.1817468792,4405.772335881268
0.18024433799999998,4411.743941394637
0.17992236483333332,4417.715546841438
0.17766855303333332,4423.687152354806
0.1765953093,4429.658757868175
0.17530741689999998,4435.630363348259
0.17466347066666668,4441.601968861628
0.17369755133666667,4447.57357430843
0.17273163199333333,4453.545179821798
0.1726243075966667,4459.516785335166
0.17101444199333335,4465.4883908152515
0.16929725199,4471.45999632862
0.16747273764333334,4477.431601841989
0.16532625020666666,4483.403207288789
0.16436033085666668,4489.374812802158
0.16146257281666665,4495.3464183155265
0.16189187027,4501.318023795611
0.16071130216,4507.28962930898
0.15695494922,4513.2612347557815
0.15609635415666664,4519.23284026915
0.15545240793333334,4525.204445782519
0.15534508362666666,4531.1760512293195
0.15276929871,4537.147656742688
0.14976421628666667,4543.11926228934
0.15008618931666667,4549.090867736141
0.1498715406,4555.06247324951
0.14901294568666665,4561.034078762878
0.14751040448333333,4567.00568420968
0.14815435067666666,4572.977289723049
0.14879829697,4578.948895203133
0.14751040452,4584.920500716502
0.14632983639666666,4590.8921062298705
0.14343207835333333,4596.863711676671
0.14364672710333334,4602.83531719004
0.14386137581333333,4608.806922703408
0.14396870018,4614.778528183493
0.14311010515666667,4620.750133696862
0.14182221275,4626.72173921023
0.14257348332666667,4632.693344657032
0.14311010515,4638.6649501704005
0.14192953704333333,4644.636555650485
0.14203686144333333,4650.608161163854
0.14085629332,4656.579766677222
0.14214418570666665,4662.551372124023
0.14139291513,4668.522977637392
0.14214418568333334,4674.49458315076
0.14289545624,4680.466188630845
0.14375405126666665,4686.4377941442135
0.14407602436333333,4692.409399657582
0.14321742938333334,4698.381005104384
0.14418334866666666,4704.352610617752
0.14557856546666667,4710.324216097837
0.1465444848,4716.295821611206
0.14772505290000001,4722.267427124574
0.14793970163333334,4728.239032571375
0.147188431,4734.210638084744
0.14740307973333333,4740.182243598112
0.14697378226666666,4746.153849078197
0.14708110659999998,4752.125454591565
0.14686645783333332,4758.097060104934
0.1461151872,4764.068665551736
0.1464371603,4770.040271065104
0.14439799723333335,4776.011876545189
0.1452565922,4781.9834820585575
0.14547124093333333,4787.955087571926
0.1449346190666667,4793.926693018727
0.1447199702666667,4799.898298532095
0.14450532156666668,4805.869904045464
0.14321742913333335,4811.84150952555
0.1434320779,4817.813115038918
0.1436467265666667,4823.784720552287
0.14375405096666669,4829.7563259990875
0.1432174291,4835.727931512456
0.14214418539999998,4841.699536992541
0.14096361733333332,4847.671142505909
0.14042699543333334,4853.642748019278
0.1390317786666667,4859.61435346608
0.1381731837,4865.585958979447
0.1374219131,4871.557564492816
0.1388171299,4877.529169972901
0.13742191310000001,4883.50077548627
0.13795853493333332,4889.4723809996385
0.13924642743333335,4895.443986446439
0.1397830493,4901.415591959808
0.13999769806666665,4907.387197406609
0.13999769806666668,4913.358802919977
0.13978304933333333,4919.33040846663
0.14192953676666667,4925.302013913431
0.14150023923333335,4931.2736194268
0.1415002393,4937.245224940169
0.14289545616666668,4943.216830386969
0.14268080736666666,4949.188435900338
0.14300278056666668,4955.1600414137065
0.14311010496666665,4961.131646893791
0.14353940246666666,4967.10325240716
0.14311010500000002,4973.0748578539615
0.14278813186666667,4979.04646336733
0.1432174294,4985.018068880699
0.14117826633333333,4990.989674360783
0.14203686133333335,4996.961279874152
0.14096361759999998,5002.93288538752
0.14117826636666667,5008.904490834321
0.1413929151,5014.87609634769
0.1422515101,5020.847701861058
0.14171488823333334,5026.819307341143
0.1422515101,5032.790912854512
0.14343207816666667,5038.762518301313
0.14246615886666666,5044.734123814682
0.14268080766000002,5050.70572932805
0.14364672701,5056.677334808135
0.14407602446666667,5062.648940321504
0.14471997064,5068.620545834872
0.14482729509,5074.592151281673
0.14450532197333335,5080.563756795042
0.14557856562333335,5086.53536230841
0.14568588997333332,5092.506967788495
0.14643716059333334,5098.478573301863
0.14568589002333335,5104.450178748665
0.14643716062666665,5110.421784262034
0.14783237747333333,5116.393389775402
0.14697378247,5122.364995255487
0.14579321441333334,5128.3366007688555
0.14579321441,5134.308206282224
0.14718843119,5140.279811729025
0.14643716060333334,5146.2514172423935
0.1453639168366667,5152.223022755762
0.14343207815333334,5158.194628235847
0.14246615884333333,5164.166233749215
0.14311010497666668,5170.137839196017
0.14450532181333334,5176.109444709386
0.14311010500333332,5182.081050222754
0.14289545627333333,5188.052655702839
0.14235883437,5194.024261216207
0.14225150996333333,5199.995866729576
0.1402123468933333,5205.967472176377
0.1419295368,5211.939077689745
0.14150023930333333,5217.910683203114
0.14139291493666664,5223.8822886831995
0.13946107623333334,5229.853894196568
0.13999769806333334,5235.825499709936
0.13795853502666666,5241.797105156737
0.13613402071333333,5247.768710670106
0.1331289383633333,5253.740316150191
0.13269964086,5259.711921663559
0.13194837029,5265.683527176928
0.12958723411666667,5271.655132623729
0.12797736855,5277.626738137097
0.12507961060666664,5283.598343650466
0.1236843938,5289.569949097267
0.12228917700000001,5295.54155464392
0.11831817529333333,5301.513160157288
0.11660098542666668,5307.484765604089
0.11456182242666667,5313.456371117458
0.11187871319333333,5319.427976564259
0.11134209133,5325.399582077627
0.10973222579666668,5331.371187590996
0.10769306276666667,5337.342793071081
0.1069417922,5343.31439858445
0.10500995357,5349.2860040978185
0.10522460230666668,5355.257609544619
0.10415135864333334,5361.229215057988
0.10232684441666666,5367.200820571356
0.10050233008666666,5373.172426051441
0.09878514019,5379.14403156481
0.09953641075333332,5385.115637011611
0.09631667969666667,5391.08724252498
0.09481413850333333,5397.058848038348
0.09438484103666667,5403.030453518433
0.09298962423666667,5409.002059031802
0.09352624607666665,5414.97366454517
0.09374089483333332,5420.945269991971
0.09202370490333334,5426.91687550534
0.09041383937333332,5432.888481018708
0.08816002761333334,5438.860086498793
0.08837467638,5444.8316920121615
0.08923327127999998,5450.803297458963
0.08805270324333332,5456.774902972332
0.08655016207333333,5462.7465084857
0.08676481079000002,5468.718113965785
0.08687213514999999,5474.689719479154
0.08687213513666665,5480.661324992522
0.08783805442999999,5486.632930439323
0.08697945944666667,5492.604535952692
0.08719410812,5498.57614146606
0.08579889131666667,5504.547746946145
0.08579889128333333,5510.519352459513
0.08408170137666666,5516.490957906315
0.08526226944,5522.462563419684
0.08204253836666667,5528.434168933052
0.08236451146,5534.405774413137
0.07935942911666666,5540.3773799265055
0.07796421228666665,5546.348985439874
0.07474448120666667,5552.320590886675
0.07345658877333333,5558.292196400043
0.07420785933666667,5564.263801913412
0.07302729126666667,5570.235407393497
0.07141742572666666,5576.207012906865
0.07259799375666666,5582.178618353667
0.07120277698666667,5588.1502238670355
0.06937826268666668,5594.121829380404
0.06937826268666666,5600.093434860489
0.06905628958666667,5606.065040373857
0.06605120725333333,5612.036645887226
0.06658782908666667,5618.008251334027
0.06540726102,5623.979856847395
0.06497796355333334,5629.951462360764
0.06390471985333333,5635.923067840849
0.06293880055333334,5641.894673354217
0.06250950309,5647.866278801019
0.06240217872333333,5653.837884314387
0.06197288125666667,5659.809489827756
0.06186555689,5665.781095274557
0.05939709642333333,5671.752700821209
0.060041042620000006,5677.724306334578
0.059826393879999995,5683.6959117813785
0.05886047456666666,5689.667517294747
0.05682131159,5695.639122808116
0.05682131156666667,5701.610728254917
0.05628468972666666,5707.582333768286
0.05435285111666666,5713.553939248371
0.05306495871333333,5719.525544761739
0.05016720082,5725.497150275108
0.05048917390333333,5731.468755721909
0.05027452516333333,5737.440361235277
0.05005987644666667,5743.411966748646
0.04866465966,5749.383572228731
0.04759141599333333,5755.3551777421
0.04630352357333334,5761.3267832554675
0.04812803781,5767.298388702269
0.047269442870000004,5773.269994215638
0.04598155045333333,5779.2415996957225
0.04233252199333334,5785.213205209091
0.042976468190000006,5791.18481072246
0.04147392705333333,5797.156416169261
0.042010548903333333,5803.128021682629
0.041903224520000004,5809.0996271959975
0.04254717071,5815.071232676083
0.04093730521333333,5821.042838189452
0.04115195395333334,5827.01444370282
0.04147392705,5832.986049149621
0.042761819449999995,5838.95765466299
0.04555225296666667,5844.929260143074
0.04533760424666666,5850.900865656443
0.045659577353333335,5856.872471169811
0.044157036223333335,5862.844076616613
0.04437168496333333,5868.815682129982
0.04641084793,5874.78728764335
0.04673282104333334,5880.758893123435
0.04887930838666666,5886.7304986368035
0.04909395712,5892.702104150172
0.05059649825333334,5898.673709596973
0.051669741943333326,5904.6453151103415
0.05392355366666666,5910.616920590426
0.05446017551000001,5916.588526103795
0.054138202413333336,5922.560131617163
0.055640743580000006,5928.531737063965
0.05467482427333333,5934.503342577334
0.05553341921333333,5940.474948090702
0.056177365429999994,5946.446553570787
0.056713987276666676,5952.418159084155
0.05735793351333333,5958.389764597524
0.05853850157999999,5964.361370044325
0.05950442092,5970.332975557693
0.05982639402,5976.304581037778
0.06014836715,5982.276186551147
0.06293880068333334,5988.247792064515
0.06508528807666666,5994.219397511317
0.06433401747333334,6000.191003024685
0.06487063934333333,6006.162608538054
0.06583655864333333,6012.134214018139
0.06637318051333334,6018.105819531507
0.06680247797333333,6024.077425044876
0.06637318050333334,6030.049030491677
0.06916361409666667,6036.020636005045
0.07120277706333333,6041.992241451847
0.07302729133333333,6047.963846998498
0.07302729133000001,6053.935452511867
0.07431518372333333,6059.907057958669
0.07581772483,6065.878663472037
0.07839350969333334,6071.850268985406
0.07774956349333333,6077.821874432207
0.08000337522999999,6083.793479945575
0.08086197016666667,6089.765085458944
0.08182788943666668,6095.736690939028
0.08343775497666667,6101.708296452397
0.08397437681333335,6107.679901899199
0.08665748602333334,6113.651507412567
0.08848200029666668,6119.623112925936
0.08944791960666669,6125.594718406021
0.08966256834000001,6131.566323919389
0.09073581198666668,6137.537929432758
0.09159440692999998,6143.5095348795585
0.09288229934666666,6149.481140392927
0.09449216488333334,6155.452745906296
0.0958873817,6161.424351386381
0.09738992284666666,6167.395956899749
0.0977118959,6173.367562413117
0.09964373455666668,6179.339167859919
0.10028768076333333,6185.310773373288
0.10179022192333333,6191.282378853372
0.10221951939,6197.253984366741
0.10404403368,6203.2255898801095
0.10447333114666667,6209.19719532691
0.10350741183333334,6215.168800840279
0.10329276308333334,6221.140406353647
0.10415135802000001,6227.112011833733
0.10382938492,6233.083617347102
0.10404403365333333,6239.05522286047
0.10629784542,6245.026828307271
0.10404403366333333,6250.99843382064
0.10490262858333332,6256.970039300724
0.10468797987,6262.941644814093
0.10340008742,6268.913250327461
0.10490262860666666,6274.884855774263
0.10382938489666667,6280.856461287632
0.1045806555,6286.828066801
0.10297078993000001,6292.799672281085
0.10307811431666665,6298.771277794453
0.10361473616,6304.742883307822
0.10415135800000001,6310.714488754623
0.10404403362999999,6316.686094267991
0.10479530422,6322.657699748076
0.10458065548666667,6328.629305261445
0.10329276303666668,6334.600910774813
0.10146824875,6340.572516221615
0.10264881682666667,6346.5441217349835
0.10243416809,6352.515727248352
0.10264881683,6358.487332728437
0.10264881682,6364.458938241805
0.10071697819666665,6370.430543755174
0.10179022189999999,6376.402149201975
0.10093162695,6382.373754715343
0.09910711269,6388.345360195428
0.09921443706,6394.3169657087965
0.09932176142333334,6400.288571222165
0.09738992282333332,6406.260176668967
0.09771189595666667,6412.231782182335
0.09717527411333333,6418.203387695704
0.09502878673,6424.174993175789
0.09395554304999998,6430.146598689157
0.09331159684333334,6436.118204202526
0.09341892120999999,6442.0898096493265
0.09148708257,6448.061415162695
0.09170173131333333,6454.033020609497
0.09041383887666667,6460.004626122865
0.09116510949000001,6465.976231636234
0.08783805401666667,6471.947837116319
0.08751608095,6477.919442629687
0.08719410782666666,6483.891048143056
0.08569156663,6489.862653589857
0.0848329717,6495.834259103225
0.08418902547666667,6501.805864616594
0.08333043051333333,6507.777470096678
0.08418902545333333,6513.749075610047
0.08354507925333333,6519.720681056849
0.08247183552666666,6525.692286570217
0.08236451115,6531.663892083586
0.08182788932666667,6537.6354975636705
0.08204253805,6543.607103077039
0.08139859183666666,6549.578708590408
0.08118394306,6555.550314037208
0.08053999685333334,6561.521919550577
0.08086196992666667,6567.4935250639455
0.08011069936,6573.46513054403
0.07978872625666666,6579.436736057399
0.07807153638666667,6585.4083415042005
0.07699829271333333,6591.379947017569
0.07785688765333333,6597.351552530938
0.07678364401,6603.323158011022
0.07689096839,6609.294763524391
0.07646167089,6615.266369037759
0.07592504905666667,6621.23797448456
0.07592504906333333,6627.209579997929
0.07560307595333333,6633.181185511297
0.07667631965666667,6639.152790991383
0.07721294149,6645.1243965047515
0.07592504906666667,6651.096001951552
0.07517377851,6657.067607464921
0.07528110286333334,6663.0392129782895
0.07742759024333333,6669.010818458374
0.07817886084333332,6674.982423971743
0.0786081583,6680.954029485111
0.08021802387333334,6686.925634931913
0.08172056504000001,6692.897240445282
0.08225718688666667,6698.868845958649
0.08268648439,6704.840451438735
0.08408170118333332,6710.812056952103
0.08418902558666667,6716.783662398904
0.08633551291000001,6722.755267912273
0.08848200032666666,6728.726873425641
0.09009186586333333,6734.698478905726
0.09084313646666668,6740.670084419095
0.09105778523000001,6746.641689932463
0.09170173146666666,6752.613295379265
0.09320427263000002,6758.584900892633
0.09384821886666667,6764.556506406002
0.09545808439999999,6770.528111886087
0.09535076009999999,6776.499717399455
0.09653132813333333,6782.471322846256
0.09792654496666665,6788.442928359625
0.09685330126999998,6794.414533872993
0.09953641049999999,6800.386139353078
0.09781922064,6806.357744866446
0.09975105927,6812.329350379815
0.10114627610333334,6818.300955826617
0.10232684417,6824.272561339985
0.10361473660333331,6830.244166853354
0.10232684421,6836.215772300155
0.10340008790666666,6842.187377813523
0.10533192653666668,6848.158983293608
0.10554657530666667,6854.130588806976
0.10694179210333332,6860.102194320345
0.10651249463666668,6866.073799767147
0.10468798034,6872.045405280515
0.10458065601333333,6878.017010793884
0.10490262910999999,6883.988616273969
0.10404403414333334,6889.960221787337
0.10511727784000001,6895.931827300706
0.10382938541000002,6901.9034327475065
0.10522460213666666,6907.875038260875
0.10554657530333333,6913.84664374096
0.10479530466999999,6919.818249254328
0.10318543914,6925.789854767697
0.10425868280333334,6931.761460214499
0.10522460213333333,6937.733065727867
0.10372206093333332,6943.704671241236
0.10221951977,6949.67627672132
0.10232684413333333,6955.647882234689
0.10307811470000001,6961.6194877480575
0.10232684417,6967.591093194858
0.10146824916666668,6973.562698708227
0.09932176173333333,6979.534304188312
0.09899978863333332,6985.50590970168
0.09771189613333335,6991.477515215049
0.09835584236333333,6997.44912066185
0.09749724743333332,7003.420726175219
0.09835584233,7009.392331688588
0.09642400366333333,7015.363937168672
0.09524343559666666,7021.335542682041
0.09513611123,7027.307148195409
0.09599470616,7033.27875364221
0.09427751622666668,7039.250359155579
0.09449216496,7045.221964635664
0.09438484059333334,7051.193570149033
0.09535075989333335,7057.165175662401
0.09470681369333334,7063.136781109202
0.09620935486,7069.108386622571
0.09438484056,7075.079992135939
0.09417019186000002,7081.051597616024
0.09245300199666666,7087.023203129393
0.09180905576333333,7092.994808642761
0.0906284877,7098.966414089563
0.09073581213666666,7104.938019602931
0.09073581214,7110.909625116299
0.08891129787666667,7116.881230596385
0.08837467604666667,7122.852836109753
0.08880397354999998,7128.824441556554
0.08697945925333334,7134.796047069923
0.08655016179333334,7140.767652583291
0.08494029634,7146.739258063376
0.08311578208333333,7152.7108635767445
0.08322310641333334,7158.682469090113
0.08279380899333333,7164.654074536915
0.08129126782666667,7170.625680050283
0.08043267286666667,7176.597285563652
0.07882280734233334,7182.568891043737
0.07957407794533333,7188.540496557105
0.078393509926,7194.512102003906
0.07774956372933334,7200.4837075172745
0.077856888091,7206.455313030643
0.0793594292,7212.426918477445
0.08139859218666666,7218.398523990813
0.08129126778666668,7224.370129504181
0.08182788964666667,7230.341734984267
0.08418902569333332,7236.313340497635
0.08483297189666666,7242.284946011004
0.08612086432,7248.256551457805
0.08676481048333333,7254.228156971173
0.09009186590333333,7260.199762451258
0.0922383533,7266.171367964626
0.09202370456666668,7272.142973477995
0.09341892133,7278.114578924797
0.09352624566000001,7284.086184438165
0.09481413812666667,7290.057789951534
0.09481413812666667,7296.0293954316185
0.09653132802666668,7302.001000944987
0.09749724736,7307.972606458356
0.09706794989333334,7313.944211905156
0.09771189609333335,7319.915817418525
0.09878513975999999,7325.88742289861
0.09932176162666667,7331.859028411978
0.10114627589666668,7337.830633925347
0.10136092466333334,7343.8022393721485
0.10200487086333333,7349.773844885517
0.10307811453333333,7355.745450398886
0.1036147364,7361.71705587897
0.10415135821333332,7367.688661392339
0.10522460194,7373.660266905707
0.10672714308333335,7379.631872352508
0.10865898172333334,7385.603477865877
0.10812235986666667,7391.5750833459615
0.10737108928333333,7397.54668885933
0.10822968422666666,7403.518294372699
0.10758573801999999,7409.4898998195
0.10833700856,7415.461505332869
0.1081223598,7421.4331108462375
0.10844433292666666,7427.404716326322
0.1071564405,7433.376321839691
0.10898095475666668,7439.347927353059
0.10941025225666667,7445.31953279986
0.10962490104,7451.291138313229
0.10983954975,7457.262743793314
0.11059082035333334,7463.234349306683
0.11048349598666667,7469.2059548200505
0.11069814472,7475.177560266852
0.10983954976666667,7481.149165780221
0.11048349600666667,7487.120771293589
0.11273730776333334,7493.092376773674
0.11262998341666668,7499.063982287043
0.11198603718333333,7505.035587800411
0.11284463220666667,7511.007193247212
0.11037617172999999,7516.9787987605805
0.10951757676000001,7522.950404240666
0.10704911626666665,7528.922009754035
0.10694179192333335,7534.893615267403
0.10500995331,7540.865220714204
0.10468798019666666,7546.836826227573
0.10307811468666667,7552.808431740941
0.10168289790666667,7558.780037221026
0.09846316685,7564.751642734394
0.09921443745666665,7570.723248247763
0.09942908622666667,7576.694853694565
0.09792654505333333,7582.666459207933
0.09706795010999998,7588.638064654734
0.09481413839000001,7594.609670168103
0.08730143235999999,7600.581275681471
0.09417019224666667,7606.552881161556
0.09320427287666666,7612.524486674924
0.09170173177333334,7618.496092188293
0.09148708297000001,7624.467697635095
0.09137975863666666,7630.439303148462
0.09116510987,7636.410908661831
0.09159440737666667,7642.3825141419165
0.09180905611333333,7648.354119655285
0.09084313674666666,7654.325725102086
0.09234567791333333,7660.2973306154545
0.09288229972666666,7666.268936128823
0.09256032661999998,7672.240541608908
0.09352624593333335,7678.212147122276
0.09449216524333333,7684.183752635645
0.09556540898333332,7690.155358082447
0.09578005765666668,7696.126963595815
0.09535076016333333,7702.098569109184
0.09599470636666667,7708.070174589268
0.09653132817,7714.041780102637
0.09717527441666667,7720.013385549438
0.09696062563,7725.984991062806
0.09578005758333334,7731.956596576175
0.09696062561333334,7737.92820205626
0.09771189624666665,7743.899807569628
0.09749724748666667,7749.871413082997
0.09674597694666666,7755.843018529798
0.09588738197000002,7761.814624043167
0.09535076014333332,7767.786229556536
0.09524343576333334,7773.75783503662
0.09352624588999998,7779.729440549989
0.09427751645333333,7785.70104599679
0.09417019211,7791.672651510158
0.09384821900666666,7797.644257023527
0.09395554337333334,7803.615862503611
0.09481413833333334,7809.58746801698
0.09352624592666665,7815.5590735303485
0.09277497533333333,7821.53067897715
0.09191638043,7827.502284490519
0.09105778549666665,7833.473890003887
0.09009186615333332,7839.445495483972
0.09052116362666666,7845.417100997341
0.09137975856333334,7851.3887064441415
0.09170173167,7857.36031195751
0.09223835349999998,7863.331917470879
0.09052116356333334,7869.303522950964
0.08858932489666667,7875.275128464332
0.08719410809,7881.2467339777
0.08665748622666668,7887.218339424502
0.08816002737333332,7893.189944937871
0.08837467609666666,7899.161550451239
0.08944791977,7905.133155931324
0.08837467606666666,7911.1047614446925
0.08740875669999999,7917.076366891493
0.08622818863,7923.047972404862
0.08569156676333334,7929.01957791823
0.08697945913666666,7934.991183398316
0.08912594651,7940.962788911685
0.09095046076333334,7946.934394425053
