Average lockin_signal,Ion velocity
0.132721105866,-5960.262208827451
0.11797473711199999,-5954.273638571647
0.11552774147,-5948.285068249274
0.11423984899999999,-5942.29649799347
0.11404666514400001,-5936.3079277376655
0.11082693399799999,-5930.319357481861
0.11069814476200002,-5924.330787159489
0.10928146305800002,-5918.342216903684
0.107607202868,-5912.353646581312
0.106963256678,-5906.365076325507
0.105932942716,-5900.376506003136
0.10477383948800001,-5894.387935747331
0.10425868249199999,-5888.399365491527
0.10483823407,-5882.410795169155
0.10309957927999999,-5876.42222491335
0.100588189022,-5870.433654590978
0.09910711271200001,-5864.445084335173
0.099042718064,-5858.456514012802
0.09794800947599999,-5852.467943756997
0.09601617083,-5846.479373434625
0.09678890627599998,-5840.49080317882
0.09620935467,-5834.502232923015
0.094921462226,-5828.513662600643
0.09408433214,-5822.525092344838
0.09266765045400001,-5816.536522022467
0.09176612575599999,-5810.547951766662
0.089061551652,-5804.55938144429
0.08816002695,-5798.570811188485
0.086550161418,-5792.582240932681
0.08584182058799998,-5786.593670610309
0.085455452868,-5780.605100354504
0.083201641138,-5774.616530032133
0.082300116434,-5768.627959776328
0.081398591756,-5762.639389453956
0.07959554236399999,-5756.650819198151
0.07772809838,-5750.662248942346
0.076118232848,-5744.673678619974
0.07450836734199999,-5738.6851083641695
0.07412199962800001,-5732.6965381083655
0.072383344896,-5726.707967852561
0.07283410723799999,-5720.719397530189
0.071996977192,-5714.730827274384
0.069549981608,-5708.742256952012
0.068584062328,-5702.753686696207
0.06633025063,-5696.765116373836
0.065621909808,-5690.776546118031
0.064140833532,-5684.787975795659
0.06388325505200002,-5678.799405539854
0.06182262722200001,-5672.810835284049
0.06124307562400001,-5666.822264961677
0.06047034020599999,-5660.833694705872
0.05963321012999999,-5654.845124383501
0.05950442089,-5648.856554127697
0.058924869337999994,-5642.867983805324
0.059053658582,-5636.87941354952
0.058474107005999997,-5630.890843293715
0.059182447843999994,-5624.902272971343
0.059182447843999994,-5618.913702715538
0.05834531779,-5612.925132393167
0.05789455543599999,-5606.936562137362
0.056542268423999995,-5600.94799181499
0.05821652855,-5594.959421559185
0.057057425386000005,-5588.97085130338
0.058602896258000005,-5582.982280981008
0.058409712392000004,-5576.9937107252035
0.058345317758000004,-5571.005140402832
0.05956881553800001,-5565.016570147027
0.06021276173800001,-5559.027999824655
0.06311051962599999,-5553.039429568851
0.06317491422999999,-5547.0508592464785
0.064462806648,-5541.0622889906745
0.063625676568,-5535.0737187348695
0.063496887328,-5529.085148479065
0.06388325504600001,-5523.096578156693
0.065750699018,-5517.108007900888
0.06652343444799999,-5511.119437645084
0.068133299978,-5505.130867322711
0.06813329999199999,-5499.142297066907
0.068004510736,-5493.153726744535
0.068262089228,-5487.165156488731
0.069356797754,-5481.176586166358
0.069614376238,-5475.188015910554
0.069549981616,-5469.199445654749
0.070129533232,-5463.210875332377
0.071353031036,-5457.222305076572
0.07173939872599999,-5451.233734754201
0.073671237338,-5445.245164498396
0.073735631978,-5439.256594176024
0.073220475024,-5433.268023920219
0.075345497512,-5427.279453664414
0.07502352441,-5421.290883342042
0.077019757668,-5415.302313086238
0.07644020606999999,-5409.313742763866
0.076762179142,-5403.325172508062
0.077728098454,-5397.336602185689
0.079080385514,-5391.348031929885
0.076762179166,-5385.3594616075125
0.075796259834,-5379.370891351708
0.07618262758000001,-5373.3823210959035
0.07611823295,-5367.393750773532
0.078243255436,-5361.405180517727
0.077212941506,-5355.416610195355
0.07759930924399999,-5349.42803993955
0.076762179164,-5343.4394696171785
0.077663703864,-5337.450899361374
0.077084152282,-5331.462329105569
0.07689096842200001,-5325.473758783197
0.076955363042,-5319.485188527393
0.077534914644,-5313.496618271588
0.07727733619800001,-5307.508048015783
0.07682657379999999,-5301.519477693411
0.07566747065799999,-5295.530907437606
0.076762179224,-5289.542337115235
0.076182627638,-5283.55376685943
0.076633389996,-5277.565196537058
0.07727733621800001,-5271.576626281253
0.077341730838,-5265.588056025449
0.07940235871999998,-5259.599485703076
0.08011069958199998,-5253.610915447272
0.08056146194,-5247.6223451249
0.082106932824,-5241.633774869096
0.08139859202199999,-5235.645204546724
0.08133419740399998,-5229.656634290919
0.08242890598599999,-5223.668063968547
0.08133419744999999,-5217.679493712742
0.081591775954,-5211.6909234569375
0.082042538316,-5205.702353134566
0.08197814365600001,-5199.713782878761
0.08197814365600001,-5193.725212556389
0.083008457602,-5187.736642300584
0.08333043070400001,-5181.7480719782125
0.08120540820199999,-5175.759501722408
0.081076618944,-5169.7709314666035
0.08036827813,-5163.782361144231
0.08030388349800001,-5157.793790888427
0.08107661894,-5151.805220566054
0.08094782972799999,-5145.81665031025
0.080883435078,-5139.8280799878785
0.07953114803,-5133.839509732074
0.08075464584,-5127.850939476269
0.08081904048199999,-5121.862369153897
0.080690251226,-5115.873798898092
0.081913748996,-5109.885228642287
0.081720565146,-5103.896658386483
0.08120540818399999,-5097.908088064111
0.08210693289400002,-5091.919517808306
0.0814629867,-5085.930947485935
0.08152738131800001,-5079.94237723013
0.079724331914,-5073.953806907758
0.08133419746,-5067.965236651953
0.081076618976,-5061.976666329581
0.080497067392,-5055.988096073776
0.08114101361600001,-5049.9995258179715
0.079724331998,-5044.0109554956
0.079209175048,-5038.022385239795
0.08023948901399999,-5032.033814917423
0.079337964306,-5026.045244661618
0.07908038583399998,-5020.0566743392465
0.080110699764,-5014.0681040834415
0.079659937428,-5008.0795338276375
0.078178861166,-5002.090963505266
0.078243255792,-4996.102393249461
0.0785008343016,-4990.113822927089
0.078822807401,-4984.125252671284
0.07908038592140001,-4978.1366823489125
0.0791447805736,-4972.148112093108
0.07940235902680001,-4966.159541837303
0.0781144666196,-4960.170971514931
0.0813341976728,-4954.182401259126
0.08049706758,-4948.193830936754
0.0806258568522,-4942.205260680949
0.0801106998768,-4936.216690358578
0.0793379644616,-4930.228120102773
0.079788726813,-4924.239549780401
0.07946675369600001,-4918.250979524596
0.0800463053176,-4912.262409268792
0.079080385987,-4906.273839012987
0.0801106999052,-4900.285268757182
0.079788726817,-4894.29669843481
0.07785688816479999,-4888.3081281790055
0.07779249354659999,-4882.319557856634
0.078243255897,-4876.330987600829
0.078178861266,-4870.342417278457
0.077663704284,-4864.353847022653
0.076826574236,-4858.36527670028
0.075925049508,-4852.376706444476
0.075474287188,-4846.3881361886715
0.07457276247,-4840.3995658663
0.074959130182,-4834.410995610495
0.075989444076,-4828.422425288123
0.07669778489199999,-4822.433855032318
0.07579626021400002,-4816.4452847099465
0.075474287086,-4810.456714454142
0.07495913008999999,-4804.468144198337
0.074894735428,-4798.479573875965
0.074572762322,-4792.49100362016
0.07309168601800001,-4786.502433297788
0.07341365905800001,-4780.513863041983
0.07193258279199999,-4774.525292719612
0.07109545268800001,-4768.536722463808
0.071288636548,-4762.548152141435
0.07096666344,-4756.559581885631
0.06967877099,-4750.571011629826
0.07000074409800001,-4744.582441307454
0.068841640922,-4738.593871051649
0.06851966780400001,-4732.605300729278
0.06813330008,-4726.616730473473
0.06813330008,-4720.628160151101
0.068841640896,-4714.639589895296
0.067553748472,-4708.651019639491
0.06761814309200001,-4702.662449317119
0.067038591512,-4696.673879061314
0.06555751522799999,-4690.68530880551
0.065815093726,-4684.6967385497055
0.066909802264,-4678.708168227334
0.06562190986000001,-4672.719597971529
0.065493120622,-4666.731027649157
0.065686304472,-4660.742457393352
0.065106752874,-4654.75388707098
0.064849174392,-4648.7653168151755
0.064655990532,-4642.7767465593715
0.0640764389516,-4636.788176236999
0.0641408335502,-4630.799605981195
0.06414083353,-4624.811035658822
0.0644628066468,-4618.822465403018
0.064977963588,-4612.833895080646
0.06575069902,-4606.845324824842
0.06542872589599999,-4600.856754502469
0.065299936642,-4594.868184246665
0.065621909774,-4588.87961399086
0.06523554203000001,-4582.891043668488
0.06652343441799999,-4576.902473412683
0.06671661827,-4570.913903090312
0.066523434416,-4564.925332834507
0.067875721442,-4558.936762512135
0.06935679769599999,-4552.94819225633
0.069485586952,-4546.959622000526
0.070580295486,-4540.971051678153
0.071739398654,-4534.982481422349
0.0712886363,-4528.993911099977
0.07193258251,-4523.005340844173
0.07077347933799999,-4517.0167705218
0.07141742553399999,-4511.028200265996
0.068390878368,-4505.039630010191
0.070644690086,-4499.051059687819
0.07154621476199999,-4493.062489432014
0.072125766352,-4487.0739191762095
0.07244773946,-4481.0853489204055
0.073284869522,-4475.096778598033
0.072447739452,-4469.108208342229
0.07334926413199999,-4463.119638019856
0.073156080268,-4457.131067764052
0.074057604952,-4451.1424974416805
0.07463715654,-4445.153927185876
0.07644020591799999,-4439.165356930071
0.07656899515599999,-4433.176786607699
0.07586065433,-4427.188216351894
0.07779249295599999,-4421.199646029522
0.07772809834000001,-4415.211075773717
0.07779249296,-4409.222505451346
0.078565228418,-4403.233935195541
0.08056146167,-4397.245364873169
0.080625856294,-4391.256794617364
0.079466753124,-4385.26822436156
0.080303883196,-4379.279654039187
0.08204253797399999,-4373.291083783383
0.081784959492,-4367.302513461011
0.082557694956,-4361.313943205207
0.081784959492,-4355.325372882835
0.082428905694,-4349.33680262703
0.083072851912,-4343.348232371225
0.082493300322,-4337.359662048853
0.08114101329199999,-4331.371091793048
0.081527381018,-4325.382521470677
0.08178495952,-4319.393951214872
0.08114101331600002,-4313.4053808925
0.081334197192,-4307.416810636695
0.080303883262,-4301.428240314323
0.07953114782000001,-4295.4396700585185
0.07965993704999999,-4289.451099802714
0.077277336082,-4283.4625295469095
0.078114466188,-4277.473959291105
0.079080385484,-4271.485388968733
0.077212941482,-4265.496818712928
0.07779249310200001,-4259.508248390556
0.07908038551999999,-4253.519678134751
0.077856887708,-4247.53110781238
0.07734173074199999,-4241.542537556575
0.07856522853400001,-4235.553967234203
0.07824325542999999,-4229.565396978398
0.07991751558200001,-4223.576826722594
0.078565228548,-4217.588256400222
0.080819040282,-4211.599686144417
0.080175094086,-4205.611115822046
0.081141013406,-4199.622545566241
0.08062585643,-4193.633975243869
0.080175094084,-4187.645404988064
0.081462986506,-4181.656834732259
0.081591775738,-4175.668264409887
0.08204253811600001,-4169.679694154082
0.081398591906,-4163.691123831711
0.081012224198,-4157.702553575906
0.08172056501,-4151.713983253534
0.081398591918,-4145.725412997729
0.080625856442,-4139.736842675357
0.081269802672,-4133.748272419553
0.082428905828,-4127.759702163748
0.08275087891199999,-4121.771131841377
0.08262208969,-4115.782561585572
0.083201641278,-4109.7939912632
0.082622089694,-4103.805421007395
0.08339482514999999,-4097.816850685023
0.08474711220200001,-4091.8282804292185
0.084682717582,-4085.839710173414
0.08423195521599999,-4079.851139851042
0.085197874548,-4073.8625695952373
0.085648636896,-4067.8739993394324
0.085133479932,-4061.885429083628
0.085326663806,-4055.8968587612558
0.085197874582,-4049.9082885054513
0.085069085354,-4043.919718183079
0.08732289709600001,-4037.9311479272747
0.0888039734,-4031.942577604903
0.086614556316,-4025.954007349098
0.08551984777399999,-4019.9654370932935
0.08506908542200001,-4013.9768667709213
0.085519847796,-4007.988296515117
0.086035004778,-4001.9997261927447
0.085197874688,-3996.01115593694
0.085004690844,-3990.0225856145685
0.08442513926600001,-3984.0340153587636
0.084811507004,-3978.045445102959
0.08390998237200001,-3972.056874780587
0.08358800928,-3966.0683045247824
0.083266036222,-3960.0797342024102
0.08326603621999999,-3954.091163946606
0.082686484638,-3948.102593624234
0.08275087928,-3942.114023368429
0.082364511606,-3936.1254530460574
0.08036827839399999,-3930.1368827902525
0.0806258569088,-3924.148312534448
0.082106933202,-3918.159742212076
0.08081904081499999,-3912.1711719562713
0.0796599376308,-3906.182601633899
0.0792735699496,-3900.1940313780947
0.0785652291218,-3894.205461055723
0.07965993767502,-3888.216890799918
0.0804326731146,-3882.2283205441136
0.07908038608686,-3876.2397502217414
0.0801750946196,-3870.251179965937
0.0817849601826,-3864.262609710132
0.08062585703486001,-3858.2740394543275
0.0815273816886,-3852.285469131956
0.0826220902058,-3846.296898876151
0.08313724720559999,-3840.308328553779
0.0835236148996,-3834.319758297974
0.0828796686768,-3828.3311879756025
0.08204253861859999,-3822.3426177197975
0.08191374936859999,-3816.354047463993
0.08210693320359999,-3810.3654771416213
0.084038771796,-3804.3769068858164
0.08390998254,-3798.3883365634447
0.08378119328660001,-3792.3997663076398
0.0842963502086,-3786.411195985268
0.08236451158260001,-3780.422625729463
0.0828796685776,-3774.4340554070914
0.0819781438496,-3768.4454851512864
0.08249330076200001,-3762.456914895482
0.082235722256,-3756.4683445731102
0.0815917760654,-3750.4797743173053
0.0813985921788,-3744.4912039949336
0.0803038836818,-3738.5026337391287
0.07869401809820001,-3732.514063416757
0.077856888007,-3726.525493160952
0.0766333901858,-3720.5369229051475
0.0757962601066,-3714.548352582776
0.0745083676636,-3708.559782326971
0.0735424483348,-3702.571212004599
0.07244773976879999,-3696.5826417487942
0.0712886366236,-3690.5940714264225
0.0707734796228,-3684.6055011706176
0.0696143764216,-3678.616930848246
0.0674249592988,-3672.6283605924414
0.067360564628,-3666.6397903366365
0.0663946453256,-3660.651220080832
0.067038591516,-3654.662649825027
0.064655990542,-3648.6740795026553
0.06362567659280001,-3642.6855092468504
0.0632393088716,-3636.6969389244787
0.06208020567820001,-3630.708368668674
0.060921102474,-3624.719798346302
0.059633210074,-3618.7312280904976
0.059890788535999995,-3612.7426577681254
0.058409712264000005,-3606.754087512321
0.05770137143,-3600.765517256516
0.055962716679000005,-3594.7769469341442
0.055833927436,-3588.7883766783393
0.056864241358,-3582.7998063559676
0.054868008145399993,-3576.811236100163
0.053837694208,-3570.822665777791
0.053258142614000005,-3564.8340955219865
0.0532581426266,-3558.8455252661815
0.05280738029399999,-3552.85695494381
0.0519702502208,-3546.868384688005
0.0504247793436,-3540.879814365633
0.0495232546556,-3534.8912441098287
0.0508755416814,-3528.9026737874565
0.052227828694,-3522.914103531652
0.052549801800000004,-3516.925533275847
0.05306495874,-3510.9369629534754
0.053000564116,-3504.9483926976704
0.053451326442,-3498.9598223752987
0.05345132644,-3492.971252119494
0.054803613472,-3486.982681797122
0.055769532764,-3480.9941115413176
0.05345132642,-3475.0055412189454
0.053000564074,-3469.016970963141
0.052485407118,-3463.028400707336
0.05287177483600001,-3457.0398303849643
0.052614196342,-3451.0512601291593
0.052936169444,-3445.062689873355
0.052034644756000004,-3439.0741196175504
0.05293616944,-3433.085549295178
0.053386931794,-3427.0969790393738
0.0528073802,-3421.1084087170016
0.053386931804000004,-3415.119838461197
0.053837694150000004,-3409.131268138825
0.053193747942000005,-3403.1426978830204
0.055318770418,-3397.154127627216
0.056091505866,-3391.165557304844
0.055769532767999994,-3385.1769870490393
0.055898322016,-3379.188416726667
0.05622029513,-3373.1998464708627
0.05750818755,-3367.2112761484905
0.056155900541999995,-3361.222705892686
0.05654226827599999,-3355.2341356368815
0.05499679737600001,-3349.2455653145093
0.055318770502,-3343.256995058705
0.057121819878,-3337.2684247363327
0.05757258224,-3331.2798544805282
0.05737939838199999,-3325.291284158156
0.058087739204,-3319.3027139023516
0.058087739208,-3313.3141435799794
0.0575081876594,-3307.325573324175
0.057830160768,-3301.3370030683704
0.0581521338746,-3295.3484327459983
0.057572582298599996,-3289.359862490194
0.0578301608078,-3283.3712921678216
0.0596332101356,-3277.382721912017
0.0611142864168,-3271.394151589645
0.061500654098000006,-3265.4055813338405
0.064076438934,-3259.417011078036
0.065557515178,-3253.428440755664
0.066394645242,-3247.4398704998594
0.066201461354,-3241.4513002440544
0.06587948822800001,-3235.46272998825
0.067296169878,-3229.474159665878
0.067618142966,-3223.4855894100733
0.065557515092,-3217.497019087701
0.06665222363000001,-3211.5084488318967
0.06690980211400001,-3205.519878509525
0.068068905272,-3199.53130825372
0.067231775198,-3193.5427379979155
0.06897042994,-3187.5541676755433
0.06922800841000001,-3181.565597419739
0.070902268546,-3175.5770270973667
0.071739398604,-3169.588456841562
0.072125766324,-3163.5998865191905
0.072769712532,-3157.6113162633856
0.071546214734,-3151.622745941014
0.073606842596,-3145.634175685209
0.07392881569599999,-3139.6456054294044
0.07528110272800001,-3133.6570351070322
0.075796259698,-3127.668464851228
0.076568995142,-3121.679894528856
0.077534914464,-3115.691324273051
0.077470519854,-3109.7027539506794
0.079402358482,-3103.7141836948745
0.07901599076600001,-3097.72561343907
0.079466753104,-3091.737043116698
0.080303883184,-3085.7484728608933
0.08223572181399999,-3079.759902538521
0.081913748716,-3073.7713322827167
0.08210693256400001,-3067.782761960345
0.08262208953399999,-3061.79419170454
0.084553928172,-3055.8056214487356
0.08230011643799999,-3049.8170511263634
0.08101222401000001,-3043.828480870559
0.08275087879,-3037.839910614754
0.083008457262,-3031.8513403589495
0.084553928162,-3025.862770036578
0.084296349686,-3019.874199780773
0.0850046905,-3013.885629458401
0.084811506632,-3007.897059202596
0.082622089518,-3001.9084888802245
0.083716798058,-2995.9199186244196
0.083909981918,-2989.931348302048
0.08287966798,-2983.9427780462433
0.083588008808,-2977.9542077904384
0.08217132713599999,-2971.9656374680667
0.080432672376,-2965.9770672122618
0.08159177554600001,-2959.98849688989
0.08081904009999999,-2953.999926634085
0.081462986312,-2948.0113563117134
0.078822806848,-2942.0227860559085
0.078951596096,-2936.034215800104
0.077341730568,-2930.0456454777323
0.077534914436,-2924.0570752219273
0.07721294133199999,-2918.0685048995556
0.07573186505399998,-2912.0799346437507
0.077341730576,-2906.091364321379
0.076633389754,-2900.102794065574
0.075925048922,-2894.1142238097696
0.075989443546,-2888.125653487398
0.07437957802600001,-2882.137083231593
0.074057604932,-2876.148512909221
0.07431518342200001,-2870.1599426534162
0.07276971252599998,-2864.1713723310445
0.07367123720999999,-2858.1828020752396
0.07334926411,-2852.194231752868
0.07167500399,-2846.2056614970634
0.07154621475,-2840.2170912412585
0.07064469006600001,-2834.228520985454
0.06974316537,-2828.239950663082
0.06851966760599999,-2822.2513804072773
0.068519667606,-2816.2628101514724
0.067553748284,-2810.2742398291007
0.068455272986,-2804.285669573296
0.06742495906600002,-2798.297099250924
0.066652223624,-2792.3085289951196
0.066781012868,-2786.3199586727474
0.062144600242000005,-2780.331388416943
0.067489353704,-2774.342818161138
0.06742495908799999,-2768.3542478387662
0.068326483776,-2762.3656775829613
0.06690980212200001,-2756.3771072605896
0.06729616984200001,-2750.388537004785
0.067424959092,-2744.399966682413
0.068777246116,-2738.4113964266085
0.067746932158,-2732.4228261708035
0.068197694512,-2726.434255848432
0.068390878396,-2720.445685592627
0.069421192296,-2714.457115270255
0.06942119230800001,-2708.4685450144507
0.068970429952,-2702.4799746920785
0.06871285145999999,-2696.491404436274
0.068777246096,-2690.502834113902
0.068841640724,-2684.5142638580974
0.068777246094,-2678.5256936022924
0.069485586908,-2672.5371232799207
0.07000074387399999,-2666.548553024116
0.069485586912,-2660.559982701744
0.069743165384,-2654.5714124459396
0.07045150621400001,-2648.5828421235674
0.06935679765200001,-2642.594271867763
0.070709084692,-2636.605701611958
0.069163613786,-2630.6171312895863
0.069099219162,-2624.6285610337814
0.06929240301999999,-2618.639990777977
0.068648456816,-2612.6514205221724
0.069228008398,-2606.6628501998002
0.068068905226,-2600.6742799439958
0.068197694462,-2594.6857096216236
0.067618142874,-2588.697139365819
0.06742495901,-2582.708569043447
0.06690980206,-2576.7199987876425
0.06562190964599998,-2570.731428531838
0.06729616978,-2564.742858209466
0.066587828946,-2558.7542879536613
0.06697419667599999,-2552.765717631289
0.065943882742,-2546.7771473754847
0.06484917419,-2540.7885770531125
0.064462806464,-2534.800006797308
0.063625676406,-2528.811436474936
0.063883254882,-2522.8228662191314
0.063754465634,-2516.834295963327
0.06311051944,-2510.8457256409547
0.063239308676,-2504.8571553851502
0.062659757106,-2498.868585062778
0.063046124818,-2492.8800148069736
0.06188702166800001,-2486.8914444846014
0.062724151744,-2480.902874228797
0.062080205533999996,-2474.9143039729925
0.062917335606,-2468.9257336506203
0.06188702168,-2462.937163394816
0.061758232450000006,-2456.9485930724436
0.061307470104000006,-2450.960022816639
0.061565048590000004,-2444.971452494267
0.06098549701600001,-2438.9828822384625
0.059697604624,-2432.994311982658
0.06027715622,-2427.005741660286
0.058409712238,-2421.0171714044814
0.058989263833999994,-2415.0286011486764
0.060019577754000006,-2409.040030892872
0.058087739161999996,-2403.0514605705
0.058924869218,-2397.0628903146953
0.05808773915399999,-2391.074319992323
0.057443792971999995,-2385.0857497365187
0.05815213377399999,-2379.097179414147
0.058667290736,-2373.108609158342
0.060277156254,-2367.1200388359703
0.060405945486,-2361.1314685801653
0.060599129344000004,-2355.142898324361
0.059697604664,-2349.1543280019887
0.06040594549999999,-2343.165757746184
0.060019577754,-2337.1771874238125
0.06098549706999999,-2331.1886171680076
0.062080205628,-2325.200046845636
0.06014836702,-2319.211476589831
0.06021276166799998,-2313.2229063340264
0.06008397242200001,-2307.2343360116542
0.06014836707400001,-2301.24576575585
0.060148367083999996,-2295.257195433478
0.059053658548,-2289.268625177673
0.059890788638,-2283.2800548553014
0.06027715634400001,-2277.2914845994965
0.060856707948,-2271.302914343692
0.061114286454,-2265.31434402132
0.060470340239999996,-2259.3257737655154
0.061049891806,-2253.337203443143
0.060470340224,-2247.3486331873387
0.060083972488,-2241.360062864967
0.059440026286,-2235.371492609162
0.06040594559999999,-2229.3829222867903
0.059826393981999994,-2223.3943520309854
0.05776576613400001,-2217.405781775181
0.060212761692,-2211.417211519376
0.058667290799999994,-2205.4286412635715
0.060148367073999995,-2199.4400709412
0.058538501516,-2193.451500685395
0.05828092304399999,-2187.462930363023
0.060534734766,-2181.474360107218
0.060470340124,-2175.4857897848465
0.05995518317199999,-2169.4972195290416
0.05744379297,-2163.50864920667
0.057701371428000005,-2157.5200789508654
0.057057425223999994,-2151.5315086950604
0.058731685362,-2145.5429383726887
0.058280923027999997,-2139.554368116884
0.05924684231999999,-2133.565797794512
0.057765766036,-2127.577227538707
0.057315003694,-2121.5886572163354
0.05886047459400001,-2115.6000869605305
0.058409712238,-2109.611516704726
0.058538501486,-2103.6229463823543
0.058731685353999995,-2097.6343761265493
0.056799846744,-2091.6458058041776
0.055447559715999996,-2085.6572355483727
0.056542268257999996,-2079.668665226001
0.05570513818999999,-2073.680094970196
0.057572582168,-2067.6915246478243
0.056735452128,-2061.70295439202
0.05538316509200001,-2055.714384136215
0.055254375846,-2049.725813813843
0.05634908438599999,-2043.7372435580385
0.054868008136,-2037.7486732356665
0.056027111316,-2031.7601029798618
0.056284689802,-2025.7715326574898
0.05609150593400001,-2019.7829624016852
0.056155900568,-2013.7943921458805
0.055511954366,-2007.8058218235085
0.057250609105999994,-2001.8172515677038
0.05667105753999999,-1995.8286813118993
0.056477873694,-1989.8401110560947
0.05686424141799999,-1983.8515407337227
0.05679984680799999,-1977.862970477918
0.056349084468,-1971.874400155546
0.056349084464,-1965.8858298997413
0.056864241472,-1959.8972595773694
0.055833927514,-1953.9086893215647
0.0557695329334,-1947.9201190657602
0.05654226840360001,-1941.9315487433882
0.055705138357600006,-1935.9429784875836
0.05551195449686001,-1929.9544081652116
0.0559627168016,-1923.965837909407
0.055640743727599994,-1917.977267587035
0.0559627168116,-1911.9886973312302
0.05602711142359999,-1906.0001270088583
0.05660666303193199,-1900.0115567530538
0.05602711141886,-1894.0229864972491
0.0571862145836,-1888.0344161748772
0.057958949997600005,-1882.0458459190725
0.060083972473400006,-1876.0572755967005
0.0611142863702,-1870.0687053408958
0.061178681012000004,-1864.0801350185238
0.062144600311,-1858.0915647627194
0.062337784157,-1852.1029945069147
0.063561281946,-1846.1144241845427
0.064720385096,-1840.125853928738
0.06645903987400001,-1834.137283606366
0.06748935378200001,-1828.1487133505614
0.06909921932600001,-1822.1601430281894
0.068455273114,-1816.1715727723847
0.067424959176,-1810.1830025165802
0.068068905396,-1804.1944321942083
0.06781132691200001,-1798.2058619384036
0.070193927864,-1792.217291682599
0.07090226871800001,-1786.2287214267942
0.07154621490999999,-1780.2401511044222
0.07064469025,-1774.2515808486176
0.070387111762,-1768.2630105262458
0.071224241838,-1762.2744402704411
0.07186818805800001,-1756.2858699480691
0.072318950394,-1750.2972996922645
0.072061371904,-1744.3087294364598
0.07289850198799999,-1738.3201591140878
0.073928815932,-1732.331588858283
0.074186394396,-1726.3430185359111
0.073735632074,-1720.3544482801067
0.075087919096,-1714.3658779577347
0.07521670831,-1708.37730770193
0.075860654514,-1702.388737379558
0.07611823300000001,-1696.4001671237534
0.07701975768,-1690.4115968679487
0.07553868138799999,-1684.4230265455767
0.076504600698,-1678.434456289772
0.07714854688999999,-1672.4458859674003
0.077148546894,-1666.4573157115956
0.077728098474,-1660.4687453892236
0.078114466196,-1654.480175133419
0.077728098442,-1648.4916048776142
0.078694017744,-1642.5030345552423
0.077599309192,-1636.5144642994376
0.078758412376,-1630.5258939770656
0.077985676926,-1624.5373237212611
0.077084152218,-1618.5487533988892
0.07676217911800001,-1612.5601831430845
0.07553868131,-1606.5716128207125
0.07515231359400001,-1600.5830425649078
0.07521670819599999,-1594.5944723091031
0.074508367378,-1588.6059020532985
0.073349264208,-1582.617331797494
0.073993210424,-1576.628761475122
0.07412199964999999,-1570.6401912193173
0.072383344876,-1564.6516208969454
0.07244773949,-1558.6630506411407
0.072383344862,-1552.6744803187687
0.071996977134,-1546.685910062964
0.072447739492,-1540.697339740592
0.07212576638799999,-1534.7087694847876
0.07341365879999999,-1528.720199228983
0.07296289645000001,-1522.731628906611
0.07412199962800001,-1516.7430586508062
0.07425078886400001,-1510.7544883284343
0.07476594584799999,-1504.7659180726296
0.07528110282799999,-1498.7773477502576
0.07244773949,-1492.788777494453
0.074894735116,-1486.8002072386485
0.075087918956,-1480.8116369162765
0.075216708192,-1474.8230666604718
0.075474286686,-1468.8344963380998
0.07463715663,-1462.8459260822951
0.07495912972400001,-1456.8573557599232
0.07457276201600001,-1450.8687855041185
0.074765945886,-1444.8802151817465
0.07450836738399999,-1438.891644925942
0.075087918996,-1432.9030746701374
0.074701551246,-1426.9145043477654
0.07437957818,-1420.9259340919607
0.074637156674,-1414.9373637695887
0.07412199973,-1408.948793513784
0.07476594594199999,-1402.960223191412
0.075281102908,-1396.9716529356076
0.07470155134600001,-1390.983082679803
0.07360684280799999,-1384.994512357431
0.074315183662,-1379.0059421016263
0.074315183692,-1373.0173718458216
0.07566747073999999,-1367.0288015900169
0.07515231378000001,-1361.040231267645
0.076504600828,-1355.0516610118405
0.07470155147799999,-1349.0630906894685
0.075731865424,-1343.0745204336638
0.075731865456,-1337.0859501112918
0.075667470822,-1331.0973798554871
0.077534914842,-1325.1088095996824
0.07689096863799999,-1319.1202392773105
0.07753491482,-1313.1316690215058
0.07772809869599999,-1307.143098699134
0.07779249331,-1301.1545284433294
0.079595542678,-1295.1659581209574
0.07953114806600001,-1289.1773878651527
0.08165617054400001,-1283.188817609348
0.08133419743600001,-1277.200247286976
0.08210693289599999,-1271.2116770311713
0.082300116784,-1265.2231067087994
0.08210693289,-1259.234536452995
0.082750879084,-1253.245966130623
0.083781193026,-1247.2573958748183
0.08461832309600001,-1241.2688255524463
0.08526226931400001,-1235.2802552966416
0.08403877149399999,-1229.291685040837
0.08461832304000001,-1223.303114718465
0.084747112286,-1217.3145444626603
0.084489533792,-1211.3259741402885
0.083523614482,-1205.3374038844838
0.08461832303200001,-1199.3488335621118
0.08416756066799999,-1193.3602633063072
0.084618323006,-1187.3716930505025
0.08423195529399999,-1181.3831227281305
0.08339482520599999,-1175.3945524723258
0.084747112252,-1169.4059822165214
0.08532666385200001,-1163.4174119607167
0.085648636966,-1157.4288416383447
0.083330430594,-1151.44027138254
0.084425139166,-1145.451701060168
0.083652403714,-1139.4631308043633
0.084296349952,-1133.4745604819914
0.08442513917399999,-1127.4859902261867
0.084553928442,-1121.4974199703822
0.08519787464800001,-1115.5088496480103
0.085841820884,-1109.5202793922056
0.086485767104,-1103.5317090698336
0.087580475656,-1097.543138814029
0.08661455632400002,-1091.554568491657
0.085391058556,-1085.5659982358522
0.08680774022,-1079.5774279134803
0.08783805418599999,-1073.5888576576758
0.08783805417400001,-1067.6002874018711
0.08655016172999999,-1061.6117170794992
0.087773659524,-1055.6231468236945
0.088997157324,-1049.6345765013225
0.087322897204,-1043.6460062455178
0.087000924108,-1037.6574359231458
0.086099399392,-1031.6688656673414
0.0873872918,-1025.6802954115367
0.087000924092,-1019.6917250891647
0.08745168643000001,-1013.70315483336
0.08783805414799999,-1007.7145845109881
0.08661455631000001,-1001.7260142551834
0.086936529388,-995.7374439328115
0.086872134806,-989.7488736770068
0.08590621550000001,-983.7603033546349
0.08674334555400001,-977.7717330988302
0.085069085402,-971.7831628430256
0.083330430614,-965.7945925872209
0.083072852158,-959.8060223314162
0.083330430642,-953.8174520090442
0.08004630496399999,-947.8288817532397
0.08075464581,-941.8403114308677
0.080561461914,-935.851741175063
0.07978872645599999,-929.863170852691
0.078565228668,-923.8746005968865
0.077985677084,-917.8860302745145
0.077921282462,-911.8974600187098
0.077599309352,-905.9088897629052
0.07656899544,-899.9203194405333
0.07502352453800001,-893.9317491847286
0.075860654624,-887.9431788623566
0.074959129924,-881.954608606552
0.073156080562,-875.9660382841801
0.072576528968,-869.9774680283754
0.071932582782,-863.9888977725707
0.072254555902,-858.0003274501988
0.07186818817339999,-852.0117571943941
0.0712886366216,-846.0231868720222
0.0707090850036,-840.0346166162175
0.06974316565800001,-834.0460462938456
0.07154621503,-828.0574760380409
0.071546215008,-822.0689057822362
0.073800026674,-816.0803354598643
0.072834107346,-810.0917652040597
0.07322047507400001,-804.1031948816877
0.073800026632,-798.114624625883
0.074315183562,-792.1260543035111
0.073993210472,-786.1374840477065
0.075023524358,-780.1489137253345
0.075538681344,-774.1603434695298
0.07553868132,-768.1717732137253
0.07592504904,-762.1832028913533
0.075409892056,-756.1946326355486
0.07624702211,-750.2060623797439
0.078114466102,-744.2174921239393
0.077534914512,-738.2289218015674
0.078050071466,-732.2403515457627
0.07882280692,-726.2517812233907
0.07779249297799999,-720.2632109675861
0.079209174626,-714.2746406452142
0.078372044546,-708.2860703894095
0.079144780004,-702.2975001336048
0.08011069931,-696.3089298112329
0.08114101324600001,-690.3203595554282
0.08152738096800001,-684.3317892330563
0.08287966801999999,-678.3432189772516
0.08159177559799999,-672.3546486548797
0.08217132718,-666.366078399075
0.08230011643400001,-660.3775081432703
0.083266035752,-654.3889378208984
0.084489533554,-648.4003675650938
0.08474711202600001,-642.4117972427218
0.082944062654,-636.4232269869171
0.084618322806,-630.4346566645452
0.082557694924,-624.4460864087406
0.084747112052,-618.4575160863686
0.08564863673,-612.4689458305639
0.085004690524,-606.4803755747594
0.083845587358,-600.4918052523874
0.085004690512,-594.5032349965827
0.085197874382,-588.5146646742107
0.08468271741399999,-582.5260944184062
0.08532666360999999,-576.5375240960342
0.085326663604,-570.5489538402295
0.08519787434599999,-564.5603835844248
0.085262268964,-558.571813262053
0.08506908511,-552.5832430062483
0.08487590122199999,-546.5946727504436
0.085326663572,-540.606102494639
0.084875901236,-534.617532172267
0.08622818827199999,-528.6289619164623
0.08642137215,-522.6403915940904
0.085906215174,-516.6518213382858
0.08635697752799999,-510.6632510159138
0.087258502234,-504.67468076010914
0.088224421554,-498.6861105043045
0.08809563230999999,-492.69754018193254
0.088546394668,-486.7089699261279
0.088482000062,-480.72039960375594
0.087580475368,-474.7318293479513
0.087194107642,-468.74325902557933
0.086421372202,-462.7546887697747
0.084747112052,-456.76611844740273
0.08571303140799999,-450.7775481915981
0.085455452912,-444.7889779357934
0.083394825052,-438.8004076134215
0.08333043043800001,-432.8118373576168
0.08242890575799999,-426.8232670352449
0.081720564948,-420.8346967794402
0.081784959552,-414.8461264570683
0.079724331688,-408.8575562012636
0.079981910206,-402.868985945459
0.078629623168,-396.880415623087
0.07740612541,-390.8918453672824
0.07624702224800001,-384.9032750449104
0.07676217922800001,-378.91470478910577
0.07644020611999999,-372.9261344667338
0.075023524512,-366.93756421092917
0.075474286854,-360.94899395512454
0.075989443804,-354.96042363275257
0.07502352455,-348.97185337694793
0.075538681516,-342.98328312114324
0.07425078912219998,-336.9947128653386
0.07676217935600001,-331.00614254296664
0.077341730942,-325.017572287162
0.07753491481960001,-319.02900196479004
0.07785688795100001,-313.0404317089854
0.078951596514,-307.05186138661344
0.08133419750200001,-301.0632911308088
0.080432672818,-295.07472080843684
0.08313724692999999,-289.0861505526322
0.083394825396,-283.0975802968275
0.083974377026,-277.1090099744556
0.085262269462,-271.1204397186509
0.08526226948,-265.131869396279
0.084940296356,-259.1432991404743
0.085970610314,-253.1547288181024
0.086356978072,-247.16615856229774
0.085584242614,-241.17758830649308
0.08622818883999998,-235.18901798412114
0.087387292008,-229.20044772831648
0.087000924298,-223.21187740594453
0.08751608128199999,-217.22330715013987
0.08706531899,-211.23473682776793
0.088675184518,-205.24616657196327
0.08700092438599999,-199.2575963161586
0.08835321143599999,-193.26902599378667
0.08783805445400002,-187.280455737982
0.087902449114,-181.29188541561007
0.08899715769800001,-175.3033151598054
0.0904138394,-169.31474483743347
0.09150854795999999,-163.3261745816288
0.090928996352,-157.33760425925686
0.092345678036,-151.3490340034522
0.092732045768,-145.36046374764757
0.091379758734,-139.3718934252756
0.09137975873200001,-133.38332323603825
0.09253886193399999,-127.39475291366631
0.091766126514,-121.40618265786165
0.0926676512,-115.41761233548971
0.093311597398,-109.42904207968505
0.09241007271400001,-103.4404717573131
0.09292522970200001,-97.45190150150844
0.095951776898,-91.46333117913649
0.09562980383799999,-85.47476092333184
0.09691769630199999,-79.4861906675272
0.097110880128,-73.49762034515524
0.09762603711600001,-67.5090500893506
0.098141194076,-61.52047976697864
0.099815454262,-55.531909511173986
0.099429086584,-49.54333918880204
0.10058818978999999,-43.55476893299738
0.101296530606,-37.56619867719273
0.10284200161000001,-31.57762835482078
0.10342155315600002,-25.58905809901613
0.103099580076,-19.60048777664418
0.103035185484,-13.611917520839526
0.104902629498,-7.623347198467576
0.10535339184400001,-1.6347769426629237
0.10535339185800001,4.353793346425378
0.10561097034,10.342363635513678
0.106126127268,16.33093392460198
0.106512495038,22.31950421369028
0.108122360592,28.30807450277858
0.10908827990200001,34.296644758583234
0.108122360598,40.285215047671535
0.108379939098,46.273785336759836
0.10837993907799999,52.26235562584814
0.11031177773,58.25092591493644
0.10966783151600001,64.23949620402475
0.110118593854,70.22806642654574
0.10998980459999999,76.21663671563405
0.110247383124,82.20520700472235
0.11037617233599999,88.19377729381065
0.111470880894,94.18234758289896
0.11102011851,100.1709178387036
0.111728459334,106.1594881277919
0.111599670134,112.1480584168802
0.11250119479999998,118.1366287059685
0.11295195715600001,124.1251989950568
0.11224361629800002,130.11376928414512
0.112694378642,136.10233957323342
0.11366029797399999,142.09090986232172
0.11436863885200002,148.07948011812636
0.115463347436,154.06805040721466
0.115914109764,160.05662069630296
0.11642926676199998,166.04519098539126
0.11784594839200002,172.03376127447956
0.12055052251399997,178.02233156356786
0.121130074096,184.01090185265616
0.12312630740000001,189.99947214174446
0.12344828056200001,195.98804239754912
0.12505814604600002,201.97661268663742
0.12711877397000002,207.96518297572572
0.12705437935,213.95375326481403
0.12879303417399998,219.94232355390233
0.130402899746,225.93089384299063
0.13201276528,231.91946413207893
0.132463527712,237.9080343878836
0.132978684674,243.8966046769719
0.13368702553200001,249.8851749660602
0.13594083736799997,255.8737452551485
0.137293124476,261.86231554423676
0.13761509766399999,267.8508858333251
0.13877420089200002,273.83945612241337
0.138581017034,279.8280263449344
0.1392249633,285.8165966340227
0.139418147218,291.805166923111
0.141800748236,297.7937372121993
0.141543169844,303.7823075012876
0.14109240751000002,309.77087775709225
0.14083482911599998,315.7594480461806
0.140062093642,321.74801833526885
0.139804515166,327.7365886243572
0.14038406683,333.72515891344545
0.13896738517999999,339.7137292025338
0.140319672262,345.70229949162206
0.139675726108,351.6908697474267
0.14031967234799997,357.679440036515
0.141285591662,363.6680103256033
0.140384066986,369.6565806146916
0.13967572615200002,375.6451509037799
0.139933304668,381.6337211928682
0.13961133155,387.6222914819565
0.14019088315199998,393.6108617710448
0.139418147692,399.59943202684946
0.138902990718,405.5880023159378
0.138645412176,411.57657260502606
0.13832343907599998,417.5651428941144
0.13755070362100003,423.55371318320266
0.13677796809999998,429.542283472291
0.137615098221,435.53085376137926
0.13549007565,441.5194240504676
0.1349749186318,447.5079943062722
0.1340733938654,453.49656459536055
0.1323347390796,459.4851348844488
0.13368702615,465.47370517353716
0.1333006583246,471.4622754626254
0.13227034439360003,477.45084575171376
0.133365052918,483.43941604080203
0.1310468464854,489.427986263323
0.13098245184280002,495.41655655241135
0.13008092699200002,501.4051268414996
0.12988774313600002,507.39369713058795
0.12917940225200003,513.3822673863926
0.127955904432,519.3708376754809
0.129050612988,525.3594079645692
0.129436980688,531.3479782536575
0.12750514199000001,537.3365485427458
0.12776272042200001,543.3251188318341
0.12724756335600002,549.3136891209224
0.126024065536,555.3022594100107
0.126281643976,561.2908296658154
0.12595967080800002,567.2793999549036
0.126346038548,573.267970243992
0.12473617296800002,579.2565405330803
0.12319070199,585.2451108221686
0.12331949118800001,591.2336811112568
0.12306191270800002,597.2222514003452
0.122868728786,603.2108216894335
0.121967204046,609.1993919452382
0.123126307224,615.1879622343264
0.12351267487799997,621.1765325234147
0.122482360918,627.165102812503
0.123448280218,633.1536731015914
0.12441419951600001,639.1422433906796
0.123061912436,645.1308136797679
0.123834647876,651.1193839688563
0.123255096276,657.1079542246608
0.12273993927599999,663.0965245137492
0.12216038761599998,669.0850948028375
0.12241796609600002,675.0736650919258
0.122224782238,681.062235381014
0.12267554459800001,687.0508056701024
0.121452046736,693.0393758926234
0.12009975965800002,699.0279461817117
0.12100128432000001,705.0165164708
0.11932702417799998,711.0050867598883
0.11926262956000003,716.9936570489766
0.11900505100200001,722.9822273047813
0.117330790838,728.9707975938695
0.117137606962,734.9593678829578
0.11475500590400001,740.9479381720462
0.114368638166,746.9365084611345
0.113531508082,752.9250787502227
0.11192164249,758.913649039311
0.11192164250600001,764.9022193283994
0.11069814467800002,770.890789584204
0.10902388451,776.8793598732923
0.108766306042,782.8679301623806
0.107607202858,788.856500451469
0.106512494288,794.8450707405572
0.10464505023399999,800.8336410296455
0.10303518469400001,806.8222113187338
0.101682897684,812.8107815745385
0.101296529908,818.7993518636267
0.100523794492,824.787922152715
0.09930029667000001,830.7764924418034
0.097626036516,836.7650627308917
0.09620935484599999,842.7536330199799
0.09401993771199998,848.7422033090683
0.095501013996,854.7307735981566
0.093182807658,860.7193438539613
0.092023704484,866.7079141430495
0.090800206678,872.6964844321378
0.089447919646,878.6850547212262
0.08848200032600001,884.6736250103145
0.087773659494,890.6621952994027
0.08590621551000001,896.650765588491
0.0855842424,902.6393358110121
0.082815273722,908.6279061001003
0.083330430664,914.6164763891886
0.08184935438799999,920.605046678277
0.080883435096,926.5936169340816
0.07817886097399998,932.5821872231699
0.076955363192,938.5707575122582
0.07598944387799998,944.5593278013465
0.07611823312000002,950.5478980904348
0.07386442138399998,956.5364683795231
0.073156080518,962.5250386686114
0.069936349462,968.5136089576997
0.067296170032,974.5021792135044
0.066330250724,980.4907495025926
0.06452720132199999,986.479319791681
0.063110519658,992.4678900807693
0.062466573432,998.4564603698576
0.059440026268000004,1004.4450306589458
0.057250609166,1010.4336009480342
0.056993030662,1016.4221712371225
0.055898322119999996,1022.4107414929272
0.053451326546,1028.3993117820155
0.05190585564,1034.3878820711038
0.051004330964,1040.376452360192
0.050231595506,1046.3650226492803
0.047140653736,1052.3535929383686
0.045981550582,1058.342163227457
0.045723972078,1064.3307335165453
0.045466393602000006,1070.31930377235
0.043276976508,1076.3078740614383
0.042633030316,1082.2964443505264
0.04108755942,1088.2850146396147
0.038962536937999996,1094.273584928703
0.039091326168,1100.2621552177914
0.037739039134,1106.2507255068797
0.03670872521199999,1112.2392957294007
0.035420832818,1118.227866018489
0.036322357482,1124.2164363075774
0.034583702742,1130.2050065966655
0.034905675834,1136.1935768524702
0.03355338881,1142.1821471415585
0.032329891032,1148.1707174306468
0.033231415705999995,1154.1592877197352
0.032780653368,1160.1478580088235
0.03194352330999999,1166.1364282979118
0.032265496408,1172.1249985870002
0.031170787868000004,1178.1135688760883
0.030204868570000005,1184.102139131893
0.030977604000000002,1190.0907094209813
0.030269263191999997,1196.0792797100696
0.031170787861999998,1202.067849999158
0.030784420152000003,1208.0564202882463
0.029496527755999997,1214.0449905773346
0.028208635364,1220.0335608664227
0.028015451512,1226.022131155511
0.028337424606,1232.0107014113157
0.027435899931999998,1237.999271700404
0.0273715053162,1243.9878419894924
0.026791953740000003,1249.9764122785807
0.0260192183056,1255.964982567669
0.026985137587999995,1261.9535528567574
0.027113926822,1267.9421231458455
0.026856348333999996,1273.9306934016502
0.02634119138,1279.9192636907385
0.02582603443,1285.9078339798268
0.026985137574,1291.8964042689151
0.027629083768000003,1297.8849745580035
0.027951056872000002,1303.8735448470918
0.028852581546,1309.8621151361801
0.028530608452,1315.850685358701
0.028981370778000004,1321.8392556477893
0.029882895460000003,1327.8278259368776
0.029947290087999994,1333.816396225966
0.030913209383999996,1339.8049665150543
0.032072312542,1345.793536770859
0.03297383721,1351.7821070599473
0.033875361898,1357.7706773490354
0.034261729614,1363.7592476381237
0.033746572658,1369.747817927212
0.03516325429,1375.7363882163004
0.03645114669,1381.7249585053887
0.038704958398,1387.7135287611934
0.039091326118,1393.7020990502817
0.039735272334,1399.69066933937
0.04263303024,1405.6792396284582
0.043083792584,1411.6678099175465
0.04359894954,1417.6563802066348
0.04495123657,1423.6449504957232
0.044886841954,1429.6335207848115
0.0467542859442,1435.6220910406162
0.048235362214799994,1441.6106613297045
0.051648277093999995,1447.5992316187928
0.052356617932799984,1453.587801907881
0.05390208883400001,1459.5763721969693
0.05493240276660001,1465.5649424860576
0.055769532840000004,1471.553512775146
0.057830160726199994,1477.5420830642342
0.0584741069182,1483.530653320039
0.0599551832326,1489.5192236091273
0.061049891775999995,1495.5077938982156
0.06169383798,1501.4963641873037
0.06220899496400001,1507.484934476392
0.062659757346,1513.4735047654804
0.064334017462,1519.4620750545687
0.064849174456,1525.4506452770897
0.064720385176,1531.439215566178
0.066909802316,1537.4277858552664
0.067618143162,1543.4163561443545
0.070387111852,1549.4049264001592
0.070773479618,1555.3934966892475
0.07231895049399999,1561.3820669783358
0.07309168597799999,1567.3706372674242
0.07495912998,1573.3592075565125
0.07611823323000001,1579.3477778456008
0.075989443992,1585.3363481346892
0.07759930951,1591.3249184237773
0.077148547176,1597.313488679582
0.079853121276,1603.3020589686703
0.07914478046199999,1609.2906292577586
0.07972433209,1615.279199546847
0.0799175159818,1621.2677698359353
0.0799819106268,1627.2563401250236
0.0808834353276,1633.244910414112
0.0806902514926,1639.2334807032
0.0813341977126,1645.2220509590047
0.0832016417136,1651.210621248093
0.0839099825918,1657.1991915371814
0.085069085724,1663.1877618262697
0.086292583514,1669.176332115358
0.08770926519399999,1675.1649024044464
0.089061552208,1681.1534726935345
0.09022065536799999,1687.1420429826228
0.09047823383800002,1693.1306132384275
0.0919593101,1699.1191835275158
0.09273204554200001,1705.1077538166041
0.09305401867600001,1711.0963241056925
0.094535094914,1717.0848943947808
0.095565408856,1723.0734646838691
0.09569419803800001,1729.0620349729572
0.095758592654,1735.0506051954783
0.09781922052200001,1741.0391754845666
0.097690431298,1747.027745773655
0.100395005374,1753.0163160627433
0.10058818923599999,1759.004886318548
0.1008457677,1764.9934566076363
0.10148971392199999,1770.9820268967244
0.101232135446,1776.9705971858127
0.10110334618599999,1782.959167474901
0.10342155258400001,1788.9477377639894
0.102713211758,1794.9363080530777
0.10129653007199999,1800.924878342166
0.102648817142,1806.9134485979707
0.102777606386,1812.902018887059
0.10342155263600002,1818.8905891761472
0.10348594724599999,1824.8791594652355
0.103936709604,1830.8677297543238
0.10232684404,1836.8563000434121
0.10393670959600002,1842.8448703325005
0.10271321177200002,1848.8334405883052
0.10342155257199999,1854.8220108773935
0.10322836871800001,1860.8105811664818
0.103679131042,1866.79915145557
0.10380792030799998,1872.7877217446583
0.10322836871599998,1878.7762920337466
0.102520027856,1884.764862322835
0.10245563326,1890.7534326119232
0.10316397408000003,1896.742002867728
0.10200487087200001,1902.7305731568163
0.10206926549199999,1908.7191434459046
0.10142531927000001,1914.7077137349927
0.100330610706,1920.696284024081
0.10045939991399999,1926.6848543131694
0.099557875232,1932.6734246022577
0.098398772026,1938.6619948247787
0.09904271823,1944.650565113867
0.09872074513,1950.6391354029554
0.099107112852,1956.6277056920435
0.09852756124999999,1962.6162759811318
0.10084576761799999,1968.6048462369365
0.10026621603399999,1974.5934165260248
0.098913928956,1980.5819868151132
0.09884953435199999,1986.5705571042015
0.10007303215600001,1992.5591273932898
0.100910162234,1998.5476976823782
0.10065258375599999,2004.5362679714663
0.10103895147599999,2010.524838227271
0.10065258373799998,2016.5134085163593
0.099879848278,2022.5019788054476
0.10007303215999999,2028.490549094536
0.10020182143800001,2034.4791193836243
0.09666011717999999,2040.4676896727126
0.097561641916,2046.456259961801
0.09633814411599999,2052.444830250889
0.096595722634,2058.433400506694
0.095694197918,2064.4219707957823
0.09472827860200002,2070.41054108487
0.09414872700600001,2076.3991113739585
0.09318280766200002,2082.387681663047
0.093118413034,2088.376251952135
0.09176612599,2094.3648222412235
0.091766126,2100.353392530312
0.09080020669,2106.3419627861167
0.088803973428,2112.330533075205
0.08719410789399999,2118.319103364293
0.088546394928,2124.3076736533812
0.08809563261400001,2130.2962439424696
0.087644870234,2136.284814231558
0.08816002723399999,2142.2733845206462
0.08642137247800001,2148.2619547431673
0.086743345574,2154.2505250322556
0.086550161676,2160.239095321344
0.086099399318,2166.2276656104323
0.085713031582,2172.2162358662367
0.084103166056,2178.204806155325
0.08384558760800001,2184.1933764444134
0.084489533802,2190.1819467335017
0.083974376812,2196.17051702259
0.08352361444600001,2202.1590873116784
0.082493300532,2208.1476576007667
0.08223572206,2214.136227889855
0.08146298661359999,2220.1247981456595
0.0808190403994,2226.113368434748
0.081462986614,2232.101938723836
0.08107661887760001,2238.0905090129245
0.0810766188848,2244.079079302013
0.0799819103312,2250.067649591101
0.0808834350406,2256.0562198801895
0.0820425382062,2262.044790169278
0.0806902511722,2268.0333604250823
0.0819781435902,2274.0219307141706
0.081462986617,2280.010501003259
0.08281527366400002,2285.9990712923473
0.08410316609,2291.9876415814356
0.08397437685,2297.976211870524
0.083008457524,2303.9647821596122
0.082493300548,2309.9533524487006
0.083201641392,2315.941922704505
0.083716798354,2321.9304929935934
0.082622089824,2327.9190632826817
0.083394825264,2333.90763357177
0.083845587596,2339.8962038608583
0.083652403722,2345.8847741499467
0.083330430662,2351.873344439035
0.08333043065199999,2357.861914661556
0.08345921987,2363.8504849506444
0.08352361451800001,2369.8390552397327
0.0847471123,2375.827625528821
0.085326663888,2381.8161957846255
0.08365240374800001,2387.804766073714
0.083909982214,2393.793336362802
0.083266036006,2399.7819066518905
0.081591775864,2405.770476940979
0.082750879034,2411.759047230067
0.08184935437,2417.7476175191555
0.0806258565642,2423.736187808244
0.080819040402,2429.7247580640483
0.080497067328,2435.7133283531366
0.08049706733199999,2441.701898642225
0.0810766189372,2447.6904689313133
0.08101222429999999,2453.6790392204016
0.0805614619448,2459.66760950949
0.08223572208600001,2465.6561797985783
0.082686484402,2471.6447500543827
0.083459219854,2477.633320343471
0.082944062888,2483.6218906325594
0.083781192964,2489.6104609216477
0.082879668234,2495.599031210736
0.083716798332,2501.5876014998244
0.084489533762,2507.5761717889127
0.08609939928,2513.564742078001
0.086743345472,2519.5533123338055
0.08758047556200001,2525.541882622894
0.08732289708600001,2531.530452911982
0.08899715724599999,2537.5190232010705
0.089705498066,2543.507593490159
0.08970549807599999,2549.496163779247
0.091250968996,2555.4847340683355
0.092474466818,2561.4733042908565
0.091894915198,2567.461874579945
0.092732045298,2573.450444869033
0.091572942114,2579.439015158121
0.093311596898,2585.427585413926
0.09466388398,2591.4161557030143
0.094277516258,2597.4047259921026
0.095887381784,2603.393296281191
0.095887381802,2609.3818665702793
0.096917695732,2615.3704368593676
0.095565408722,2621.3590071484555
0.096466933392,2627.347577437544
0.09608056566800001,2633.3361476933487
0.09698209035800001,2639.324717982437
0.097432852708,2645.3132882715254
0.09762603654799999,2651.3018585606137
0.09678890646,2657.290428849702
0.09826998278599999,2663.2789991387904
0.098076798928,2669.2675694278782
0.098849534406,2675.2561397169666
0.09807679892400001,2681.2447099727715
0.098527561306,2687.23328026186
0.09820558821400001,2693.221850550948
0.098398772092,2699.2104208400365
0.097239668954,2705.198991129125
0.095436619532,2711.187561418213
0.094277516368,2717.176131707301
0.09389114863,2723.1647019963893
0.09305401855199999,2729.1532722521943
0.09305401855,2735.1418425412826
0.09260325622999999,2741.130412830371
0.091766126146,2747.1189831194592
0.091122179944,2753.1075534085476
0.090928996082,2759.096123697636
0.08983428754,2765.084693986724
0.08919034132,2771.073264209245
0.087644870414,2777.061834498333
0.086485767194,2783.0504047874215
0.08590621563,2789.03897507651
0.08545545327000001,2795.0275453323147
0.08526226938800001,2801.016115621403
0.084296350064,2807.004685910491
0.08268648455800001,2812.9932561995793
0.082686484556,2818.9818264886676
0.082428906076,2824.970396777756
0.083201641536,2830.9589670668443
0.08075464593200002,2836.9475373559326
0.07985312121200001,2842.9361076117375
0.080239488912,2848.924677900826
0.08114101365,2854.9132481899137
0.080561462048,2860.901818479002
0.079531148128,2866.8903887680904
0.078887201908,2872.8789590571787
0.078565228808,2878.867529346267
0.07792128263,2884.8560996353553
0.077856888012,2890.8446698911603
0.07727733644399999,2896.8332401802486
0.07689096871000001,2902.8218104693365
0.0759250494,2908.810380758425
0.07669778483600001,2914.798951047513
0.077921282634,2920.7875213366015
0.07650460100600001,2926.77609162569
0.07689096873600001,2932.7646618814947
0.07663339023599999,2938.753232170583
0.077856888052,2944.741802459671
0.078372045014,2950.7303727487592
0.07888720201199999,2956.7189430378476
0.07920917507400001,2962.707513326936
0.07920917509400001,2968.696083616024
0.07972433205,2974.6846539051126
0.081978143782,2980.6732241276336
0.080819040598,2986.661794416722
0.08281527383000001,2992.6503647058103
0.083523614658,2998.6389349948986
0.08558424253000001,3004.627505250703
0.08667895105800001,3010.6160755397914
0.08674334567599999,3016.6046458288797
0.087773659624,3022.593216117968
0.08790244883000001,3028.5817864070564
0.08822442192999999,3034.5703566961447
0.089447919724,3040.558926985233
0.090864601376,3046.5474972410375
0.09144415295000001,3052.536067530126
0.092732045394,3058.524637819214
0.092216888396,3064.5132081083025
0.09356917540000001,3070.501778397391
0.09414872698599999,3076.490348686479
0.094341910852,3082.4789189755675
0.094148726992,3088.467489264656
0.09472827857600001,3094.4560595204603
0.094792673182,3100.4446298095486
0.095179040906,3106.433200098637
0.09479267318199999,3112.4217703877252
0.094213121614,3118.4103406768136
0.093054018424,3124.398910965902
0.09195930985999999,3130.3874812549902
0.09286083457800001,3136.3760515440786
0.092796439964,3142.364621799883
0.09060702284199999,3148.3531920889714
0.09086460131,3154.3417623780597
0.09041383896399999,3160.330332667148
0.09105778518600001,3166.3189029562363
0.09015626051600001,3172.3074732453247
0.090220655162,3178.296043534413
0.08822442188999999,3184.284613756934
0.087322897202,3190.2731840460224
0.088224421906,3196.2617543351107
0.087000924088,3202.250324624199
0.08661455637599999,3208.2388948800035
0.08635697791600001,3214.227465169092
0.086872134854,3220.21603545818
0.08680774024599999,3226.2046057472685
0.08661455641200001,3232.193176036357
0.08622818868,3238.181746325445
0.086228188662,3244.1703166145335
0.08584182095599999,3250.158886903622
0.084038771566,3256.1474571594263
0.085262269378,3262.1360274485146
0.08384558768000001,3268.124597737603
0.084360744664,3274.1131680266913
0.08551984785399999,3280.1017383157796
0.084682717764,3286.090308604868
0.083459219954,3292.0788788939562
0.083974376936,3298.0674491830446
0.084167560794,3304.056019438849
0.083974376944,3310.0445897279374
0.082879668394,3316.0331600170257
0.08217132756600001,3322.021730306114
0.081591775978,3328.0103005952024
0.080497067428,3333.9988708842907
0.07914478036800002,3339.987441173379
0.07965993732599999,3345.9760114624673
0.07882280725799999,3351.964581718272
0.076697784782,3357.95315200736
0.075538681564,3363.9417222964485
0.074637156882,3369.930292585537
0.073606842956,3375.918862874625
0.071546215092,3381.9074331637134
0.070580295768,3387.896003452802
0.070387111908,3393.884573675323
0.06690980239,3399.873143964411
0.06652343469800001,3405.861714253499
0.06517114768,3411.8502845425874
0.06291733595,3417.8388547983923
0.061178681238,3423.8274250874806
0.060083972708,3429.815995376569
0.058796080294000005,3435.8045656656573
0.058667291038,3441.7931359547456
0.058216528702,3447.781706243834
0.05828092332,3453.770276532922
0.058409712564,3459.75884682201
0.05686424167200001,3465.747417077815
0.059118053382000005,3471.7359873669034
0.059504421082000006,3477.7245576559917
0.059633210324,3483.71312794508
0.05956881570799999,3489.7016982341684
0.05982639415799999,3495.6902685232562
0.060277156511999996,3501.6788388123446
0.060921102692,3507.6674090681495
0.061049891892,3513.655979357238
0.06201581118199999,3519.644549646326
0.06220899503399999,3525.6331199354145
0.06182262731799999,3531.621690224503
0.06459159596599999,3537.610260513591
0.0645272013,3543.598830802679
0.065943882922,3549.5874010917673
0.067296169946,3555.5759713475722
0.067102986064,3561.5645416366606
0.067553748402,3567.553111925749
0.06871285156800001,3573.5416822148372
0.068455273068,3579.5302525039256
0.07070908479,3585.518822793014
0.07199697718,3591.5073930821018
0.072834107226,3597.495963304623
0.07296289646000001,3603.484533593711
0.07495912969799999,3609.4731038827995
0.075152313566,3615.461674171888
0.075474286652,3621.4502444276927
0.076568995206,3627.438814716781
0.07515231353,3633.427385005869
0.074443972686,3639.4159552949573
0.073800026486,3645.4045255840456
0.073478053354,3651.393095873134
0.072125766324,3657.3816661622222
0.07161060934800001,3663.3702364513106
0.07238334478799999,3669.3588067071155
0.07019392769199999,3675.347376996204
0.06948558685000002,3681.3359472852917
0.06723177513600001,3687.32451757438
0.06819769445,3693.3130878634684
0.06690980204800001,3699.3016581525567
0.066781012816,3705.290228441645
0.065686304266,3711.2787987307333
0.062981730226,3717.2673689865383
0.063046124846,3723.2559392756266
0.063432492566,3729.2445095647145
0.06291733562,3735.233079853803
0.0618870217,3741.221650142891
0.062981730278,3747.2102204319795
0.063174914138,3753.198790721068
0.06233778409600001,3759.187361010156
0.06137186479400001,3765.175931265961
0.061371864806,3771.164501555049
0.061951416396000006,3777.1530718441372
0.06124307559000001,3783.1416421332256
0.060083972436,3789.130212422314
0.05937563162799999,3795.118782711402
0.059955183227999996,3801.1073530004905
0.059375631638000005,3807.0959232230116
0.058731685469999996,3813.0844935121
0.05879608010399999,3819.0730638011883
0.058667290866,3825.0616340902766
0.05866729091,3831.050204346081
0.058152133962599994,3837.0387746351694
0.05866729092800001,3843.0273449242577
0.05744379317159999,3849.015915213346
0.058152134024000005,3855.0044855024344
0.05731500394760001,3860.9930557915227
0.056671057776799996,3866.981626080611
0.057508187877599995,3872.9701963696994
0.0577013717308,3878.958766625504
0.056735452457,3884.947336914592
0.056413479356599995,3890.9359072036805
0.0574437933312,3896.924477492769
0.0578301610492,3902.913047781857
0.057830161098199995,3908.9016180709455
0.05847410734119999,3914.890188360034
0.0606635243946,3920.878758649122
0.0605991297606,3926.8673289049266
0.061243075975000005,3932.855899194015
0.0612430759688,3938.8444694831032
0.0613718652098,3944.8330397721916
0.0609854974628,3950.82161006128
0.06220899524100001,3956.8101803503682
0.06111428673059999,3962.7987506394566
0.06201581138659999,3968.787320895261
0.0626597576088,3974.7758911843493
0.06446280696960001,3980.7644614734377
0.06426962310500002,3986.753031762526
0.0654931209002,3992.7416020516143
0.0654287263062,3998.7301723407027
0.0656863047848,4004.718742629791
0.065557515523,4010.7073129188793
0.06536433168400001,4016.6958831414004
0.06613706712,4022.6844534304887
0.067038591816,4028.673023719577
0.066330250976,4034.6615940086654
0.066652224074,4040.65016426447
0.06794011650599999,4046.638734553558
0.067489354172,4052.6273048426465
0.067296170336,4058.615875131735
0.07083787443999999,4064.604445420823
0.070515901362,4070.5930157099115
0.070773479842,4076.581585999
0.06942119281,4082.5701562548043
0.070709085222,4088.5587265438926
0.071095452946,4094.547296832981
0.072383345362,4100.535867122069
0.073091686158,4106.524437411157
0.074830340914,4112.513007700246
0.07502352478999999,4118.501577989334
0.07611823335199999,4124.490148278423
0.075731865656,4130.4787185342275
0.07875841280999998,4136.467288823315
0.079466753628,4142.455859112403
0.08011069982999999,4148.444429401492
0.08004630523,4154.43299969058
0.08030388373,4160.421569979669
0.081462986888,4166.410140268757
0.08281527388400002,4172.398710557845
0.08352361476400001,4178.38728081365
0.08410316638000001,4184.375851102738
0.08603500496,4190.364421391826
0.08532666415599999,4196.352991680915
0.08590621573599999,4202.341561970003
0.08770926507599999,4208.330132259091
0.087451686594,4214.318702548179
0.089190341398,4220.3072727707
0.08886836828,4226.295843059789
0.08957670912000001,4232.284413348877
0.09202370472999999,4238.272983637966
0.09208809937,4244.26155389377
0.09305401871199999,4250.250124182859
0.09331159717599999,4256.2386944719465
0.09414872726199999,4262.227264761035
0.09215249405199999,4268.215835050123
0.09492146272799999,4274.204405339212
0.09447070040800001,4280.1929756283
0.09537222511000001,4286.181545917389
0.095629803588,4292.170116173193
0.09588738208400001,4298.158686462281
0.096016171332,4304.147256751369
0.09627374979799999,4310.135827040458
0.09633814445,4316.124397329546
0.09698209067399999,4322.112967618635
0.096595722932,4328.101537907723
0.096660117568,4334.090108196811
0.096531328332,4340.078678452615
0.097819220778,4346.067248741704
0.097110879934,4352.055819030792
0.09646693371599999,4358.044389319881
0.09601617137,4364.032959608969
0.096917696062,4370.021529898057
0.09543661978,4376.010100187145
0.096660117586,4381.998670476234
0.09653132837,4387.987240732038
0.096338144514,4393.975811021127
0.09543661979399999,4399.964381310215
0.09672451222600001,4405.952951599304
0.09678890686800001,4411.941521888391
0.09582298754400001,4417.93009217748
0.096595722986,4423.918662466568
0.096273749878,4429.907232689089
0.09691769609800001,4435.895802978178
0.095887382188,4441.884373267266
0.095822987554,4447.872943556355
0.097110879964,4453.861513812159
0.097175274542,4459.850084101247
0.09769043149000001,4465.838654390335
0.097239669164,4471.827224679424
0.097561642226,4477.815794968512
0.09685330142200001,4483.804365257601
0.096273749814,4489.792935546689
0.09575859281,4495.781505835777
0.095372225106,4501.770076091581
0.09421312190200001,4507.75864638067
0.09369796493000002,4513.747216669758
0.092345677874,4519.735786958847
0.09150854779999999,4525.724357247935
0.09086460157000001,4531.7129275370235
0.089769893004,4537.701497826111
0.08764487051200001,4543.690068081916
0.08700092430600001,4549.678638371004
0.08674334584,4555.667208660093
0.08642137271800002,4561.655778949181
0.085841821136,4567.64434923827
0.086163794252,4573.632919527357
0.085197874962,4579.621489816446
0.08448953411599999,4585.610060105534
0.083845587882,4591.598630361339
0.083201641674,4597.587200650427
0.08210693311,4603.575770939516
0.081784959988,4609.564341228604
0.08358800939199999,4615.552911517692
0.082750879364,4621.54148180678
0.0837811932762,4627.530052095869
0.0830728524586,4633.518622384957
0.0820425385002,4639.507192607478
0.082686484694,4645.495762896566
0.08345922015400001,4651.484333185655
0.08313724702479999,4657.4729034414595
0.08384558787400001,4663.461473730547
0.083781193212,4669.450044019636
0.085133480222,4675.438614308724
0.086872134978,4681.427184597813
0.08622818875199999,4687.415754886901
0.086550161866,4693.404325175989
0.085326664032,4699.392895465077
0.083974376948,4705.381465720882
0.084618323174,4711.37003600997
0.084425139318,4717.358606299059
0.08365240384199998,4723.347176588147
0.08191374905200001,4729.335746877236
0.083008457626,4735.324317166323
0.082106932878,4741.312887455411
0.08281527373200001,4747.3014577445
0.082235722156,4753.290028000305
0.081656170552,4759.278598289393
0.08133419743,4765.267168578482
0.08159177592800002,4771.25573886757
0.08094782970400001,4777.244309156658
0.08133419742600001,4783.232879445746
0.07933796414599999,4789.221449734834
0.079917515744,4795.210020023923
0.078758412566,4801.198590279728
0.078758412564,4807.187160568816
0.07875841255800001,4813.1757308579045
0.077985677104,4819.164301146992
0.07817886096,4825.152871436081
0.078114466344,4831.141441725169
0.076440206208,4837.130012014257
0.077148547032,4843.118582236778
0.073928815994,4849.107152525867
0.07425078911800001,4855.095722814955
0.075474286898,4861.084293104043
0.07399321061799999,4867.072863359848
0.073928816002,4873.061433648936
0.07483034070000001,4879.050003938024
0.073671237502,4885.038574227113
0.072705318184,4891.027144516201
0.073800026772,4897.0157148052895
0.073735632156,4903.004285094377
0.073928815994,4908.992855383466
0.07264092359799999,4914.981425639271
0.071996977398,4920.969995928359
0.07212576664599998,4926.958566217447
0.071353031202,4932.947136506536
0.07141742581800001,4938.935706795623
0.0705159011472,4944.924277084712
0.07115984736160001,4950.9128473738
0.0713530312476,4956.901417662889
0.0712886366272,4962.889987918694
0.07109545277399999,4968.878558207782
0.072576529077,4974.86712849687
0.072318950584,4980.855698785958
0.072512134463,4986.844269075046
0.0738000268842,4992.832839364135
0.075989443966,4998.821409653223
0.07553868159800001,5004.809979909028
0.075989443978,5010.798550198117
0.076440206308,5016.787120487204
0.07740612561600001,5022.775690776292
0.07940235888399999,5028.764261065381
0.08036827819799999,5034.752831354469
0.080175094328,5040.741401643558
0.081205408274,5046.729971932646
0.081269802928,5052.718542155167
0.08191374912,5058.7071124442555
0.08197814372800001,5064.695682733343
0.082879668412,5070.684253022432
0.082622089932,5076.672823278236
0.083588009278,5082.661393567325
0.083652403914,5088.649963856413
0.085326664044,5094.638534145502
0.08448953396400001,5100.6271044345895
0.085648637172,5106.615674723678
0.085391058672,5112.604245012766
0.085648637144,5118.592815301855
0.08796684354999999,5124.581385557659
0.08667895111599999,5130.569955846748
0.088160027374,5136.558526135836
0.08642137264199999,5142.547096424924
0.08841760587200001,5148.535666714012
0.08790244894,5154.524237003101
0.087516081214,5160.512807292189
0.08770926506200001,5166.501377547994
0.088417605856,5172.489947837082
0.08976989293599999,5178.4785181261705
0.09028504991600002,5184.467088415258
0.089383525206,5190.455658704347
0.088997157474,5196.444228993435
0.087516081178,5202.432799282524
0.088932762868,5208.421369571612
0.09009186603,5214.409939827417
0.08835321127599999,5220.398510116504
0.08912594673999999,5226.387080405593
0.088932762882,5232.375650694681
0.088868368242,5238.36422098377
0.08970549830800001,5244.352791272858
0.089319130602,5250.3413615619465
0.088546395142,5256.329931851034
0.089125946722,5262.3185020735555
0.089254735974,5268.307072362644
0.08822442205400001,5274.295642651732
0.088546395118,5280.284212907537
0.086872134964,5286.272783196625
0.086807740378,5292.261353485714
0.086356978014,5298.249923774802
0.087129713492,5304.23849406389
0.087065318868,5310.227064352978
0.086936529624,5316.215634642067
0.087451686586,5322.204204931155
0.088482000568,5328.19277518696
0.08738729200800001,5334.181345476048
0.08732289742199999,5340.1699157651365
0.086292583514,5346.158486054224
0.08584182118199998,5352.147056343313
0.085841821202,5358.135626632401
0.084811507298,5364.12419692149
0.08468271806000001,5370.112767210578
0.085262269704,5376.101337466383
0.084940296596,5382.08990775547
0.084875902084,5388.078478044559
0.084618323572,5394.067048333647
0.08429635049600001,5400.055618622736
0.08474711290999999,5406.044188911824
0.0862281892,5412.032759200913
0.08532666450599999,5418.02132949
0.08506908603599998,5424.009899745805
0.08674334621600002,5429.998470034893
0.086421373178,5435.987040323982
0.08828881720399999,5441.97561061307
0.08873957958,5447.964180902159
0.089834288174,5453.9527511912465
0.088932763494,5459.941321480335
0.08861079033000001,5465.929891702856
0.088675184988,5471.918461991944
0.090671418264,5477.907032281032
0.09189491606599999,5483.895602570121
0.09202370532399999,5489.884172825926
0.090156261318,5495.872743115014
0.091830521436,5501.8613134041025
0.09260325687399999,5507.84988369319
0.093697965396,5513.838453982279
0.09434191163000001,5519.827024271367
0.094084333174,5525.815594560455
0.09517904171199999,5531.804164849544
0.09479267394999999,5537.792735105349
0.09537222557200001,5543.7813053944365
0.09524343631,5549.769875683525
0.09640253949199999,5555.758445972613
0.096917696492,5561.747016261702
0.09627375021199999,5567.73558655079
0.09550101477199999,5573.724156839878
0.095822987912,5579.712727128966
0.094341911554,5585.701297384771
0.095758593194,5591.689867673859
0.095951777076,5597.678437962948
0.095436620114,5603.667008252036
0.09691769637799999,5609.655578541125
0.09595177703599998,5615.6441488302125
0.09620935551200001,5621.6327191193
0.096144960896,5627.621289375105
0.09537222541600002,5633.609859664194
0.09698209092000001,5639.598429953282
0.09633814467599999,5645.587000242371
0.096917696298,5651.575570531459
0.096660117798,5657.5641408205465
0.096917696256,5663.552711109635
0.096595723156,5669.541281398723
0.097432853242,5675.529851621244
0.09717527471000001,5681.518421910333
0.097626037044,5687.506992199421
0.09826998328599999,5693.49556248851
0.09852756179199999,5699.484132744314
0.098205588634,5705.4727030334025
0.09730406395,5711.46127332249
0.09833437789600001,5717.449843611579
0.09865635098,5723.438413900667
0.09949348106200001,5729.426984189756
0.099364691784,5735.415554478844
0.099815454104,5741.404124734649
0.099429086364,5747.392695023736
0.09987984870399999,5753.381265312825
0.10039500565,5759.369835601913
0.099879848626,5765.358405891002
0.101618503392,5771.34697618009
0.10206926575,5777.335546469179
0.101232135598,5783.324116758266
0.10116774096399998,5789.312687014071
0.103099579594,5795.301257303159
0.103807920422,5801.289827592248
0.102648817212,5807.278397881336
0.10322836880000001,5813.266968170425
0.102262449458,5819.2555384595125
0.10277760640800002,5825.244108748601
0.10316397412600001,5831.232679037689
0.101232135468,5837.221249293494
0.10194047631200001,5843.209819582582
0.10213366016999999,5849.198389871671
0.100652583862,5855.186960160759
0.101038951572,5861.175530449847
0.10290639560200002,5867.164100738935
0.10412989340799998,5873.152671028024
0.10451626114999998,5879.141241317112
0.10503141811800001,5885.129811539633
0.104838234236,5891.118381828722
0.106254915896,5897.10695211781
0.106448099776,5903.095522373615
0.106770072894,5909.0840926627025
0.10754280832600001,5915.072662951791
0.10870191151600002,5921.061233240879
0.10947464698,5927.049803529968
0.108637516892,5933.038373819056
0.11063375015400001,5939.026944108145
0.11089132862199999,5945.015514397232
0.111084512488,5951.004084653037
0.110891328628,5956.992654942125
0.11153527484199999,5962.981225231214
0.111342090978,5968.969795520302
0.111986037214,5974.958365809391
0.11108451248,5980.946936098479
0.11153527484400001,5986.935506387567
0.114175454318,5992.924076676655
0.11353150808600002,5998.91264693246
0.112887561878,6004.901217221548
0.11372469196200001,6010.889787510637
0.11372469196200001,6016.878357799725
0.11327392961800001,6022.866928088813
0.11443303278000001,6028.855498377901
0.11346711345800001,6034.84406866699
0.11346711345800001,6040.832638956078
0.11481940051999999,6046.821209211883
0.11494818972399998,6052.809779500971
0.115270162844,6058.79834979006
0.11501258430800002,6064.786920079147
0.113273929544,6070.775490368236
0.114497427364,6076.764060657324
0.11494818972399998,6082.752630946413
0.11501258432799999,6088.741201168934
0.11507697892799999,6094.729771458022
0.11327392952400002,6100.718341747111
0.114368638086,6106.706912036198
0.11539895205000002,6112.695482292003
0.115656530524,6118.684052581091
0.11366029722599999,6124.67262287018
0.11462621657999998,6130.661193159268
0.11462621657399999,6136.649763448357
0.11398227035200001,6142.638333737445
0.114239848852,6148.626904026533
0.115978503624,6154.615474315621
0.11488379505999999,6160.604044571426
0.114175454204,6166.592614860514
0.11507697891799999,6172.581185149603
0.11443303267800001,6178.569755438691
0.11552774125000001,6184.558325727779
0.11514137353199998,6190.546896016867
0.117266396038,6196.535466305956
0.11707321219,6202.52403656176
0.117202001438,6208.512606850849
0.11733079071400002,6214.501177139937
0.11848989387200001,6220.489747429026
0.11848989388799999,6226.478317718113
0.119391418624,6232.466888007202
0.120808100308,6238.45545829629
0.12158083575199999,6244.444028585379
0.12222478202799998,6250.432598841183
0.12222478199,6256.421169130272
0.12351267442999998,6262.4097394193595
0.12299751748400001,6268.398309708448
0.12396343681000002,6274.386879997536
0.12383464757,6280.375450286625
0.12312630670800002,6286.364020575713
0.122417965868,6292.352590864802
0.122804333624,6298.341161087322
0.12286872822799999,6304.329731376411
0.12434980453,6310.318301665498
0.12267554433200001,6316.306871921303
0.122224781972,6322.295442210392
0.12261114973000001,6328.28401249948
0.12158083578599999,6334.272582788569
0.12016415410200001,6340.261153077657
0.12055052184199999,6346.249723366745
0.11945581324200001,6352.238293655833
0.118683077742,6358.226863944921
0.11861868314400001,6364.215434200726
0.118683077784,6370.204004489815
0.11952020784799999,6376.192574778903
0.119262629348,6382.181145067992
0.11945581320599999,6388.169715357079
0.119584602432,6394.158285646167
0.119520207814,6400.146855935256
0.12003536478200001,6406.135426224344
0.119455813198,6412.123996480149
0.11906944544,6418.112566769238
0.11868307768600002,6424.101137058326
0.11681563366600001,6430.089707347414
0.117008817506,6436.078277636502
0.117137606748,6442.06684792559
0.114497427262,6448.055418214679
0.10883070048799999,6454.043988503767
0.112372404748,6460.032558759572
0.11127769614799998,6466.02112904866
0.11024738220800001,6472.009699337748
0.109410252128,6477.998269626837
0.109023884406,6483.986839915925
0.10863751667999999,6489.975410205013
0.10895948977799999,6495.963980494102
0.10741401886999999,6501.952550716623
0.10741401887799999,6507.941121005711
0.10619052104,6513.929691294799
0.10599733719800002,6519.918261583887
0.105546574862,6525.906831839692
0.105095812508,6531.89540212878
0.10425868244999999,6537.883972417869
0.10445186632199999,6543.872542706957
0.104645050198,6549.861112996045
0.104902628686,6555.849683285133
0.104387471708,6561.838253574222
0.103099579298,6567.82682386331
0.103807920116,6573.815394119115
0.10516020718399999,6579.803964408203
0.104194287872,6585.792534697292
0.10361473627199999,6591.781104986379
0.104709444862,6597.769675275468
0.102520027742,6603.758245564556
0.10316397396199999,6609.746815853645
0.10136092452799998,6615.735386142733
0.101618503022,6621.723956398538
0.10033061062200002,6627.7125266876255
0.10078137296600001,6633.701096976714
0.099493480568,6639.689667265802
0.09949348056,6645.678237554891
0.09923590207399999,6651.666807843979
0.099815453692,6657.655378133068
0.098913929006,6663.643948388873
0.09839877208200001,6669.63251867796
0.097948009736,6675.621088967048
0.098463166716,6681.609659256137
0.099751059148,6687.598229545225
0.097754825934,6693.586799834314
0.097883615228,6699.575370123402
0.09872074531399999,6705.56394041249
0.09897832381,6711.5525106350115
0.099171507724,6717.541080924099
0.09833437762000001,6723.529651213188
0.099557875494,6729.518221502276
0.10007303246200001,6735.506791758081
0.099557875534,6741.495362047169
0.09891392932599999,6747.483932336258
0.098463167002,6753.472502625345
0.098205588576,6759.461072914434
0.09884953481200001,6765.449643203522
0.100201821838,6771.438213492611
0.099300297192,6777.426783748415
0.099622270332,6783.415354037504
0.098913929528,6789.403924326592
0.099042718768,6795.39249461568
0.100845768198,6801.381064904768
0.09910711345,6807.369635193857
0.099235902694,6813.358205482945
0.099686665112,6819.346775772034
0.099493481238,6825.335346027838
0.09942908667199998,6831.323916316926
0.100201822156,6837.312486606014
0.10052379526199999,6843.301056895103
0.10161850384,6849.289627184191
0.101618503886,6855.27819747328
0.10206926626599999,6861.266767762368
0.10258442328999999,6867.255338051456
0.10367913187,6873.24390830726
0.10477384039399999,6879.232478596349
0.105868549004,6885.221048885437
0.1054821813,6891.209619174526
0.10696325755,6897.198189463614
0.106963257546,6903.1867597527025
0.109796620936,6909.17533004179
0.108895096264,6915.163900330879
0.11095572410199998,6921.1524705534
0.11147088107199998,6927.141040842488
0.113016352004,6933.129611131577
0.114690612154,6939.118181387381
0.11597850463599998,6945.10675167647
0.11700881860000001,6951.095321965558
0.118618684124,6957.083892254646
0.11771715939999998,6963.072462543734
0.11868307874199999,6969.061032832823
0.11900505183400001,6975.049603121911
0.11958460344399999,6981.038173411
0.12074370661,6987.026743666804
0.12113007431,6993.015313955892
0.12196720434200001,6999.00388424498
0.12377025377200002,7004.992454534069
0.12473617306599998,7010.981024823157
0.123641464442,7016.969595112246
0.12273993971800001,7022.958165401334
0.12344828057599999,7028.946735690422
0.12261115037200002,7034.935305946226
0.123319491182,7040.923876235315
0.12261115035599998,7046.912446524403
0.12196720404599999,7052.901016813492
0.12125886320799999,7058.88958710258
0.12055052238000001,7064.8781573916685
0.12183841474599999,7070.866727680756
0.11971339218999999,7076.855297969845
0.120486127676,7082.843868225649
0.120550522282,7088.832438514738
0.11932702441000001,7094.821008803826
0.11997097060999999,7100.809579092915
0.119648997514,7106.7981493820025
0.118811867358,7112.786719671091
0.11810352651799998,7118.775289960179
0.11803913190599999,7124.7638601827
0.118167921132,7130.752430471788
0.11752397491400002,7136.741000760877
0.11810352652,7142.729571049965
0.119842181328,7148.71814130577
0.118618683484,7154.7067115948585
0.118039131924,7160.695281883946
0.11906944586399999,7166.683852173035
0.119198235052,7172.672422462123
0.119842181284,7178.660992751211
0.11926262965999998,7184.6495630403
0.11919823504,7190.6381333293875
0.119906575862,7196.626703585192
0.12042173283999999,7202.615273874281
0.12254675534599999,7208.603844163369
0.12196720374400001,7214.592414452458
0.12177401990400001,7220.580984741546
0.123834647786,7226.569555030634
0.123512674654,7232.558125319722
0.125702091794,7238.546695575527
0.126281643342,7244.535265864615
0.126796800344,7250.523836153704
0.126861194946,7256.512406442792
0.126861194894,7262.500976731881
0.12847106045,7268.4895470209685
0.12956576901599998,7274.478117310056
0.129115006644,7280.466687599145
0.129565768978,7286.45525785495
0.131755186146,7292.443828144038
0.13227034310000002,7298.432398433127
0.132077159226,7304.420968722215
0.13394460327399998,7310.409539011303
0.134137787136,7316.398109300391
0.135812047334,7322.386679589479
0.13671357201800002,7328.375249878568
0.13767949136,7334.363820101089
0.138581016086,7340.352390390177
0.141349984864,7346.340960679266
0.141156800972,7352.329530935071
0.140899222498,7358.318101224158
0.14218711494600003,7364.306671513246
0.14276666652999997,7370.295241802335
0.14283106112399999,7376.283812091423
0.143668191256,7382.272382380512
0.144698505216,7388.2609526696
0.14540684602600001,7394.249522958688
0.14527805680599998,7400.238093214493
0.14611518688,7406.226663503581
0.14701671160000002,7412.215233792669
0.14727429005999998,7418.203804081758
0.1487553664,7424.192374370846
0.14920612872,7430.1809446599345
0.14959249648,7436.169514949022
0.15010765346000002,7442.158085238111
0.1502364427,7448.146655493915
0.15107357280000003,7454.135225783004
0.15191070286000002,7460.123796072092
0.15152433516000002,7466.112366361181
0.15287662222,7472.1009366502685
0.15319859534,7478.089506939357
0.1540357254,7484.078077228445
0.154615277,7490.066647517534
0.15422890928,7496.055217773338
0.15422890928,7502.043788062427
0.15384254154,7508.032358351515
0.1531985953,7514.020928640603
0.15429330389999998,7520.009498929691
0.15339177916,7525.99806921878
0.1537137523,7531.986639507868
0.15603195874,7537.975209796957
0.15719106196000002,7543.963780019478
0.15828577053999998,7549.952350308566
0.1580925867,7555.940920597654
0.1586721383,7561.929490853458
0.16086155549999998,7567.918061142547
0.16202065872,7573.906631431635
0.16337294582,7579.895201720724
0.16427447056,7585.883772009812
0.1654335738,7591.872342298901
0.16762299098,7597.860912587988
0.16852451572,7603.849482877077
0.17019877592,7609.838053132881
0.17026317054,7615.82662342197
0.17019877594,7621.815193711058
0.17290335014000002,7627.803764000147
0.17264577166,7633.7923342892345
0.17322532328,7639.780904578323
0.1739336641,7645.769474867411
0.17502837274,7651.7580451565
0.17470639963999998,7657.746615412304
0.17393366414,7663.735185701393
0.17522155664,7669.723755990481
0.17547913512,7675.712326279569
0.17586550291999997,7681.700896568657
0.17631626532,7687.689466857746
0.17612308146000002,7693.678037146834
0.17612308147999997,7699.666607402639
0.1739980589,7705.655177691727
0.17483518906,7711.6437479808155
0.17451321596,7717.632318269903
0.17419124285999998,7723.620888558992
0.17489958378,7729.60945884808
0.17464200530000001,7735.598029137169
0.17522155690000002,7741.586599426257
0.17412684837999998,7747.575169648778
0.17316092904,7753.563739937867
0.17386926992,7759.552310226954
0.17251698286,7765.540880516043
0.17316092906,7771.529450771847
0.17290335061999998,7777.518021060936
0.17129348498000002,7783.506591350024
0.17103590655999998,7789.495161639113
0.17193743132,7795.4837319282005
0.17251698294,7801.472302217289
0.17225940444,7807.460872506377
0.1712934851,7813.449442762182
0.17006998724,7819.43801305127
0.16884648938,7825.426583340359
0.167558596946,7831.415153629447
0.16717222919000002,7837.403723918535
0.16588433673599998,7843.392294207623
0.165304785116,7849.380864496712
0.16324415712200002,7855.3694347858
0.15931608501199998,7861.358005041605
0.16092595068200002,7867.346575330693
0.160475188306,7873.3351456197815
0.16041079368,7879.323715908869
0.158543349632,7885.312286197958
0.15841456034,7891.300856487046
0.15680469473999997,7897.289426776135
0.15596756464,7903.277997065223
0.15467967216,7909.266567321028
0.15448648828,7915.2551376101155
0.15377814738,7921.243707899204
0.15345617426,7927.232278188292
0.15145994094,7933.220848477381
0.15107357318,7939.209418766469
0.15075160006000002,7945.197989055558
0.14959249681999998,7951.1865593446455
0.14817581508,7957.175129567167
