Average lockin_signal,Ion velocity
0.062144600166,-332.4920162951771
0.05821652830599999,-326.5034459728052
0.05705742514000001,-320.5148757170005
0.057121819768,-314.5263053946286
0.057379398242,-308.5377351388239
0.057121819767999994,-302.549164816452
0.055769532732000006,-296.5605945606473
0.054352851092,-290.57202430484267
0.054546034954,-284.5834539824707
0.054030877986,-278.59488372666607
0.05467482418400001,-272.6063134708614
0.054674824174000006,-266.61774321505675
0.05409527259600001,-260.6291728926848
0.05345132639199999,-254.64060263688015
0.053708904871999995,-248.6520323145082
0.053258142528,-242.66346205870354
0.053773299488000005,-236.6748917363316
0.053451326391999995,-230.68632148052694
0.053966483344000005,-224.69775122472228
0.05461042955400001,-218.70918090235034
0.054417245696000004,-212.72061064654568
0.054996797273999996,-206.73204032417374
0.05396648335399999,-200.74347006836908
0.05461042954399999,-194.75489974599714
0.055318770389999994,-188.76632949019248
0.055061191903999995,-182.77775923438784
0.055640743488,-176.78918891201587
0.054674824202000004,-170.80061865621124
0.05538316502,-164.81204833383927
0.05667105743800001,-158.82347807803464
0.056349084327999996,-152.83490775566267
0.058023344464,-146.84633749985804
0.05873168528999999,-140.85776717748607
0.057958949858,-134.86919692168144
0.058602896067999996,-128.88062666587678
0.060083972346000006,-122.89205634350482
0.058860474552,-116.90348608770017
0.062015810972000006,-110.91491576532822
0.06188702172999999,-104.92634550952357
0.063818860354,-98.93777518715162
0.063496887248,-92.94920493134697
0.065171147402,-86.96063467554231
0.06639464519800001,-80.97206435317037
0.067682537598,-74.9834940973657
0.069034824658,-68.99492384156106
0.06993634933599999,-63.00635358575641
0.07109545251800001,-57.01778326338445
0.07283410727,-51.0292130075798
0.075603075986,-45.04064268520785
0.076311416806,-39.0520724294032
0.077985676966,-33.06350210703125
0.079337964004,-27.074931851226598
0.08017509408,-21.086361595421945
0.081913748844,-15.097791273049994
0.08358800900800001,-9.109221017245343
0.084167560594,-3.120650694873392
0.08558424226,2.86791956093126
0.08738729165,8.856489850019562
0.09015626036999999,14.845060139107863
0.091057785064,20.833630428196162
0.092345677492,26.822200717284467
0.09337599143799999,32.81077100637277
0.094019937658,38.79934129546107
0.0946638839,44.78791158454937
0.097175274102,50.77648184035402
0.097368457978,56.765052129442324
0.098591955808,62.753622418530625
0.099493480504,68.74219270761893
0.102262449236,74.73076299670723
0.10161850300799999,80.71933328579553
0.10458065560400001,86.70790357488383
0.10503141793199999,92.69647386397213
0.106834467362,98.68504411977678
0.10670567813000001,104.67361440886508
0.107607202836,110.66218469795338
0.108959489868,116.65075498704168
0.110311776936,122.63932527612998
0.11050496080199998,128.6278955652183
0.11069814464799999,134.6164658543066
0.112694377958,140.6050360768276
0.112308010198,146.5936063659159
0.113660297288,152.5821766550042
0.11269437792399999,158.5707469440925
0.113660297266,164.55931719989715
0.115270162792,170.54788748898545
0.115463346684,176.53645777807375
0.116751239092,182.52502806716205
0.11771715843200001,188.51359835625036
0.117459579938,194.50216864533866
0.11842549927399999,200.49073893442696
0.118489893854,206.47930922351526
0.119455813194,212.46787947931992
0.118747472344,218.45644976840822
0.11971339169200002,224.44502005749652
0.118425499254,230.43359034658482
0.11952020782000002,236.42216063567312
0.119198234724,242.41073092476142
0.119777786318,248.39930121384972
0.119005050872,254.38787146965436
0.12074370563400001,260.37644175874266
0.120872494892,266.365012047831
0.12087249489,272.35358233691926
0.119906575546,278.3421526260076
0.12035733788999999,284.33072291509586
0.12080810027,290.3192932041842
0.11997097017,296.30786349327246
0.12055052174799999,302.29643374907715
0.120679311004,308.2850040381654
0.11964899704000001,314.27357432725375
0.119713391664,320.262144616342
0.11984218092000001,326.25071490543036
0.11906944544,332.23928519451863
0.119133840076,338.22785548360696
0.117588369152,344.21642570612795
0.11913384005800001,350.2049959952162
0.118940656216,356.19356628430455
0.118940656234,362.1821365733928
0.11952020777999998,368.17070686248115
0.11829670999,374.1592771182858
0.118425499254,380.1478474073741
0.118876261596,386.1364176964624
0.11958460243799998,392.1249879855507
0.118940656216,398.113558274639
0.119069445456,404.1021285637273
0.11778155303599999,410.0906988528156
0.117652763778,416.0792691086203
0.118167920776,422.06783939770855
0.118618683134,428.0564096867969
0.119391418568,434.04497997588516
0.11823231538800001,440.0335502649735
0.119906575548,446.02212055406176
0.119262629332,452.0106908431501
0.11919823472999999,457.99926113223836
0.11926262933399998,463.987831388043
0.119455813228,469.9764016771313
0.117266396048,475.96497196621965
0.11881186697600002,481.9535422553079
0.11688002831199999,487.94211254439625
0.11700881753600001,493.9306828334845
0.116815633678,499.91925312257285
0.11630047669799999,505.9078234116611
0.115527741222,511.89639366746576
0.114433032672,517.8849639565541
0.114690611164,523.8735342456424
0.11327392945999999,529.8621045347306
0.11346711335,535.850674823819
0.112565588626,541.8392451129073
0.11217922090000002,547.8278154019956
0.112308010138,553.8163856245166
0.11288756175600001,559.8049559136049
0.113338324098,565.7935262026932
0.112629983276,571.7820964917815
0.111148906952,577.7706667475861
0.11275877252,583.7592370366744
0.11159966931200001,589.7478073257628
0.112823167146,595.7363776148511
0.1121148263,601.7249479039393
0.111020117746,607.7135181930277
0.11127769619999998,613.702088482116
0.112114826308,619.6906587712043
0.11044056611,625.6792290270089
0.111921642412,631.6677993160972
0.110955723074,637.6563696051855
0.109603436004,643.6449398942738
0.10844433280799999,649.6335101833621
0.109796619858,655.6220804724504
0.11031177681599999,661.6106507615387
0.108766305876,667.599221050627
0.11031177681200002,673.5877913064317
0.108959489748,679.57636159552
0.10883070049200001,685.5649318846083
0.107735991902,691.5535021736965
0.10792917577800001,697.5420724627849
0.10664128333600001,703.5306427518732
0.10619052097600001,709.5192130409615
0.106254915606,715.5077832967661
0.10438747156000001,721.4963535858544
0.10503141779200001,727.4849238749428
0.104387471566,733.4734941640311
0.10367913072999999,739.4620644531193
0.101940475952,745.4506347422076
0.10290639528600001,751.439205031296
0.10271321138600001,757.4277752538169
0.100716978154,763.4163455429052
0.10155410820800001,769.4049158319935
0.10258442216400002,775.3934861210819
0.101232135094,781.3820564101701
0.10155410823199999,787.3706266659748
0.100395005034,793.3591969550631
0.100652583534,799.3477672441514
0.100137426552,805.3363375332397
0.099429085736,811.324907822328
0.09910711262199999,817.3134781114163
0.09981545344199999,823.3020484005046
0.09878513952199999,829.2906186895929
0.09807679866800001,835.2791889453976
0.098205587924,841.2677592344859
0.09717527396,847.2563295235742
0.097561641688,853.2448998126624
0.096788906236,859.2334701017508
0.097110879306,865.2220403908391
0.09698209007799999,871.2106106799274
0.094921462182,877.199180935732
0.095694197654,883.1877512248203
0.094084332096,889.1763215139086
0.09427751597,895.164891802997
0.092667650426,901.1534620920852
0.09382675361800001,907.1420323811735
0.09369796435800001,913.1306026702619
0.09389114823000001,919.1191729593502
0.09176612571000001,925.1077432151548
0.09189491494999999,931.0963135042431
0.09092899564,937.0848837933314
0.090027470942,943.0734540824196
0.09015626016600001,949.062024371508
0.091186574132,955.0505946605963
0.09060702251,961.0391649496846
0.089383524716,967.0277351722056
0.08983428705999999,973.0163054612939
0.089963076304,979.0048757503822
0.08867518388,984.9934460394705
0.088224421534,990.9820162952751
0.08809563229199999,996.9705865843634
0.08680773985600002,1002.9591568734518
0.08558424206000001,1008.9477271625401
0.083716798048,1014.9362974516283
0.083201641078,1020.9248677407166
0.082750878728,1026.9134380298049
0.08268648411599999,1032.9020083188932
0.08230011637999998,1038.8905785746979
0.081656170178,1044.8791488637862
0.079595542302,1050.8677191528745
0.08017509389199999,1056.8562894419629
0.079209174578,1062.8448597310512
0.07940235844400001,1068.8334300201393
0.07792128216000001,1074.8220003092276
0.077728098304,1080.810570598316
0.07631141663999999,1086.7991408541207
0.07457276188999999,1092.787711143209
0.075087918852,1098.7762814322973
0.07219016092,1104.7648517213856
0.072962896376,1110.753422010474
0.07360684258399999,1116.741992299562
0.07103105775999999,1122.7305625886504
0.070129533086,1128.7191328777387
0.06942119224599999,1134.7077031335434
0.067553748248,1140.6962734226317
0.06755374826800001,1146.68484371172
0.067489353652,1152.6734140008084
0.065943882762,1158.6619842898967
0.065621909668,1164.6505545789848
0.065557515058,1170.6391248680732
0.060599129242000005,1176.6276950905942
0.064012044176,1182.6162653796825
0.062337784054,1188.6048356687709
0.058602896056,1194.5934059578592
0.05944002616999999,1200.581976213664
0.059633210013999995,1206.570546502752
0.05737939831199999,1212.5591167918403
0.056735452108,1218.5476870809287
0.05737939833,1224.536257370017
0.05544755974,1230.5248276591053
0.05602711132,1236.5133979481936
0.054481640442000004,1242.501968237282
0.053902088853999996,1248.4905384930867
0.0540308781,1254.4791087821748
0.053644510376,1260.467679071263
0.052292223356,1266.4562493603514
0.052034644884199996,1272.4448196494398
0.05242101260200001,1278.433389938528
0.051326304068000005,1284.4219602276164
0.053000564196,1290.4105305167047
0.052099039504,1296.3991007725094
0.050617963238,1302.3876710615975
0.05177706639199999,1308.3762413506859
0.05151948794000001,1314.3648116397742
0.051648277178,1320.3533819288625
0.049587649318000006,1326.3419522179508
0.050617963252,1332.3305225070392
0.051068725599999996,1338.3190927628439
0.049072492364,1344.307663051932
0.049201281618000005,1350.2962333410203
0.049587649334000006,1356.2848036301086
0.049458860094,1362.273373919197
0.049201281616,1368.2619442082853
0.0485573354162,1374.2505144973736
0.049394465444,1380.2390847198947
0.04900809775,1386.227655008983
0.049780833185,1392.216225298071
0.049780833168,1398.2047955871594
0.0490724923534,1404.1933658762478
0.0490080977322,1410.1819361320524
0.049587649314000004,1416.1705064211408
0.048557335399,1422.159076710229
0.0485573353882,1428.1476469993174
0.048879308485999994,1434.1362172884058
0.049845227782,1440.1247875774939
0.047655810682,1446.1133578665822
0.049265676176,1452.1019281223869
0.048170967636000005,1458.0904984114752
0.048879308456000005,1464.0790687005635
0.048686124588,1470.0676389896519
0.049008097678,1476.0562092787402
0.049394465422,1482.0447795678283
0.050102806246,1488.0333498569166
0.049394465414,1494.021920146005
0.049974017009999996,1500.0104904018096
0.050939936314,1505.999060690898
0.052678591066,1511.9876309799863
0.052099039464000005,1517.9762012690746
0.052936169536,1523.964771558163
0.054868008144,1529.953341847251
0.054996797394,1535.9419121363394
0.05499679737799999,1541.9304824254277
0.057894555296,1547.9190526812324
0.057958949914,1553.9076229703207
0.05937563154599999,1559.896193259409
0.061178680927999995,1565.8847635484974
0.061565048648,1571.8733338375857
0.063174914148,1577.8619041266738
0.063174914156,1583.8504744157622
0.063625676474,1589.8390446382832
0.06349688721999999,1595.8276149273715
0.063046124872,1601.8161852164599
0.064012044178,1607.8047555055482
0.064205228044,1613.793325761353
0.065943882782,1619.781896050441
0.06613706663999999,1625.7704663395293
0.06407643878,1631.7590366286177
0.066459039732,1637.747606917706
0.06594388277600001,1643.7361772067943
0.065428725792,1649.7247474958826
0.06613706661400001,1655.713317784971
0.06710298593799999,1661.7018880407757
0.067360564408,1667.6904583298638
0.066716618208,1673.679028618952
0.068068905238,1679.6675989080404
0.067682537518,1685.6561691971287
0.068584062204,1691.644739486217
0.069034824546,1697.6333097753054
0.068197694488,1703.6218800643937
0.069549981514,1709.6104503201984
0.069549981518,1715.5990206092865
0.067875721386,1721.5875908983749
0.068068905242,1727.5761611874632
0.068648456842,1733.5647314765515
0.067682537536,1739.5533017656398
0.06671661822200001,1745.5418720547282
0.067682537566,1751.5304423438165
0.06806890527000001,1757.519012599621
0.067489353688,1763.5075828887093
0.066781012882,1769.4961531777976
0.066909802142,1775.484723466886
0.06794011606799999,1781.4732937559743
0.06993634933199999,1787.4618640450626
0.069163613872,1793.450434334151
0.07103105790200001,1799.439004556672
0.070387111704,1805.42757484576
0.071224241762,1811.4161451348484
0.071868187988,1817.4047154239368
0.072512134202,1823.3932856797414
0.072834107328,1829.3818559688298
0.072769712726,1835.370426257918
0.07405760513399999,1841.3589965470064
0.07457276212400002,1847.3475668360948
0.07412199978,1853.3361371251829
0.075603076072,1859.3247074142712
0.075989443822,1865.3132777033595
0.076311416952,1871.3018479591642
0.075603076126,1877.2904182482525
0.07817886097,1883.2789885373409
0.075989443874,1889.2675588264292
0.07785688788999999,1895.2561291155175
0.076955363238,1901.2446994046056
0.07721294168200002,1907.233269693694
0.078629623386,1913.2218399494986
0.07882280722999999,1919.210410238587
0.078758412684,1925.1989805276753
0.07933796425,1931.1875508167636
0.078758412672,1937.176121105852
0.08004630512399999,1943.16469139494
0.081462986734,1949.1532616840284
0.08036827823279999,1955.1418319731167
0.08114101367899998,1961.1304022289214
0.08107661903800001,1967.1189725180097
0.0808834351862,1973.107542807098
0.082171327571,1979.0961130961864
0.08345922003799999,1985.0846833852747
0.0843607447412,1991.0732536743628
0.08442513933859999,1997.0618239634512
0.0844895339698,2003.0503941859722
0.0863569779802,2009.0389644750605
0.08661455648779999,2015.0275347641489
0.08725850266940001,2021.0161050532372
0.08861078970099999,2027.0046753090419
0.0891903413332,2032.99324559813
0.091572942266,2038.9818158872183
0.092216888488,2044.9703861763066
0.09363357012,2050.958956465395
0.094148727116,2056.947526754483
0.09492146255600001,2062.9360970435714
0.095565408742,2068.9246673326597
0.096402538844,2074.9132375884647
0.09736845813600001,2080.901807877553
0.096917695776,2086.8903781666413
0.09897832363399998,2092.8789484557296
0.100008637548,2098.867518744818
0.10129653000799999,2104.856089033906
0.102326843924,2110.844659322994
0.10245563314200001,2116.8332296120825
0.10142531918,2122.8217998678874
0.10355034167800001,2128.8103701569758
0.10528899645799998,2134.798940446064
0.10406549861600001,2140.7875107351524
0.10470944487799998,2146.7760810242407
0.104516261016,2152.7646513133286
0.104451866442,2158.753221602417
0.105610969536,2164.7417918915053
0.10677007273599999,2170.73036214731
0.10644809959600002,2176.7189324363985
0.10689886199599999,2182.707502725487
0.107220835076,2188.696073014575
0.107800386676,2194.6846433036635
0.106319310356,2200.6732135927514
0.107993570538,2206.6617838818397
0.107671597378,2212.6503541043608
0.10754280812000001,2218.638924393449
0.10812235972200002,2224.6274946825374
0.107800386582,2230.6160649716257
0.10863751668399999,2236.6046352274307
0.107993570464,2242.5932055165185
0.108508727426,2248.581775805607
0.10857312205,2254.570346094695
0.10921706823200002,2260.5589163837835
0.108251148916,2266.547486672872
0.107929175816,2272.53605696196
0.10844433276200001,2278.5246272510485
0.10870191122999999,2284.5131975068534
0.107993570412,2290.5017677959413
0.10728522955599999,2296.4903380850296
0.10741401877800001,2302.478908374118
0.10631931020400001,2308.4674786632063
0.10612612635,2314.4560489522946
0.106641283306,2320.444619241383
0.10689886180399999,2326.4331895304713
0.105739758604,2332.4217597862757
0.104838233916,2338.410330075364
0.104129893052,2344.3989003644524
0.10355034146799999,2350.3874706535407
0.10316397372399999,2356.376040942629
0.10219805440599998,2362.3646112317174
0.10271321137600001,2368.3531815208057
0.102133659782,2374.3417517766106
0.102713211368,2380.3303220656985
0.10123213507199999,2386.318892354787
0.100716978094,2392.307462643875
0.101232135068,2398.2960329329635
0.100974556556,2404.284603222052
0.10136092429199998,2410.27317351114
0.10168289741,2416.2617438002285
0.102198054408,2422.2503140227495
0.102713211342,2428.238884311838
0.10264881672399999,2434.227454600926
0.102713211342,2440.2160248900145
0.10258442212600001,2446.204595145819
0.102069265168,2452.1931654349073
0.10425868227599999,2458.1817357239956
0.10458065538599999,2464.170306013084
0.104838233874,2470.1588763021723
0.10689886177199999,2476.1474465912606
0.106834467148,2482.136016880349
0.106576888648,2488.1245871361534
0.10722083488599998,2494.1131574252418
0.10812235957,2500.10172771433
0.107027650996,2506.0902980034184
0.10767159724,2512.0788682925067
0.108122359544,2518.067438581595
0.10941025203400001,2524.0560088706834
0.10928146276999999,2530.0445791597717
0.109539041232,2536.033149415576
0.10870191117000001,2542.0217197046645
0.10921706813999998,2548.010289993753
0.108830700426,2553.998860282841
0.10915267350999999,2559.9874305719295
0.106898861772,2565.976000861018
0.10677007248599998,2571.964571150106
0.1073496241,2577.9531414391945
0.10625491555000002,2583.941711694999
0.105997337048,2589.9302819840873
0.104709444634,2595.9188522731756
0.10400110378999998,2601.907422562264
0.10419428765000001,2607.8959928513523
0.10284200060200002,2613.8845631404406
0.10297078983399999,2619.873133429529
0.10155410816199999,2625.86170365205
0.10116774043399998,2631.8502739411383
0.09756164161200001,2637.8388442302266
0.097626036254,2643.827414519315
0.09794800935,2649.8159847751194
0.09698209003,2655.8045550642078
0.096402538422,2661.793125353296
0.095307829868,2667.7816956423844
0.094728278268,2673.7702659314727
0.09389114820200001,2679.758836220561
0.09382675357,2685.7474065096494
0.09369796434,2691.7359767987377
0.093633569706,2697.724547054542
0.093697964346,2703.7131173436305
0.094148726696,2709.701687632719
0.09472827827399999,2715.690257921807
0.093375991242,2721.6788282108955
0.09305401813599999,2727.667398499984
0.09389114820399999,2733.655968789072
0.09356917511400001,2739.6445390781605
0.093311596626,2745.633109333965
0.092796439652,2751.6216796230533
0.091186574118,2757.6102499121416
0.09047823326200001,2763.59882020123
0.08931913009200002,2769.5873904903183
0.08957670858,2775.5759607794066
0.08938352474199998,2781.564531068495
0.088288816176,2787.5531013575833
0.087000923756,2793.5416716133877
0.085262268986,2799.530241902476
0.08564863671,2805.5188121915644
0.08365240347,2811.5073824806527
0.082428905684,2817.495952769741
0.082171327186,2823.4845230588294
0.08159177560799999,2829.4730933479177
0.080754645528,2835.4616635704388
0.08004630469999999,2841.4502338595266
0.07850083380999999,2847.438804148615
0.07759930910999999,2853.4273744377033
0.077663703736,2859.415944693508
0.076182627468,2865.4045149825965
0.07463715654599999,2871.393085271685
0.073284869516,2877.381655560773
0.07264092331000001,2883.370225849861
0.07276971255399999,2889.3587961389494
0.070451506202,2895.3473664280377
0.07019392773,2901.335936717126
0.070451506208,2907.324506972931
0.069228008418,2913.3130772620193
0.067746932138,2919.3016475511076
0.06568630427399999,2925.290217840196
0.06497796347,2931.278788129284
0.064269622624,2937.267358418372
0.06452720111600001,2943.2559287074605
0.06465599035200001,2949.2444989632654
0.06433401724000001,2955.2330692523537
0.06265975711199999,2961.221639541442
0.063690071028,2967.2102098305304
0.06214460013400001,2973.1987801196187
0.061371864698,2979.1873504087066
0.06059912925000001,2985.175920697795
0.05937563147,2991.1644909868833
0.05918244759,2997.153061242688
0.057894555179999994,3003.1416315317765
0.058152133656000006,3009.130201820865
0.057443792832,3015.118772109953
0.057830160564,3021.1073423990415
0.057443792821999996,3027.0959126881294
0.057057425102,3033.0844829772177
0.055383164974,3039.073053266306
0.056349084265999994,3045.061623488827
0.054352851045999996,3051.0501937779154
0.053000564022,3057.0387640670037
0.052549801676,3063.0273343228087
0.052099039330000006,3069.0159046118965
0.050617963058,3075.004474900985
0.05081114692599999,3080.993045190073
0.048557335215999996,3086.9816154791615
0.048106572878,3092.97018576825
0.046239128893999996,3098.958756057338
0.045530788063999995,3104.9473263464265
0.04404971179599999,3110.9358966022314
0.04347016022,3116.9244668913193
0.04276181939800001,3122.9130371804076
0.04012163998,3128.901607469496
0.041280743137999995,3134.8901777585843
0.040057245357999996,3140.8787480476726
0.03806101214,3146.867318336761
0.039091326058,3152.8558886258493
0.038382985243999995,3158.8444588816537
0.036966303606,3164.833029170742
0.037739039046,3170.8215994598304
0.037417065944,3176.8101697489187
0.037610249806,3182.798740038007
0.036837514362,3188.7873103270954
0.03677311975,3194.7758806161837
0.037545855182,3200.764450905272
0.037223882084,3206.7530211610765
0.036966303604,3212.741591450165
0.037867828283999996,3218.730161739253
0.038254196001999995,3224.7187320283415
0.03818980138,3230.70730231743
0.038576169098000004,3236.695872606518
0.038833747579999994,3242.6844428956065
0.038189801378,3248.6730131181275
0.037932222902000004,3254.661583407216
0.037996617518,3260.650153696304
0.037739039042,3266.6387239853925
0.037803433662,3272.627294241197
0.038318590624,3278.6158645302853
0.037610249806,3284.6044348193736
0.039026931448,3290.593005108462
0.038511774488,3296.5815753975503
0.03992845613,3302.5701456866386
0.040443613090000004,3308.558715975727
0.040701191574,3314.5472862648153
0.04231105707200001,3320.5358565206197
0.043276976374000006,3326.524426809708
0.043985317196,3332.5129970987964
0.046045945044,3338.5015673878847
0.046110339666,3344.490137676973
0.046432312772,3350.4787079660614
0.04623912890799999,3356.4672782551497
0.047784599797999996,3362.455848544238
0.048235362143999996,3368.4444188000425
0.04836415139,3374.432989089131
0.050167200755999994,3380.421559378219
0.05151948778399999,3386.4101296673075
0.05119751469,3392.398699956396
0.052742985574,3398.387270245484
0.053386931786,3404.3758405345725
0.05557634888600001,3410.364410790377
0.056284689710000016,3416.3529810794653
0.056928635917999994,3422.3415513685536
0.057121819793999995,3428.330121657642
0.059955183082000006,3434.3186919467303
0.060019577718,3440.3072622358186
0.062273389438,3446.295832524907
0.06330370336600001,3452.2844028139953
0.06484917426799999,3458.2729730365163
0.065171147372,3464.2615433256046
0.06729616984799999,3470.250113614693
0.06845527302200001,3476.2386839037813
0.069099219234,3482.2272541595858
0.071095452454,3488.215824448674
0.072447739498,3494.2043947377624
0.07289850184999999,3500.1929650268507
0.074701551202,3506.181535315939
0.07540989205000001,3512.1701056050274
0.076311416734,3518.1586758941157
0.076633389842,3524.147246183204
0.077728098384,3530.1358164390085
0.07785688762599999,3536.124386728097
0.0808190402,3542.112957017185
0.079273569288,3548.1015273062735
0.079788726234,3554.090097595362
0.08088343482399998,3560.07866788445
0.0799819101,3566.0672381735385
0.08004630472600001,3572.055808429343
0.08062585630799998,3578.0443787184313
0.08120540792400001,3584.0329490075196
0.08133419714,3590.021519296608
0.08217132720800001,3596.0100895856963
0.082686484172,3601.9986598747846
0.082622089552,3607.987230163873
0.08378119272199999,3613.9758004529613
0.08423195508600001,3619.9643707087657
0.08532666364600001,3625.952940997854
0.08597060986,3631.9415112869424
0.08564863675199999,3637.9300815760307
0.08719410766600001,3643.918651865119
0.08770926461600001,3649.9072221542074
0.08732289689199998,3655.8957924432957
0.086872134532,3661.8843626658168
0.08777365923799998,3667.8729329549046
0.087516080742,3673.861503243993
0.08655016143399999,3679.8500735330813
0.088803973156,3685.838643788886
0.08796684308,3691.8272140779745
0.08809563232199999,3697.815784367063
0.089963076356,3703.804354656151
0.08919034089,3709.7929249452395
0.088224421576,3715.7814952343274
0.088997157032,3721.7700655234157
0.089576708604,3727.758635812504
0.089190340876,3733.747206068309
0.087966843104,3739.7357763573973
0.089898681726,3745.7243466464856
0.089641103232,3751.712916935574
0.089705497876,3757.701487224662
0.08957670862199998,3763.69005751375
0.08931913015199999,3769.6786278028385
0.088997157052,3775.667198091927
0.08835321083200001,3781.6557683477317
0.08899715705000001,3787.64433863682
0.090091865616,3793.6329089259084
0.088610789326,3799.6214792149967
0.08861078933199999,3805.6100495040846
0.08906155166400001,3811.598619793173
0.08951231404,3817.5871900822613
0.088739578558,3823.5757603713496
0.08931913016000001,3829.5643306271545
0.087387291522,3835.552900916243
0.08854639471,3841.541471205331
0.08835321083400001,3847.5300414944195
0.088610789326,3853.5186117835074
0.087966843106,3859.5071820725957
0.086228188342,3865.495752361684
0.086356977584,3871.484322584205
0.086421372216,3877.4728928732934
0.08526226904,3883.4614631623817
0.085777426006,3889.45003345147
0.084553928206,3895.4386037072745
0.08403877123999999,3901.427173996363
0.083716798136,3907.415744285451
0.083459219646,3913.4043145745395
0.08358800888600001,3919.392884863628
0.082428905696,3925.381455152716
0.082879668042,3931.3700254418045
0.08300845727799999,3937.358595730893
0.081076618644,3943.3471659866973
0.08120540789,3949.3357362757856
0.08056146168,3955.324306564874
0.07985312085999999,3961.3128768539623
0.08004630471799999,3967.3014471430506
0.07965993698,3973.290017432139
0.07830764995999999,3979.2785877212273
0.07843643918599999,3985.2671580103156
0.076568995192,3991.25572826612
0.075474286636,3997.2442985552084
0.074830340436,4003.2328688442967
0.073349264166,4009.221439133385
0.07264092333,4015.2100094224734
0.070580295476,4021.1985797115617
0.07045150621799999,4027.18715000065
0.069099219184,4033.1757202564545
0.06864845682199999,4039.164290545543
0.06832648372200001,4045.152860834631
0.066459039738,4051.1414311237195
0.06581509351,4057.130001412808
0.06356128179599999,4063.118571701896
0.062917335572,4069.1071419909845
0.062273389373999996,4075.095712280073
0.062530967854,4081.084282502594
0.06169383777799999,4087.072852791682
0.06021276149999999,4093.0614230807705
0.059890788396,4099.049993369858
0.058860474458,4105.038563625663
0.059182447564000006,4111.027133914752
0.058152133634,4117.01570420384
0.057315003562,4123.004274492929
0.05602711115000001,4128.992844782017
0.056413478874,4134.9814150711045
0.057186214310000004,4140.969985360193
0.05667105734800001,4146.958555615998
0.056349084244,4152.947125905086
0.05454603487199999,4158.935696194175
0.055447559558,4164.924266483263
0.054224061776,4170.912836772351
0.054932402600000006,4176.901407061439
0.05473921874,4182.889977350527
0.05544755955999999,4188.878547639616
0.05435285102,4194.867117895421
0.056928635830000004,4200.855688184509
0.055254375702,4206.844258473598
0.054868007984,4212.8328287626855
0.055640743426000006,4218.821399051773
0.055511954188,4224.809969340862
0.05390208867600001,4230.79853962995
0.056349084248,4236.787109919039
0.05486800799,4242.775680174844
0.05576953267399999,4248.764250463932
0.054610429504,4254.75282075302
0.056027111155999995,4260.741391042108
0.055511954192,4266.729961331196
0.056027111165999996,4272.718531620285
0.055189981096,4278.707101909373
0.05512558648,4284.695672131894
0.055125586484,4290.684242420983
0.054352851036,4296.6728127100705
0.054674824144,4302.661382999159
0.05370890483599999,4308.649953254963
0.05345132636000001,4314.638523544052
0.052678590918,4320.62709383314
0.053064958636000005,4326.615664122229
0.050939936166,4332.604234411317
0.052742985539999995,4338.592804700405
0.05171267162,4344.581374989493
0.051841460862,4350.569945278582
0.05151948776399999,4356.558515534386
0.052936169416000003,4362.547085823475
0.051648277012,4368.535656112563
0.05042477922199999,4374.5242264016515
0.05203464473,4380.512796690739
0.049394465308,4386.501366979828
0.050231595366000005,4392.489937268916
0.051197514666,4398.478507558005
0.050875541574000004,4404.467077813809
0.05042477923599999,4410.455648102898
0.050553568475999996,4416.4442183919855
0.050231595374,4422.432788681074
0.05068235772,4428.421358970162
0.049845227657999994,4434.409929259251
0.048879308358,4440.398499548339
0.050167200758,4446.387069837428
0.049716438434,4452.375640093232
0.050038411538,4458.36421038232
0.051004330821999996,4464.352780671408
0.050231595384,4470.341350960497
0.051390698558000006,4476.329921249585
0.051261909324,4482.318491538674
0.04945885995,4488.307061827762
0.051583882416,4494.295632050283
0.050811146976,4500.284202339371
0.050682357754,4506.272772628459
0.049909622306,4512.261342917548
0.050295990023999995,4518.249913173352
0.049587649192000004,4524.238483462441
0.04958764918399999,4530.227053751529
0.05145509316,4536.2156240406175
0.052356617842,4542.204194329705
0.05126190928799999,4548.192764618794
0.051648277018,4554.181334907882
0.05422406182,4560.169905196971
0.052742985556,4566.158475452775
0.05306495865199999,4572.147045741864
0.054159667204000006,4578.1356160309515
0.053580115614,4584.12418632004
0.054417245682,4590.112756609128
0.054095272566,4596.101326898217
0.05332253712,4602.089897187305
0.052678590922,4608.07846744311
0.053064958644,4614.067037732198
0.05242101243999999,4620.055608021286
0.051648276997999995,4626.044178310374
0.050682357694,4632.032748599463
0.050875541552000005,4638.021318888551
0.050360384589999994,4644.00988917764
0.04990962224800001,4649.998459466728
0.04958764915599999,4655.9870297225325
0.050231595358,4661.97560001162
0.049909622256,4667.964170300709
0.04862172985,4673.952740589797
0.04726944283,4679.941310878886
0.048621729856,4685.929881167974
0.047011864352,4691.9184514570625
0.046947469734,4697.90702174615
0.048557335234,4703.895591968671
0.047527021312,4709.88416225776
0.04752702131400001,4715.872732546848
0.047333837452000004,4721.861302802653
0.04694746973799999,4727.849873091741
0.047140653592,4733.83844338083
0.046496707400000004,4739.8270136699175
0.047848994426000005,4745.815583959006
0.048235362138,4751.804154248094
0.04784899443,4757.792724537183
0.04675428588,4763.781294826271
0.048170967524,4769.769865082076
0.047591415947999996,4775.758435371164
0.045981550456000005,4781.747005660252
0.047205048231999995,4787.73557594934
0.045530788116,4793.724146238429
0.046045945078,4799.712716527517
0.04508002578,4805.701286816606
0.045337604264,4811.689857105694
0.043534554908,4817.6784273614985
0.043856528012000004,4823.666997650586
0.04366334415800001,4829.655567939675
0.043920922641999996,4835.644138228763
0.043405765676000005,4841.632708517852
0.042633030236,4847.62127880694
0.043341371064,4853.6098490960285
0.04224666253,4859.598419385116
0.042375451785999996,4865.586989640921
0.043792133428,4871.575559930009
0.043534554936,4877.564130219098
0.043920922668,4883.552700508186
0.04527320969,4889.541270797275
0.045080025826,4895.5298410863625
0.04553078818799999,4901.518411375451
0.046367918233999994,4907.506981597971
0.046110339763999995,4913.49555188706
0.0446292635,4919.484122176148
0.04617473438400001,4925.472692465237
0.046432312852,4931.461262721042
0.046045945146,4937.44983301013
0.046625496718,4943.438403299218
0.04701186445199999,4949.426973588306
0.046625496727999996,4955.415543877394
0.046432312870000006,4961.404114166483
0.046818680572000004,4967.392684455571
0.04668989134,4973.38125474466
0.046689891332,4979.3698250004645
0.04520881508,4985.358395289552
0.045401998937999996,4991.346965578641
0.045788366666,4997.335535867729
0.045401998927999995,5003.324106156817
0.044371685018,5009.312676445906
0.044886841968,5015.301246734994
0.043083792604,5021.289817024082
0.044049711892,5027.278387279887
0.042697424874,5033.266957568975
0.042761819481999995,5039.255527858064
0.041473927086,5045.244098147152
0.041280743228,5051.23266843624
0.042311057141999994,5057.2212387253285
0.03992845619,5063.209809014416
0.04115195396,5069.198379270221
0.042311057118,5075.18694955931
0.04082998086800001,5081.175519848398
0.042182267882,5087.164090137487
0.040894375478,5093.152660426575
0.040894375478,5099.1412307156625
0.041151953952000005,5105.129801004751
0.041023164721999995,5111.118371293839
0.04012164003600001,5117.10694151636
0.040958770096,5123.095511805449
0.042890608694,5129.084082094537
0.041087559336,5135.072652383626
0.041023164708,5141.06122263943
0.040508007756000004,5147.049792928518
0.041473927056,5153.038363217606
0.042955003311999994,5159.026933506695
0.042633030206,5165.015503795783
0.043534554888,5171.004074084872
0.043019397923999995,5176.99264437396
0.042826214062,5182.9812146297645
0.042826214072000005,5188.969784918852
0.042053478624,5194.958355207941
0.041538321668,5200.946925497029
0.041151953943999994,5206.935495786118
0.040829980842,5212.924066075206
0.041667110898,5218.9126363642945
0.042439846338,5224.901206653382
0.043405765642,5230.889776909187
0.041860294762000004,5236.878347198275
0.042504240958,5242.866917487364
0.04289060867200001,5248.855487776452
0.043727738734,5254.844058065541
0.042246662469999995,5260.8326283546285
0.043663344108000005,5266.821198643717
0.04398531721,5272.809768932805
0.045080025746,5278.79833918861
0.04553078809,5284.786909477698
0.046883075117999995,5290.775479766787
0.046239128908,5296.764050055875
0.048106572892,5302.752620344963
0.04688307511800001,5308.741190634051
0.048557335232,5314.72976092314
0.04945885991000001,5320.718331212228
0.049330070668000006,5326.706901434749
0.048750519081999996,5332.695471723838
0.04926567605,5338.684042012926
0.051133120036,5344.6726122687305
0.05036038458600001,5350.661182557818
0.051905855467999994,5356.649752846907
0.05332253711199999,5362.638323135995
0.05345132634600001,5368.626893425084
0.05370890482799999,5374.615463714172
0.053580115584,5380.6040340032605
0.053580115582,5386.592604292348
0.053837694068,5392.581174548153
0.054095272554,5398.569744837241
0.05428845641,5404.55831512633
0.05454603489200001,5410.546885415418
0.055318770332,5416.535455704507
0.054546034890000004,5422.5240259935945
0.05461042951199999,5428.512596282683
0.054932402612,5434.501166571771
0.055769532674,5440.489736827576
0.054674824134,5446.478307116664
0.05403087793200001,5452.466877405753
0.056284689645999995,5458.455447694841
0.05615590040599999,5464.444017983929
0.05564074345000001,5470.432588273017
0.055511954212,5476.421158562106
0.055125586478,5482.409728851194
0.054481640286,5488.398299106999
0.055125586476,5494.386869396087
0.05428845642,5500.3754396851755
0.054739218762,5506.364009974263
0.052614196302,5512.352580263352
0.05306495864000001,5518.34115055244
0.05377329946,5524.329720841529
0.052871774780000005,5530.31829106405
0.053129353266000004,5536.306861353138
0.052421012430000004,5542.2954316422265
0.052485407052,5548.284001931314
0.051326303888000004,5554.272572187119
0.051583882366,5560.261142476207
0.051455093124,5566.249712765296
0.05274298553000001,5572.238283054384
0.050553568438,5578.226853343473
0.05145509312200001,5584.2154236325605
0.050875541534,5590.203993921649
0.05055356842599999,5596.192564210737
0.049458859887999994,5602.181134466542
0.050811146907999996,5608.16970475563
0.048943702926,5614.158275044719
0.049652043742,5620.146845333807
0.04978083298600001,5626.135415622895
0.049716438362,5632.123985911983
0.048750519061999995,5638.112556201072
0.049394465266,5644.101126456876
0.047977783620000006,5650.089696745965
0.049201281408,5656.078267035053
0.048621729826,5662.0668373241415
0.047205048186,5668.055407613229
0.04881491369200001,5674.043977902318
0.048686124456,5680.032548191406
0.046496707372,5686.021118480495
0.046883075092,5692.009688736299
0.04681868047,5697.998259025388
0.046754285849999994,5703.9868293144755
0.046174734272,5709.975399603564
0.045852761172,5715.963969892652
0.046754285847999996,5721.952540181741
0.04623912889399999,5727.941110470829
0.046239128893999996,5733.929680759918
0.047140653576,5739.918250982438
0.046367918134,5745.9068212715265
0.045466393460000004,5751.895391560614
0.04643231276200001,5757.883961816419
0.044693658016000004,5763.872532105508
0.045208814994,5769.861102394596
0.046174734285999997,5775.849672683685
0.04520881499399999,5781.838242972773
0.045015631135999996,5787.8268132618605
0.044500474187999996,5793.815383550949
0.045080025768,5799.803953840037
0.043920922618,5805.792524095842
0.043920922612,5811.781094384931
0.044564868816,5817.769664674019
0.042890608696,5823.7582349631075
0.043598949516,5829.746805252195
0.044436079582,5835.735375541283
0.0431481871836,5841.723945830372
0.043985317244000004,5847.71251611946
0.044436079584999996,5853.701086375265
0.045208815018000004,5859.689656664354
0.043920922615999995,5865.6782269534415
0.044049711854,5871.666797242529
0.044951236542,5877.655367531618
0.043856527984,5883.643937820706
0.04372773875,5889.632508109795
0.045080025765999995,5895.621078398883
0.044693658042000005,5901.609648654688
0.043470160258,5907.598218943776
0.043083792540000006,5913.586789232864
0.043212581772000005,5919.575359521952
0.042311057097999996,5925.563929811041
0.043470160256,5931.552500100129
0.041473927038,5937.541070389218
0.041731505506,5943.529640678305
0.040894375444,5949.5182109008265
0.040186034624,5955.506781189915
0.041023164684,5961.495351479003
0.04031482386799999,5967.483921734808
0.039735272286000003,5973.472492023896
0.03941329919,5979.461062312985
0.040572402346,5985.449632602073
0.037932222935999994,5991.438202891161
0.039992850774,5997.426773180249
0.038640563748,6003.415343469338
0.03999285077,6009.403913758426
0.0388337476182,6015.392484014231
0.039091326092,6021.381054303319
0.038189801414199996,6027.3696245924075
0.037095092894599994,6033.358194881495
0.037674644474600005,6039.346765170584
0.038189801429600004,6045.335335459672
0.03703069828486,6051.323905748761
0.03793222296274,6057.312476037849
0.0379966175836,6063.301046293654
0.0372238821446,6069.2896165827415
0.03619356823086,6075.27818687183
0.0372882767596,6081.266757160918
0.036579935928599996,6087.255327450007
0.0372238821388,6093.243897739095
0.036257962842,6099.232468028184
0.0372238821372,6105.221038283988
0.037352671369,6111.209608573076
0.036966303638,6117.198178862164
0.036966303648,6123.186749151253
0.038962536862,6129.175319440341
0.036773119786,6135.16388972943
0.040250429245999995,6141.152460018518
0.039477693810000006,6147.141030307606
0.03947769381,6153.129600530127
0.039348904568,6159.118170819215
0.039477693804,6165.106741108304
0.039864061528000004,6171.095311397392
0.040443613101999995,6177.083881653197
0.039799666902,6183.072451942285
0.038833747604000005,6189.0610222313735
0.038898142222,6195.049592520461
0.03902693146,6201.03816280955
0.03915572069,6207.026733098638
0.038254196018,6213.015303387727
0.03896253683400001,6219.003873643531
0.038833747588,6224.99244393262
0.038318590629999996,6230.9810142217075
0.038254196008,6236.969584510796
0.03799661753,6242.958154799884
0.038189801388,6248.946725088973
0.036257962792,6254.935295378061
0.036773119752000004,6260.92386566715
0.037095092848,6266.912435922954
0.036515541264,6272.901006212042
0.036579935892,6278.88957650113
0.037674644423999995,6284.878146790219
0.036193568166,6290.866717079307
0.037352671325999995,6296.855287368396
0.035485227346,6302.843857657484
0.036515541263999994,6308.832427946572
0.035163254244,6314.820998202376
0.034841281148,6320.809568491465
0.035034465012000006,6326.798138780553
0.03554962197,6332.786709069642
0.034068545712,6338.77527935873
0.03445491343,6344.7638496478185
0.03381096722600001,6350.752419936906
0.034841281148,6356.740990225995
0.03458370267,6362.729560448516
0.034970070385999995,6368.718130737604
0.034648097286000004,6374.706701026693
0.036129173545999996,6380.695271282497
0.036129173544,6386.683841571586
0.037352671318,6392.6724118606735
0.036773119746,6398.660982149762
0.038511774478000006,6404.64955243885
0.038189801382,6410.638122727939
0.037545855185999996,6416.626693017027
0.038061012142,6422.615263306116
0.037739039044,6428.60383356192
0.039091326062,6434.592403851008
0.03934890453999999,6440.580974140096
0.039542088406,6446.569544429185
0.04012163998,6452.558114718273
0.042568635546,6458.546685007362
0.04173150549,6464.53525529645
0.041345137761999995,6470.523825585537
0.044242895664000005,6476.512395841342
0.042826214026,6482.500966130431
0.044114106426,6488.489536419519
0.044886841868,6494.478106708608
0.044564868766,6500.466676997696
0.044951236488,6506.4552472867845
0.047398232061999994,6512.443817575872
0.046689891246,6518.43238786496
0.048170967504000003,6524.420958120765
0.047784599787999996,6530.409528409854
0.048235362134,6536.398098698942
0.047205048214,6542.386668988031
0.04611033966999999,6548.375239277118
0.047784599797999996,6554.363809566207
0.046561102022,6560.352379855295
0.047076258983999995,6566.340950077816
0.04746262671,6572.329520366904
0.047333837467999997,6578.318090655993
0.047011864358,6584.306660945081
0.047076258989999994,6590.295231200886
0.047140653606,6596.283801489974
0.047269442848,6602.272371779062
0.048042178288,6608.26094206815
0.048170967538,6614.249512357239
0.049072492222000004,6620.238082646327
0.049008097625199996,6626.226652935416
0.0501028061742,6632.2152232245035
0.0499096223156,6638.203793480308
0.0490080976314,6644.192363769397
0.050682357754,6650.180934058485
0.048814913784000005,6656.169504347573
0.050167200801400004,6662.158074636662
0.050939936256,6668.14664492575
0.05081114701,6674.135215214838
0.0507467523988,6680.123785503926
0.049780833116800004,6686.112355759731
0.0513906986336,6692.10092604882
0.05016720085,6698.089496337908
0.049072492284,6704.078066626996
0.049458860035999995,6710.0666369160845
0.048235362239999996,6716.055207205172
0.048492940713999996,6722.043777494261
0.049394465405999996,6728.032347750066
0.049136886956,6734.020918039154
0.049394465424,6740.009488328243
0.045273209790000005,6745.998058617331
0.047848994548,6751.986628906418
0.048106573026,6757.975199195507
0.048943703086000004,6763.963769484595
0.047076259112,6769.952339773684
0.046947469874,6775.940909996205
0.04791338919,6781.929480285293
0.047011864516,6787.918050574382
0.047011864484,6793.9066208634695
0.046754286032000006,6799.895191119274
0.045015631268,6805.883761408362
0.045723972088,6811.872331697451
0.045659577464,6817.860901986539
0.045401998988,6823.849472275628
0.045337604342,6829.838042564716
0.04572397207000001,6835.826612853804
0.044951236612,6841.815183109608
0.045015631242000004,6847.803753398697
0.046883075217999996,6853.792323687785
0.04817096764,6859.780893976874
0.04759141604,6865.769464265962
0.049201281558,6871.7580345550505
0.049458860041999994,6877.746604844138
0.049201281542,6883.735175133227
0.049136886916,6889.723745389031
0.049909622354,6895.71231567812
0.050167200842000007,6901.700885967208
0.051261909390000006,6907.689456256297
0.051261909378,6913.6780265453845
0.05229222330199999,6919.666596834473
0.053000564126,6925.655167123561
0.054352851148,6931.64373741265
0.053451326444000004,6937.632307668454
0.05409527266400001,6943.620877957543
0.05486800811,6949.609448246631
0.055962716656,6955.598018535719
0.055769532826,6961.586588824807
0.056993030615999994,6967.575159113896
0.055833927452,6973.563729402984
0.056928636006,6979.552299692073
0.05667105755199999,6985.540869914594
0.056413479057999996,6991.529440203682
0.055383165142,6997.51801049277
0.056606662948,7003.506580748574
0.056027111356000005,7009.495151037663
0.056155900608,7015.483721326751
0.058409712319999994,7021.47229161584
0.057379398412,7027.460861904928
0.05757258226800001,7033.4494321940165
0.058280923077999994,7039.438002483104
0.058409712312,7045.426572772193
0.05911805313,7051.415143027997
0.059246842368,7057.403713317086
0.05995518319399999,7063.392283606174
0.059053658499999995,7069.380853895263
0.058989263872,7075.3694241843505
0.058474106904,7081.357994473439
0.058602896136000004,7087.346564762527
0.059182447722,7093.335135051616
0.05860289613599999,7099.32370530742
0.058538501496,7105.312275596509
0.056864241365,7111.300845885597
0.058602896116,7117.289416174685
0.05744379295799999,7123.277986463773
0.057701371414,7129.266556752862
0.057057425218199995,7135.25512704195
0.056413479014,7141.243697331039
0.056542268242,7147.232267586843
0.0555119543328,7153.2208378759315
0.055447559716599995,7159.209408165019
0.053966483444200006,7165.197978454108
0.055511954335,7171.186548743196
0.05525437584,7177.175119032285
0.054095272672000004,7183.163689321373
0.054352851174,7189.152259543894
0.052936169516,7195.1408298329825
0.052356617945999995,7201.12940012207
0.053064958754000004,7207.117970411158
0.05312935339,7213.106540666963
0.052356617976,7219.095110956052
0.052421012588000006,7225.08368124514
0.051261909432,7231.072251534229
0.050231595510000004,7237.0608218233165
0.050295990132,7243.049392112405
0.050360384746,7249.037962401493
0.050553568628,7255.026532690581
0.050231595504000005,7261.015102946386
0.048621730034,7267.003673235475
0.048557335416,7272.992243524563
0.04907249239,7278.980813813651
0.047462626900000006,7284.969384102739
0.047720205378,7290.957954391828
0.047269443041999995,7296.946524680916
0.045917156034,7302.935094936721
0.045466393668,7308.923665225809
0.047076259188,7314.9122355148975
0.046303523747999994,7320.900805803985
0.046689891441999996,7326.889376093074
0.046239129116,7332.877946382162
0.047655810766000006,7338.866516671251
0.04784899463,7344.855086960339
0.04778460002800001,7350.843657216144
0.048686124708,7356.8322275052315
0.04887930857,7362.82079779432
0.049716438628,7368.809368083408
0.048943703172,7374.797938372497
0.05093993640600001,7380.786508661585
0.050682357909999996,7386.775078950674
0.05081114717599999,7392.763649239761
0.051197514916,7398.7522194622825
0.052227828838,7404.74078975137
0.053193748145999996,7410.729360040459
0.053902088955999995,7416.717930296264
0.054352851316,7422.706500585352
0.054674824420000004,7428.695070874441
0.05473921902799998,7434.683641163529
0.05338693201,7440.6722114526165
0.0552543759906,7446.660781741705
0.055576349095,7452.649352030793
0.05544755985660001,7458.637922319882
0.05602711145,7464.626492575687
0.055705138333000004,7470.615062864775
0.05763697694599999,7476.6036331538635
0.05576953295,7482.592203442951
0.057701371546,7488.580773732039
0.05763697692599999,7494.569344021128
0.057572582296,7500.557914310216
0.058087739230000004,7506.546484599305
0.057636976888,7512.53505485511
0.05866729080599999,7518.5236251441975
0.058345317694,7524.512195433286
0.058538501554,7530.500765722374
0.058474106908,7536.489336011462
0.057830160726,7542.477906300551
0.058023344566,7548.466476589639
0.058345317666,7554.455046878727
0.060405945520000004,7560.443617134532
0.059826393938,7566.43218742362
0.061307470202,7572.420757712709
0.060985497103999996,7578.409328001797
0.061371864814,7584.397898290885
0.059826393938,7590.386468579974
0.05995518318,7596.375038869061
0.062015811022,7602.36360915815
0.06188702178199999,7608.352179380671
0.060727918628,7614.340749669759
0.061307470206000005,7620.329319958848
0.061371864814,7626.317890214652
0.05956881544399999,7632.306460503741
0.06034155089200001,7638.295030792829
0.05969760468600001,7644.283601081917
0.059761999288,7650.272171371005
0.05931123696199999,7656.260741660094
0.06001957777,7662.249311949182
0.05956881545,7668.237882238271
0.059955183154000016,7674.226452494075
0.058409712274000006,7680.2150227831635
0.05860289613399999,7686.203593072251
0.057958949916,7692.19216336134
0.057701371438000006,7698.180733650428
0.05821652839800001,7704.169303939517
0.05705742524799999,7710.157874228605
0.056542268279999995,7716.146444517693
0.05518998123800001,7722.1350147734975
0.055511954344000004,7728.123585062586
0.053708904988,7734.112155351674
0.05364451033800001,7740.100725640763
0.05261419643700001,7746.089295929851
0.051390698652,7752.07786621894
0.050617963217,7758.066436508027
0.050102806254,7764.055006763832
0.05190585560000001,7770.04357705292
0.049394465401999994,7776.032147342009
0.049587649268,7782.020717631097
0.049072492314,7788.009287920186
0.04778459991,7793.9978582092735
0.048364151492000004,7799.986428498362
0.047913389142,7805.97499878745
0.047076259074,7811.963569009971
0.04726944293199999,7817.95213929906
0.04746262679799999,7823.940709588148
0.047527021406,7829.929279877237
0.048557335326,7835.917850133041
0.049008097656,7841.9064204221295
0.049716438477999995,7847.894990711217
0.051261909362,7853.883561000306
0.051004330880000004,7859.872131289394
0.051068725488,7865.860701578483
0.05151948784,7871.849271867571
0.05235661788,7877.837842123376
0.05164827707400001,7883.8264124124635
0.052227828649999995,7889.814982701552
0.052227828662,7895.80355299064
0.054159667276,7901.792123279729
0.05364451031800001,7907.780693568817
0.053837694192,7913.769263857906
0.05486800811200001,7919.757834146993
0.055254375838000004,7925.746404402798
0.056413479008,7931.734974691886
0.05634908438599999,7937.723544980975
0.05763697679199999,7943.712115270063
0.057765766036,7949.700685559152
0.058860474582000014,7955.68925584824
0.058667290734,7961.677826137328
0.059761999272,7967.666396426416
0.058860474592,7973.654966682221
0.060277156251999996,7979.643536971309
0.060792313198000006,7985.632107260398
0.058796079967999994,7991.620677549486
0.059568815428,7997.609247838574
0.059633210045999994,8003.597818127662
0.059182447725999995,8009.586388416751
0.059118053082,8015.574958705839
0.05956881544199999,8021.56352892836
0.061822627154,8027.552099217449
0.061243075560000006,8033.540669506537
0.061371864824,8039.529239762342
0.060792313227999994,8045.5178100514295
0.06059912939400001,8051.506380340518
0.059955183176,8057.494950629606
0.060534734776,8063.483520918695
0.06001957781,8069.472091207783
0.059826393932,8075.460661496872
0.061500654074,8081.4492317859595
0.059633210076,8087.437802041764
0.06175823256799999,8093.426372330852
0.061049891742000005,8099.414942619941
0.060405945546,8105.403512909029
0.05866729078599999,8111.392083198118
0.05976199935200001,8117.380653487206
0.05976199934200001,8123.369223776294
0.05918244775599999,8129.357794065382
0.059890788592,8135.346364321187
0.057958950006,8141.334934610275
0.058216528493,8147.323504899364
0.0583453177342,8153.312075188452
0.056864241481200006,8159.3006454775405
0.057701371540000004,8165.289215766628
0.056027111414,8171.277786055716
0.0568642414888,8177.266356344805
0.055318770611599996,8183.25492660061
0.05473921903379999,8189.243496889698
0.0539664835816,8195.232067178786
0.054159667439600004,8201.220637467875
0.054868008242,8207.209207756963
0.054674824386,8213.197778046051
0.05473921901940001,8219.186348335139
0.054674824396,8225.174918590945
0.055705138302,8231.163488846749
0.054159667412,8237.152059135837
0.054803613622,8243.140629424925
0.054996797472,8249.12919968073
0.054932402857999996,8255.117769969818
0.055898322164,8261.106340258906
0.056091506003999994,8267.094910547994
0.055833927538000004,8273.083480837084
0.055125586702000004,8279.072051126172
0.056027111394,8285.06062141526
0.056284689875999994,8291.049191704347
0.057186214576,8297.037761960153
0.05705742533,8303.026332249241
0.05725060917400001,8309.014902538329
0.05750818764800001,8315.003472827417
0.057894555374,8320.992043116506
0.058731685446000007,8326.980613405594
0.059246842412,8332.969183694682
0.058345317742000004,8338.957753950488
0.058216528488,8344.946324239576
0.05866729082200001,8350.934894528664
0.057315003786000004,8356.923464817752
0.05699303065800001,8362.91203510684
0.058023344598,8368.90060539593
0.05699303068,8374.889175685017
0.05602711135999999,8380.877745974105
0.05596271676000001,8386.86631622991
0.05461042969600001,8392.854886518999
0.05531877053400001,8398.843456808087
0.054674824326,8404.832027097174
0.054352851214,8410.820597386262
0.0536445104216,8416.809167675352
0.0518414610416,8422.79773796444
0.052678591127800004,8428.786308253528
0.0512619094468,8434.77487847605
0.051197514826000004,8440.763448765138
0.051197514824800006,8446.752019054225
0.05197025027459999,8452.74058931003
0.0511975148346,8458.72915959912
0.0510687255648,8464.717729888207
0.05061796323059999,8470.706300177295
0.052034644844,8476.694870466383
0.05274298568,8482.683440755472
0.052807380274000004,8488.67201104456
0.052356617934,8494.660581333648
0.05396648344999999,8500.649151589452
0.053322537226,8506.637721878542
0.054095272663999994,8512.62629216763
0.054481640362000004,8518.614862456718
0.055254375802,8524.603432745806
0.054932402693999995,8530.592003034895
0.05576953275600001,8536.580573323983
0.055254375788,8542.569143613071
0.056735452046,8548.557713868875
0.05628468971,8554.546284157965
0.05641347893399999,8560.534854447053
0.05776576597000001,8566.52342473614
0.057315003628,8572.511995025228
0.057443792869999996,8578.500565314318
0.057830160608,8584.489135603406
0.05667105743800001,8590.477705892494
0.057379398258,8596.466276148298
0.05795894984200001,8602.454846437387
0.05802334447199999,8608.443416726475
0.057572582110000006,8614.431987015563
0.058538501442,8620.420557304651
0.059118053016,8626.40912759374
0.058731685304000004,8632.397697882829
0.058538501432,8638.386268171917
0.058924869164000006,8644.374838394438
0.060921102406,8650.363408683526
0.058345317576,8656.351978972614
0.059375631506000004,8662.340549228418
0.058731685302,8668.329119517508
0.058216528354,8674.317689806596
0.058602896064,8680.306260095684
0.058667290697999995,8686.294830384772
0.05815213373800001,8692.283400673861
0.05944002613199999,8698.27197096295
0.056799846682,8704.260541252037
0.057315003655999994,8710.249111507841
0.05660666282,8716.23768179693
0.056284689736,8722.226252086019
0.056091505862,8728.214822375106
0.054803613452,8734.203392664194
0.054224061888,8740.191962953284
0.054674824218,8746.180533242372
0.055061191925999994,8752.16910353146
0.054546034972,8758.157673787264
0.05364451027999999,8764.146244076353
0.053580115656,8770.134814365441
0.051777066302,8776.12338465453
0.051970250146000006,8782.111954943617
0.05042477925600001,8788.100525232707
0.049716438429999996,8794.089095521795
0.050360384634,8800.077665777599
0.049845227666000004,8806.066236066687
0.049265676088,8812.054806355776
0.04791338906,8818.043376644864
0.048235362155999995,8824.031946933952
0.04585276121,8830.02051722304
0.045466393476,8836.00908751213
0.045530788104,8841.997657801217
0.04565957734,8847.986228057021
0.044564868796,8853.974798312827
0.044758052654,8859.963368601915
0.044436079553999995,8865.951938891003
0.04385652797,8871.940509146807
0.043276976384,8877.929079435897
0.042826214056,8883.917649724985
0.041602716273999994,8889.906220014072
0.041602716264,8895.89479030316
0.039928456148,8901.88336059225
0.03960648304599999,8907.871930881338
0.038318590646,8913.860501137142
0.037867828305999995,8919.84907142623
0.038125406786,8925.83764171532
0.037417065968,8931.826212004407
0.035485227376,8937.814782293495
0.0345837027,8943.803352582583
0.034068545726,8949.791922871673
0.031814734033999995,8955.78049316076
0.032201101752,8961.769063416565
0.03226549637,8967.757633705653
0.030333657774,8973.746203994742
0.03162155017,8979.73477428383
0.03046244702,8985.723344572918
0.03014047392,8991.711914862006
0.028723792286,8997.700485151096
0.027500294512,9003.689055440183
0.028466213802000002,9009.677625695987
0.027435899884000005,9015.666195985075
0.026019218256,9021.654766274165
0.025697245155999998,9027.643336563253
0.026341191354,9033.63190685234
0.02518208821,9039.620477141429
0.025504061308,9045.609047430517
0.027178321412000002,9051.597617719606
0.026212402116,9057.586187942126
0.027500294510000002,9063.574758231214
0.025568455928,9069.563328520304
0.027307110648000003,9075.551898776108
0.026148007499999997,9081.540469065196
0.026341191357999998,9087.529039354284
0.02621240212,9093.517609643373
0.026920742933999996,9099.506179932461
0.025310877448,9105.49475022155
0.026791953696000004,9111.483320510637
0.027113926790000003,9117.471890799727
0.027822267604,9123.46046105553
0.028723792278,9129.449031344619
0.027564689131999998,9135.437601633706
0.028788186902000003,9141.426171922796
0.029947290060000003,9147.414742211884
0.029432133104000002,9153.403312500972
0.029754106196000003,9159.39188279006
0.031235182453999998,9165.38045307915
0.030784420122,9171.369023334953
0.032394285620000005,9177.357593624041
0.032716258722,9183.34616391313
0.034068545738,9189.334734202219
0.032780653352,9195.323304491307
0.032845047974,9201.311874780395
0.03464809733200001,9207.300445069483
0.03522764891,9213.289015358572
0.03535643815,9219.277585614376
0.035549622018,9225.266155903464
0.03728827675799999,9231.254726192552
0.036708725186000005,9237.243296481642
0.037223882152,9243.23186677073
0.037996617592,9249.220437059817
0.0369663036806,9255.209007348905
0.038318590693999996,9261.197577604711
0.03844737994,9267.186147860515
0.038898142286000005,9273.174718149603
0.0379966176088,9279.163288438693
0.038833747672,9285.151858694497
0.04018603469,9291.140428983585
0.0399284562182,9297.128999272672
0.0408943755162,9303.117569561762
0.0409587701542,9309.10613985085
0.042053478693399995,9315.094710139938
0.0417959002148,9321.083280429026
0.0417315055894,9327.071850718115
0.0419890840762,9333.06042097392
0.044049711904,9339.048991263007
0.0426974248856,9345.037561552095
0.04495123659400001,9351.026131841185
0.0452088150908,9357.014702130273
0.045273209694000005,9363.00327241936
0.04514442045,9368.991842708449
0.047140653662,9374.980412964254
0.04720504828,9380.968983253342
0.04765581061,9386.95755354243
0.047977783704,9392.946123831518
0.047848994464000004,9398.934694120608
0.049330070707999996,9404.923264409696
0.04855733527,9410.911834698783
0.050102806142,9416.900404987871
0.050231595379999994,9422.888975243677
0.05113312005399999,9428.877545532765
0.049652043800000004,9434.866115821853
0.05106872544200001,9440.85468611094
0.050746752334,9446.84325640003
0.049587649162,9452.831826689118
0.050875541574000004,9458.820396978206
0.050875541574000004,9464.808967267294
0.051133120048000004,9470.797537489816
0.050746752332,9476.786107778904
0.05171267164400001,9482.774678067992
0.050811146974,9488.763248357081
0.050295990018,9494.751818612885
0.050295990014,9500.740388901973
0.049394465338,9506.728959191061
0.04971643844800001,9512.717529480151
0.048235362190000006,9518.706099769239
0.047977783726,9524.694670058327
0.049136886888,9530.683240347415
0.047848994490000005,9536.67181060322
0.048750519184,9542.660380892308
0.04791338912400001,9548.648951181396
0.047784599876,9554.637521470484
0.047011864435999993,9560.626091759574
0.047333837556,9566.614662048662
0.046496707484,9572.60323233775
0.047398232182,9578.591802626837
0.047655810641999995,9584.580372882643
0.047333837558,9590.568943171731
0.047848994504,9596.557513460819
0.048170967620000005,9602.546083749907
0.04984522772,9608.534654038996
0.049523254627999995,9614.523224328084
0.051068725506,9620.511794617172
0.0510687255,9626.50036490626
0.05113312011200001,9632.488935162066
0.05119751474400001,9638.477505451154
0.05242101253,9644.466075740242
0.05068235777,9650.45464602933
0.051970250169999996,9656.44321631842
0.05274298562,9662.431786607507
0.053837694152,9668.420356896595
0.054803613456,9674.408927185683
0.054739218852000004,9680.397497408205
0.055962716624,9686.386067697293
0.054674824213999995,9692.37463798638
0.05415966725600001,9698.363208242186
0.054352851120000004,9704.351778531274
0.05525437579200001,9710.340348820362
0.054417245742,9716.32891910945
0.05609150586,9722.31748939854
0.05467482421000001,9728.306059687628
0.054610429588,9734.294629976715
0.05583392738,9740.283200265803
0.055640743508,9746.27177052161
0.05538316502799999,9752.260340810697
0.055640743508,9758.248911099785
0.056220295085999995,9764.237481388873
0.056477873568000006,9770.226051677962
0.05531877041199999,9776.21462196705
0.05667105743399999,9782.203192256138
0.05660666281800001,9788.191762545226
0.056864241302000004,9794.180332801032
0.057121819782000004,9800.16890309012
0.056993030526,9806.157473379208
0.05783016059799999,9812.146043668296
0.05763697673999999,9818.134613957385
0.058280922942000005,9824.123184246473
0.057958949855999996,9830.111754535561
0.058667290665999995,9836.100324791365
0.05821652832,9842.088895080455
0.05834531755000001,9848.077465369543
0.058216528313999996,9854.06603565863
0.05808773906,9860.054605947718
0.05892486912,9866.043176236808
0.058667290639999994,9872.031746525896
0.057443792853999996,9878.020316814984
0.057315003612,9884.008887070788
0.05750818746999999,9889.997457326594
0.05763697671000001,9895.986027615681
0.05828092292,9901.97459790477
0.056349084306,9907.963168160575
0.057958949823999996,9913.951738449663
0.057443792858,9919.94030873875
0.055898321961999994,9925.928879027839
0.056220295069999995,9931.917449316927
0.054803613423999996,9937.906019606016
0.055898321968,9943.894589895104
0.056799846657999996,9949.883160184192
0.054030877990000004,9955.871730439998
0.05351572102600001,9961.860300729086
0.05370890488,9967.848871018174
0.052742985576000004,9973.837441307262
0.051583882420000005,9979.82601159635
0.051261909314,9985.81458188544
0.052034644750000004,9991.803152174527
0.05274298558,9997.791722430331
0.053000564052,10003.78029271942
0.05319374792,10009.768863008509
0.054803613412000005,10015.757433297596
0.053258142524,10021.746003586684
0.05396648335200001,10027.734573875772
0.055511954228,10033.723144164862
0.054868008042,10039.71171445395
0.055769532722000005,10045.700284709754
0.054932402662,10051.688854998843
0.055640743484,10057.677425287931
0.055061191893999994,10063.66599557702
0.05461042955999999,10069.654565866107
0.05461042954800001,10075.643136155195
0.054352851070000006,10081.631706444285
0.05512558651599999,10087.620276733373
0.053966483344000005,10093.608846955893
0.053902088737999995,10099.597417244982
0.053837694112,10105.58598753407
0.053580115634,10111.574557789874
0.053966483354000006,10117.563128078962
0.053515721021999994,10123.551698368052
0.053000564045999995,10129.54026865714
0.052807380194,10135.528838946228
0.052356617849999995,10141.517409235315
0.051068725441999994,10147.505979524405
0.05132630393,10153.494549813493
0.051261909300000005,10159.483120069297
0.050811146964,10165.471690358385
0.051133120076,10171.460260647475
0.05145509317,10177.448830936562
0.050360384615999995,10183.43740122565
0.04978083305,10189.425971514738
0.049587649181999996,10195.414541803828
0.050167200768000006,10201.403112092916
0.049523254563999995,10207.39168234872
0.048686124496,10213.380252637808
0.04707625900200001,10219.368822926897
0.048814913734,10225.357393215985
0.048235362159999996,10231.345963505073
0.047076258992000006,10237.334533794161
0.047398232094,10243.32310408325
0.04907249221,10249.311674372339
0.048879308346,10255.300244628143
0.051004330821999996,10261.28881491723
0.049523254548,10267.27738520632
0.05139069854,10273.265955495408
0.052742985554,10279.254525784496
0.05132630391399999,10285.243096073584
0.05216343397400001,10291.231666362673
0.051133120066,10297.220236651761
0.051777066262,10303.208806874281
0.052356617858,10309.197377163371
0.05100433082600001,10315.185947452459
0.050360384646,10321.174517708263
0.051455093184,10327.16308799735
0.05061796313,10333.15165828644
0.050682357744,10339.140228575528
0.05087554161,10345.128798864616
0.05093993624399999,10351.117369153704
0.051712671684,10357.105939442794
0.051777066306,10363.094509731882
0.051905855548,10369.083079987686
0.052871774876,10375.071650276774
0.051583882462,10381.060220565863
0.051841460948,10387.048790854951
0.05132630399,10393.03736114404
0.052807380264,10399.025931433127
0.051712671710000005,10405.014501722217
0.052807380265999994,10411.003072011305
0.051390698609999994,10416.991642267109
0.052163434054,10422.980212556196
0.05242101253,10428.968782845286
0.051068725526,10434.957353134374
0.049136886904,10440.945923423462
0.050038411581999995,10446.93449371255
0.04829975685,10452.92306400164
0.048879308414,10458.911634257443
0.04939446538,10464.900204546531
0.044371685051999996,10470.88877483562
0.048557335314,10476.877345124709
0.048621729948,10482.865915413797
0.04945886,10488.854485702885
0.04984522773,10494.843055991973
0.04836415147399999,10500.831626281062
0.048235362246,10506.820196536866
0.04913688693,10512.80876679267
0.047591416066,10518.797337081758
0.04881491384000001,10524.785907370848
0.048235362271999996,10530.774477626652
0.047655810697,10536.76304791574
0.047527021448,10542.75161820483
0.048042178416199996,10548.740188493917
0.0482997569176,10554.728758783005
0.047848994565999996,10560.717329072093
0.04797778382159999,10566.70589936118
0.0485573354068,10572.694469616987
0.047398232238800006,10578.683039906075
0.04804217845060001,10584.671610195162
0.045788366713599996,10590.660180484252
0.048879308482,10596.64875077334
0.047333837625600006,10602.637321062428
0.04778459995,10608.625891351516
0.0466254968094,10614.614461640604
0.0470118644962,10620.60303189641
0.046689891396,10626.591602185497
0.045852761354,10632.580172474585
0.0460459452066,10638.568742763675
0.046045945212600005,10644.557313052763
0.04714065374800001,10650.54588334185
0.048170967664,10656.534453630939
0.045852761338599994,10662.523023920026
0.045273209770599995,10668.511594175832
0.0453376043836,10674.50016446492
0.0454663936266,10680.488734754008
0.0456595774936,10686.477305043098
0.046045945212740004,10692.465875332186
0.0464967075526,10698.454445621273
0.0461747344506,10704.443015910361
0.046625496779600005,10710.43158619945
0.045530788247800005,10716.420156421971
0.04585276133702,10722.408726711059
0.0455307882306,10728.397297000147
0.0457239720838,10734.385867255953
0.045208815124599996,10740.37443754504
0.046239129038799995,10746.363007834128
0.0457239720748,10752.351578123216
0.0463679182672,10758.340148412306
0.0446292635332,10764.328718701394
0.0455951828266,10770.317288990482
0.0448224473888,10776.30585927957
0.0454663935916,10782.294429535375
0.045723972088800004,10788.282999824463
0.0466898913862,10794.271570113551
0.046174734445999996,10800.260140402639
0.045788366713999995,10806.248710691729
0.045530788232,10812.237280980817
0.04469365818399999,10818.225851269905
0.0454663936442,10824.214421558992
0.045080025906,10830.202991814798
0.045466393658799995,10836.191562103886
0.0460459452422,10842.180132392974
0.04578836675,10848.168702682062
0.046045945234200004,10854.157272971152
0.0465611022022,10860.14584326024
0.046561102204600004,10866.134413549327
0.04810657310159999,10872.122983838415
0.049008097796599995,10878.111554094221
0.04849294084686,10884.100124383309
0.050038411724599996,10890.088694672397
0.050038411727800006,10896.077264961485
0.0522278288076,10902.065835250574
0.052678591147600005,10908.054405539662
0.05338693198160001,10914.04297582875
0.054288456650799996,10920.031546084556
0.0555763490678,10926.02011634036
0.0568642414594,10932.008686629448
0.05660666296479999,10937.997256918536
0.057057425274,10943.985827174341
0.057636976868,10949.97439746343
0.05892486926199999,10955.962967752517
0.058731685418,10961.951538041605
0.06085670787399999,10967.940108330695
0.061178680964,10973.928678619783
0.060727918616,10979.91724890887
0.062144600262000006,10985.905819197958
0.063110519574,10991.894389453764
0.062595362586,10997.882959742852
0.062273389478,11003.87153003194
0.06304612489400001,11009.860100321028
0.06459159579,11015.848670610118
0.063303703386,11021.837240899205
0.06452720114800001,11027.825811188293
0.064462806532,11033.814381444097
0.064076438826,11039.802951733187
0.06420522803600001,11045.791522022275
0.064591595782,11051.780092311363
0.06542872584199999,11057.76866260045
0.06620146127000001,11063.75723288954
0.066265855918,11069.745803178628
0.066716618248,11075.734373467716
0.065879488194,11081.72294372352
0.067553748312,11087.71151401261
0.06575069893,11093.700084301698
0.06658782899599999,11099.688654590786
0.06697419673800001,11105.677224879873
0.065879488176,11111.665795168963
0.067360564446,11117.654365458051
0.067618142932,11123.642935747139
0.06916361382,11129.631506002943
0.06897042997200001,11135.620076258749
0.068906035336,11141.608646547837
0.06961437616400001,11147.59721680364
0.068584062242,11153.58578709273
0.070580295474,11159.574357381818
0.06916361383,11165.562927670906
0.06935679768,11171.551497959994
0.070258322372,11177.540068249084
0.070065138506,11183.528638538171
0.070580295474,11189.51720882726
0.069807560022,11195.505779083063
0.07006513850400001,11201.494349372153
0.070580295468,11207.48291966124
0.069936349258,11213.471489950329
0.071932582508,11219.460060239417
0.071868187878,11225.448630528506
0.07276971258,11231.437200817594
0.07264092332,11237.425771106682
0.073542448014,11243.414341362486
0.072125766354,11249.402911651576
0.07341365878799999,11255.391481940664
0.073091685668,11261.380052229752
0.073027291046,11267.36862251884
0.075152313526,11273.35719280793
0.07450836733,11279.345763097017
0.07515231353,11285.334333386105
0.074379578094,11291.322903641909
0.075925049,11297.311473930999
0.074572761956,11303.300044220086
0.074315183482,11309.288614509174
0.074572761968,11315.277184798262
0.073928815752,11321.265755087352
0.075667470514,11327.25432537644
0.07270531796999999,11333.242895665528
0.07502352431,11339.23146588805
0.074186394238,11345.220036177137
0.074121999626,11351.208606466225
0.073542448042,11357.19717672203
0.074186394246,11363.185747011119
0.073284869568,11369.174317300207
0.074701551242,11375.162887589295
0.07399321041,11381.151457878383
0.072125766412,11387.14002816747
0.071417425584,11393.12859845656
0.070000743918,11399.117168745648
0.070773479374,11405.105739001452
0.06922800847,11411.094309290542
0.06942119234199999,11417.08287957963
0.068970429974,11423.071449868718
0.067940116042,11429.060020157805
0.068455273022,11435.048590446893
0.066974196726,11441.037160735983
0.067102985972,11447.02573102507
0.066137066678,11453.014301280875
0.064784779636,11459.002871569965
0.064591595774,11464.991441859052
0.06369007108,11470.98001214814
0.06401204417800001,11476.968582437228
0.062852940996,11482.957152726316
0.063496887196,11488.945723015406
0.062724151752,11494.93429327121
0.062788546366,11500.922863560298
0.06362567643999999,11506.911433849387
0.062337784026,11512.900004138475
0.062530967882,11518.888574427563
0.062595362504,11524.877144716651
0.062724151738,11530.865715005739
0.063625676418,11536.854285294829
0.064205228004,11542.842855550633
0.064398411862,11548.831425806437
0.066072671996,11554.819996095526
0.065428725784,11560.808566384614
0.065171147306,11566.797136640418
0.06652343432400001,11572.785706929506
0.06690980204000001,11578.774277218596
0.06639464508199999,11584.762847507684
0.06871285142000001,11590.751417796771
0.06748935362599999,11596.73998808586
0.066974196658,11602.728558374949
0.068133299832,11608.717128630753
0.067618142888,11614.70569891984
0.068841640678,11620.694269208929
0.06748935365,11626.682839498018
0.067231775168,11632.671409787106
0.068648456814,11638.659980076194
0.066265855866,11644.648550365282
0.06858406219799999,11650.637120654372
0.06819769449,11656.625690910176
0.06813329987,11662.614261199264
0.06864845685399999,11668.602831488352
0.068004510632,11674.591401777441
0.06787572139399999,11680.579972066529
0.066974196708,11686.568542355617
0.06665222359600001,11692.557112644705
0.067296169814,11698.545682933795
0.067231775198,11704.534253189599
0.06703859133600001,11710.522823478686
0.067167380582,11716.511393767774
0.0663302505,11722.499964056864
0.066394645128,11728.488534345952
0.06575069891400001,11734.47710463504
0.066008277406,11740.465674924128
0.064076438786,11746.454245213217
0.065171147336,11752.442815469021
0.06465599038200001,11758.431385724825
0.065943882794,11764.419956013915
0.064977963484,11770.408526269719
0.06542872581800001,11776.397096558807
0.06491356885999999,11782.385666847895
0.065364331208,11788.374237136984
0.066265855886,11794.362807426072
0.065235541978,11800.35137771516
0.066652223644,11806.339948004248
0.06529993659800001,11812.328518293338
0.064784779652,11818.317088549142
0.064527201144,11824.30565883823
0.06446280652,11830.294229127318
0.063818860344,11836.282799416407
0.064462806536,11842.271369705495
0.063754465718,11848.259939994583
0.06407643882200001,11854.24851028367
0.062917335634,11860.23708057276
0.062402178685999996,11866.225650828565
0.06214460019599999,11872.214221117652
0.061500653986,11878.20279140674
0.06156504858800001,11884.19136169583
0.060534734682000005,11890.179931984918
0.059826393852000004,11896.168502274006
0.05931123687999999,11902.157072563094
0.060019577703999995,11908.145642852183
0.058667290670000004,11914.134213107987
0.059568815352,11920.122783397075
0.05886047452,11926.111353686163
0.058667290664000005,11932.099923975253
0.058602896031999994,11938.08849426434
0.05692863589999999,11944.077064553428
0.05744379286600001,11950.065634842516
0.057443792857999984,11956.054205098322
0.057315003612,11962.042775354126
0.05712181974,11968.031345643214
0.05583392733599999,11974.019915932304
0.055833927342,11980.008486188108
0.056027111200000014,11985.997056477196
0.054674824176,11991.985626766284
0.055189981134,11997.974197055373
0.054352851073999994,12003.962767344461
0.052421012460000006,12009.951337633549
0.05345132637800001,12015.939907922637
0.052099039352,12021.928478211727
0.052614196316000006,12027.91704846753
0.052742985548,12033.905618756618
0.051068725424,12039.894189045706
0.05126190928800001,12045.882759334796
0.049008097571999996,12051.871329623884
0.049652043778,12057.859899912972
0.0487505191,12063.84847020206
0.04933007067399999,12069.837040457865
0.047205048204,12075.825610746953
0.04630352353,12081.814181036041
0.045208814978,12087.802751325129
0.04578836656,12093.791321614219
0.044114106444000004,12099.779891903307
0.045466393464,12105.768462192395
0.04578836657,12111.757032481482
0.04553078808,12117.745602737288
0.046303523526,12123.734173026376
0.045015631116,12129.722743315464
0.04578836656,12135.711313604552
0.044629263406,12141.699883893642
0.044758052634,12147.68845418273
0.043920922577999996,12153.677024471817
0.044758052636,12159.665594760905
0.041860294735999996,12165.654165016711
0.042955003278000004,12171.642735272515
0.043341370998,12177.631305561603
0.043276976372,12183.619875817409
0.043083792524,12189.608446106497
0.04192468935199999,12195.597016395584
0.044629263398,12201.585586684672
0.043405765612000005,12207.574156973762
0.043727738720000006,12213.56272726285
0.04392092258000001,12219.551297551938
0.041924689366,12225.539867841026
0.044114106438,12231.528438096831
0.042955003284,12237.51700838592
0.043083792524,12243.505578675007
0.042568635566,12249.494148964095
0.04276181942,12255.482719253185
0.041473927028,12261.471289542273
0.042504240942,12267.45985983136
0.041924689358,12273.448430120448
0.04263303018,12279.437000376254
0.043212581756,12285.425570665342
0.041409532400000004,12291.41414095443
0.042504240936,12297.402711243518
0.041216348546,12303.391281532608
0.041795900117999996,12309.379851821695
0.042504240944,12315.368422110783
0.042117873220000004,12321.356992399871
0.041280743168,12327.345562655677
0.043212581778,12333.334132944765
0.042375451721999996,12339.322703233853
0.04392092260799999,12345.31127352294
0.043534554902,12351.29984381203
0.04430729034400001,12357.288414101118
0.043985317264,12363.276984390206
0.04392092265,12369.265554679294
0.043920922653999994,12375.254124901816
0.0427618195,12381.242695190904
0.044629263476,12387.231265479992
0.045208815068,12393.219835735797
0.044178501142,12399.208406024885
0.044178501152000005,12405.196976313973
0.043920922688000005,12411.185546603061
0.043598949598,12417.174116892149
0.044371685040000004,12423.162687181239
0.04411410655,12429.151257470327
0.044178501184000005,12435.139827759414
0.04565957744,12441.12839801522
0.045659577456,12447.116968304308
0.045273209762,12453.105538593396
0.04404971195,12459.094108882484
0.043598949634,12465.082679171572
0.043663344241999996,12471.071249460661
0.045466393604,12477.05981974975
0.044758052778000004,12483.048390038837
0.043727738872,12489.036960294643
0.045788366708,12495.02553058373
0.04488684203400001,12501.014100872819
0.04488684202399999,12507.002671161907
0.045015631262,12512.991241450994
0.04520881512600001,12518.979811740084
0.04437168506,12524.968382029172
0.046045945208,12530.956952284976
0.044436079688,12536.945522574064
0.045530788222000004,12542.934092863154
0.047205048362,12548.922663152242
0.04746262686199999,12554.91123344133
0.0466898914,12560.899803730417
0.048621730015999995,12566.888374019507
0.04752702149,12572.876944308595
0.04765581073,12578.865514564399
0.05016720096379999,12584.854084820205
0.0490724924326,12590.842655109293
0.0502315956336,12596.83122539838
0.0488793085806,12602.819795654184
0.048943703245932,12608.808365943274
0.04887930862286,12614.796936232362
0.0493944655746,12620.78550652145
0.0499096225266,12626.774076810538
0.051261909561999996,12632.762647099627
0.05010280638160001,12638.751217388715
0.052227828854,12644.739787677803
0.05068235795,12650.728357933607
0.051777066506,12656.716928222697
0.051583882656,12662.705498511785
0.052742985798000006,12668.694068800873
0.052227828846,12674.68263908996
0.052485407344,12680.67120937905
0.052356618088000004,12686.659779668138
0.05216343422400001,12692.648349923942
0.05177706653080001,12698.63692021303
0.051648277300199996,12704.62549050212
0.051133120334600005,12710.614060791208
0.050682358014600006,12716.602631080295
0.0516482772976,12722.591201369383
0.0524854073802,12728.579771658473
0.0517770665246,12734.56834194756
0.052936169702000005,12740.556912203365
0.05261419659200001,12746.545482492453
0.053837694356,12752.534052781542
0.056671057617999995,12758.52262307063
0.056220295294,12764.511193359718
0.056606663012,12770.499763648806
0.056864241518,12776.488333937896
0.059311237066,12782.476904226984
0.05918244782,12788.465474482788
0.060083972518,12794.454044738593
0.061629443376,12800.442615027681
0.061887021876,12806.431185283485
0.06265975732199999,12812.419755572573
0.06278854655800001,12818.408325861663
0.06330370352,12824.39689615075
0.06497796361799998,12830.385466439839
0.06369007119799999,12836.374036728927
0.066201461402,12842.362607018016
0.067167380704,12848.351177307104
0.064784779742,12854.339747562908
0.066974196816,12860.328317851996
0.06626585598000001,12866.316888141086
0.067875721504,12872.305458430174
0.067424959142,12878.294028719261
0.06858406229399999,12884.28259900835
0.068455273058,12890.271169297439
0.068390878418,12896.259739586527
0.06948558697,12902.24830984233
0.068648456886,12908.236880131419
0.06974316544200002,12914.225450420508
0.06845527302400001,12920.214020709596
0.069292403114,12926.202590998684
0.06871285153,12932.191161287772
0.069421192356,12938.179731576862
0.06884164078800001,12944.16830186595
0.068390878442,12950.156872121754
0.06858406230799999,12956.145442410841
0.06826208919599999,12962.134012699931
0.06781132687,12968.122582989019
0.067231775304,12974.111153278107
0.06903482466399999,12980.099723567195
0.06787572149200001,12986.088293856285
0.067811326916,12992.076864112089
0.06890603545400001,12998.065434367893
0.068841640838,13004.05400465698
0.06929240319,13010.04257494607
0.06980756016,13016.031145201874
0.069034824726,13022.019715490962
0.07006513867,13028.008285780052
0.070387111752,13033.99685606914
0.06961437630999999,13039.985426358227
0.070515901,13045.973996647315
0.06954998169200001,13051.962566936403
0.0707734795,13057.951137225493
0.070258322508,13063.939707481297
0.070322717172,13069.928277770385
0.070065138652,13075.916848059474
0.071610609548,13081.905418348562
0.07135303107400001,13087.89398863765
0.07090226872999998,13093.882558926738
0.07141742571200001,13099.871129215826
0.070580295624,13105.859699504916
0.070580295614,13111.84826976072
0.07115984721600001,13117.836840049808
0.06993634941,13123.825410338897
0.06858406235999999,13129.813980627985
0.069034824718,13135.802550917073
0.06954998167000001,13141.79112120616
0.068970430094,13147.779691495249
0.06980756014799999,13153.768261751055
0.06819769464,13159.756832040142
0.06903482469399999,13165.74540232923
0.06884164081399999,13171.73397261832
0.06832648385,13177.722542907408
0.06748935379000001,13183.711113196496
0.06716738067200001,13189.699683485584
0.06710298605000001,13195.688253774671
0.06626585598000001,13201.676824030477
0.065686304394,13207.665394286281
0.067102986064,13213.65396457537
0.06562190979,13219.642534864459
0.06600827749999999,13225.631105120263
0.066716618338,13231.61967540935
0.06600827752199999,13237.608245698439
0.067167380702,13243.596815987528
0.06607267213999998,13249.585386276616
0.06678101298599999,13255.573956565704
0.06542872593599999,13261.562526854792
0.065171147458,13267.551097110598
0.06375446579399999,13273.539667399686
0.065171147456,13279.528237688774
0.06381886041800001,13285.516807977861
0.063368098084,13291.505378266951
0.063561281954,13297.493948556039
0.062273389564000005,13303.482518845127
0.061243075608000005,13309.471089134215
0.060985497134,13315.45965939002
0.059118053149999995,13321.448229679108
0.05944002622600001,13327.436799968196
0.059118053123999995,13333.425370257284
0.05905365851000001,13339.413940546374
0.05840971230599999,13345.402510835462
0.059375631614,13351.39108112455
0.057379398366,13357.379651413637
0.05647787368820001,13363.368221669443
0.0564134790742,13369.356791958531
0.056155900604999996,13375.345362247619
0.055254375891600004,13381.333932536707
0.055189981271600005,13387.322502825797
0.055447559767600005,13393.311073114884
0.05390208887759999,13399.299643403972
0.0540308781281,13405.28821369306
0.05248540723474,13411.276783948866
0.054030878127932,13417.26535420467
0.0541596673448,13423.253924493758
0.053773299618799994,13429.242494749564
0.0531293533956,13435.231065038652
0.05280738028540001,13441.21963532774
0.055189981240000005,13447.208205616827
0.054352851168,13453.196775905917
0.054610429636000005,13459.185346195005
0.054417245782,13465.173916484093
0.053322537224,13471.16248677318
0.05158388245400001,13477.151057028987
0.053837694176000005,13483.139627318074
0.05280738025599999,13489.128197607162
0.053644510314000006,13495.11676789625
0.05332253722,13501.10533818534
0.05383769416399999,13507.093908474428
0.05332253721,13513.082478763516
0.054288456523999995,13519.071049052603
0.054674824229999995,13525.05961930841
0.05428845651999999,13531.048189597497
0.054030878042,13537.036759886585
0.05351572108,13543.025330175673
0.05364451032999999,13549.013900464763
0.05274298562600001,13555.00247075385
0.053000564105999994,13560.991041042938
0.053322537216,13566.979611332026
0.05409527265400001,13572.968181587832
0.053580115702,13578.95675187692
0.053580115702,13584.945322166008
