Average lockin_signal,Ion velocity
0.090735811912,-5356.911370282431
0.09131536343999999,-5350.891170042492
0.09125096884400001,-5344.870969802554
0.09112217956999999,-5338.850769562616
0.09228128274,-5332.830569322678
0.091057784942,-5326.8103690161715
0.091508547282,-5320.790168842801
0.092216888114,-5314.769968602862
0.091379758018,-5308.7497683629235
0.091959309612,-5302.729568122985
0.089898681736,-5296.709367883047
0.09092899567,-5290.689167643109
0.088932762402,-5284.66896740317
0.09047823332800001,-5278.648767163232
0.087516080738,-5272.628566923294
0.088868367778,-5266.608366683356
0.089319130128,-5260.588166443416
0.088482000038,-5254.567966270046
0.089061551646,-5248.547766030108
0.088353210816,-5242.527565790169
0.088224421558,-5236.507365483663
0.088160026918,-5230.487165243725
0.08854639466200001,-5224.466965003787
0.088997156996,-5218.4467647638485
0.089319130118,-5212.42656452391
0.08970549783399999,-5206.406364283971
0.08944791935600001,-5200.3861641106005
0.09118657413,-5194.365963870662
0.090607022538,-5188.345763630724
0.091508547232,-5182.325563390786
0.09067141715399998,-5176.3053631508465
0.08996307632,-5170.285162910908
0.09176612572,-5164.26496267097
0.090478233302,-5158.244762431032
0.08938352473199998,-5152.224562191093
0.09150854723999999,-5146.204361951155
0.090928995648,-5140.184161711217
0.08989868171000001,-5134.1639614712785
0.089576708612,-5128.14376123134
0.08828881616999999,-5122.123560991402
0.08809563232800001,-5116.103360751463
0.088417605414,-5110.0831605115245
0.087129713,-5104.062960271586
0.088610789294,-5098.042760031648
0.087000923776,-5092.02255979171
0.08629258292799999,-5086.002359551771
0.08661455603,-5079.9821593784
0.08745168611200001,-5073.961959138462
0.086421372164,-5067.941758898523
0.08777365921,-5061.921558658585
0.08783805381599999,-5055.901358418647
0.086807739884,-5049.881158112141
0.08674334527199999,-5043.860957872203
0.086614556018,-5037.840757632264
0.08796684307,-5031.820557392326
0.08655016139,-5025.800357218955
0.086356977528,-5019.780156979016
0.087451686088,-5013.759956739078
0.087258502218,-5007.73975649914
0.08873957851,-5001.719556259201
0.08938352472,-4995.699356019263
0.088546394636,-4989.679155779325
0.089125946212,-4983.658955539387
0.08655016137,-4977.638755299447
0.087966843038,-4971.618555059509
0.089769892438,-4965.598354819571
0.08886836774199999,-4959.578154579633
0.088610789254,-4953.557954339694
0.086614555984,-4947.537754099756
0.087773659172,-4941.517553859818
0.087322896812,-4935.4973536198795
0.08661455598600001,-4929.477153379941
0.085970609782,-4923.456953140002
0.084618322728,-4917.436752900064
0.08352361417200001,-4911.416552726693
0.084553928106,-4905.396352486755
0.08326603568999999,-4899.376152246817
0.083330430308,-4893.3559520068775
0.08101222395400001,-4887.335751766939
0.08030388312199999,-4881.315551527001
0.079788726156,-4875.295351287063
0.078500833736,-4869.275151047124
0.078372044492,-4863.254950740618
0.07701975744600001,-4857.234750567248
0.075538681174,-4851.21455032731
0.075925048896,-4845.194350087371
0.075216708068,-4839.174149847432
0.07508791882400001,-4833.153949607494
0.075087918824,-4827.1337493675555
0.073735631792,-4821.113549127617
0.07341365868399999,-4815.093348887679
0.073027290966,-4809.073148647741
0.074572761864,-4803.052948407802
0.073606842558,-4797.032748167864
0.07392881566399999,-4791.012547994493
0.074830340354,-4784.992347754554
0.073606842556,-4778.972147514616
0.075087918838,-4772.95194720811
0.073735631804,-4766.931746968172
0.075216708084,-4760.911546728234
0.0727697125,-4754.891346488295
0.07540989195799999,-4748.871146248357
0.07418639415999999,-4742.850946008419
0.07399321030599999,-4736.830745835047
0.07360684258399999,-4730.810545595109
0.0733492641,-4724.790345355171
0.071546214722,-4718.7701451152325
0.07090226852,-4712.749944875294
0.070580295422,-4706.729744635356
0.069678770738,-4700.709544395418
0.068712851432,-4694.6893441554785
0.068197694466,-4688.66914391554
0.065879488128,-4682.648943675602
0.06542872579400001,-4676.628743435664
0.06420522800799999,-4670.608543195725
0.063432492562,-4664.588342955787
0.06117868085,-4658.568142715849
0.060277156157999986,-4652.5479424759105
0.060405945408000004,-4646.527742235972
0.059826393816,-4640.507541996033
0.05840971217,-4634.487341756095
0.05531877039600001,-4628.4671415161565
0.057186214382,-4622.446941276218
0.055189981154,-4616.426741102848
0.055898321978,-4610.4065408629085
0.05274298559,-4604.38634062297
0.054095272626,-4598.366140383032
0.05229222325599999,-4592.345940143094
0.052163434014,-4586.325739836588
0.051455093212,-4580.305539596649
0.051197514732,-4574.285339356711
0.051326303973999995,-4568.265139116773
0.051068725472,-4562.244938943402
0.050038411558,-4556.224738703463
0.05132630395,-4550.204538463525
0.050553568514,-4544.184338223587
0.050167200792,-4538.164137983648
0.051261909328,-4532.14393774371
0.05010280616,-4526.123737503772
0.04990962231,-4520.1035372638335
0.04945885995799999,-4514.083337023895
0.04978083306199999,-4508.063136783957
0.049652043824,-4502.042936544019
0.05023159539199999,-4496.022736304079
0.050553568504,-4490.002536064141
0.049974016908,-4483.982335824203
0.04926567609,-4477.962135584265
0.050167200772,-4471.941935344326
0.050811146984,-4465.921735104388
0.049909622295999996,-4459.90153486445
0.050875541607999994,-4453.8813346245115
0.050038411538,-4447.86113445114
0.049523254579999995,-4441.840934211202
0.048686124519,-4435.8207339712635
0.048814913744,-4429.800533731325
0.048492940644000004,-4423.780333491387
0.045852761214999996,-4417.760133251449
0.047784599825999995,-4411.7399330115095
0.047076258992000006,-4405.719732771571
0.046625496646000006,-4399.699532465066
0.047720205178,-4393.679332291695
0.04804217828,-4387.659132051756
0.048106572906,-4381.638931811818
0.04920128144000001,-4375.61873157188
0.048364151371999994,-4369.598531331942
0.049008097576,-4363.578331092003
0.04939446529,-4357.558130852064
0.049330070674000005,-4351.537930612126
0.049523254532,-4345.5177303721875
0.049780833008,-4339.497530132249
0.050231595356000004,-4333.477329892311
0.05106872542200001,-4327.4571297189395
0.050811146928,-4321.436929479001
0.051197514648,-4315.416729239063
0.052292223193999995,-4309.396528932558
0.05203464471,-4303.376328692619
0.053258142492000005,-4297.35612845268
0.05351572097,-4291.335928212742
0.054352851044000006,-4285.315727972804
0.054674824148,-4279.295527732866
0.055383164976,-4273.275327559494
0.055640743459999996,-4267.255127319556
0.05802334442,-4261.234927079618
0.056928635892,-4255.214726839679
0.057315003618,-4249.194526599741
0.05821652831,-4243.174326359803
0.05821652830600001,-4237.1541261198645
0.059118053012,-4231.133925879926
0.060148366938,-4225.113725639988
0.06085670777600001,-4219.09352540005
0.05956881539000001,-4213.0733251601105
0.060534734705999994,-4207.053124920172
0.060470340090000005,-4201.032924680234
0.06027715626200001,-4195.012724440296
0.062595362596,-4188.992524200357
0.062659757244,-4182.972323960419
0.061436259474,-4176.952123720481
0.06298173039,-4170.9319234805425
0.06201581108800001,-4164.911723240604
0.064140833574,-4158.891523000665
0.063174914308,-4152.8713228272945
0.0627241519832,-4146.851122587356
0.06388325515360001,-4140.830922347418
0.06420522829459999,-4134.81072210748
0.0642052283134,-4128.7905218675405
0.066330250774,-4122.770321561035
0.06517114763399999,-4116.750121321097
0.06742495933400001,-4110.729921081159
0.06729617013,-4104.709720907787
0.06922800875799999,-4098.689520667849
0.068906035638,-4092.669320427911
0.070902268888,-4086.649120187972
0.070773479634,-4080.628919948034
0.07225455591600001,-4074.6087197080956
0.072769712892,-4068.5885194681573
0.074701551502,-4062.5683192282186
0.07392881603600002,-4056.5481189882803
0.076053838532,-4050.527918748342
0.075667470804,-4044.5077185084037
0.076633390106,-4038.4875183350327
0.076568995498,-4032.4673180285267
0.077341730956,-4026.4471177885885
0.075603076182,-4020.42691754865
0.07759930944000001,-4014.406717308712
0.07817886100200001,-4008.3865170687736
0.07792128253,-4002.366316828835
0.07862962332599999,-3996.3461165888966
0.07920917493200001,-3990.3259163489583
0.07875841256199999,-3984.3057161755873
0.07830765024799999,-3978.2855159356486
0.07908038566799999,-3972.2653156957103
0.07714854708,-3966.245115455772
0.079659937246,-3960.224915215834
0.078436439454,-3954.2047149758955
0.078758412514,-3948.184514735957
0.080046304936,-3942.1643144960185
0.08023948881,-3936.144114189513
0.080432672672,-3930.123914016142
0.080432672648,-3924.1037137762037
0.081462986608,-3918.083513536265
0.081849354308,-3912.0633132963267
0.083201641332,-3906.0431130563884
0.085133479958,-3900.02291281645
0.085906215438,-3894.0027125765114
0.08738729176,-3887.982512336573
0.08732289713599999,-3881.962312096635
0.089125946504,-3875.9421118566966
0.09028504969199999,-3869.9219116167583
0.09125096903400001,-3863.901711443387
0.090735812038,-3857.8815112034486
0.092152493756,-3851.8613109635103
0.093826753908,-3845.8411106570047
0.09614496026000001,-3839.8209104170664
0.09601617104599999,-3833.8007101771277
0.097883615062,-3827.7805099371894
0.09781922044200002,-3821.760309697251
0.098913929004,-3815.740109457313
0.098463166622,-3809.719909283942
0.0991715075,-3803.699709044003
0.099751059078,-3797.679508804065
0.099429085982,-3791.6593085641266
0.102455633178,-3785.6391083241883
0.100716978414,-3779.6189080842496
0.10284200091999998,-3773.5987078443113
0.101876081638,-3767.578507604373
0.10348594718200002,-3761.5583073644348
0.10361473645800001,-3755.5381071244965
0.10277760637800001,-3749.5179068845578
0.102970790222,-3743.4977066446195
0.10348594721599999,-3737.477506404681
0.10200487092000002,-3731.457306164743
0.102648817136,-3725.437105924804
0.10142531935000001,-3719.416905684866
0.10026621614799999,-3713.3967054449276
0.09936469149,-3707.3765052049894
0.09865635060399999,-3701.356304965051
0.09846316676399999,-3695.3361047251124
0.09826998286399999,-3689.3159045517414
0.098849534486,-3683.295704311803
0.09975105914599999,-3677.275504071865
0.099364691464,-3671.2553038319265
0.09839877210199999,-3665.235103591988
0.10020182152600002,-3659.2149032854823
0.09949348068200001,-3653.194703045544
0.101167740884,-3647.1745028056057
0.100137426884,-3641.1543026322347
0.101296530086,-3635.134102392296
0.101747292408,-3629.1139021523577
0.102777606368,-3623.0937019124194
0.10290639560999999,-3617.073501672481
0.10451626115599999,-3611.0533014325424
0.10361473645199999,-3605.033101192604
0.105417785846,-3599.012900952666
0.10702765137400001,-3592.9927007127276
0.106770072876,-3586.9725004727893
0.107349624448,-3580.9523002328506
0.10780038680800001,-3574.9321000594796
0.10857312227,-3568.911899752974
0.10741401907200002,-3562.8916995130357
0.109796620098,-3556.8714992730975
0.10921706848600002,-3550.8512990331587
0.109796620072,-3544.8310987932205
0.10960343619599999,-3538.810898553282
0.10934585770999998,-3532.790698313344
0.11011859314800002,-3526.770498073405
0.11179285331399999,-3520.750297900034
0.11076253937,-3514.730097660096
0.11102011786999999,-3508.7098974201576
0.11082693398599999,-3502.6896971802194
0.11031177700599999,-3496.6694969402806
0.110182987782,-3490.6492967003423
0.109088279214,-3484.629096460404
0.110054198506,-3478.608896220466
0.108637516838,-3472.5886959139602
0.10818675450600002,-3466.568495740589
0.10670567816799999,-3460.5482955006505
0.105932942736,-3454.5280952607122
0.10657688891000001,-3448.507895020774
0.105675364222,-3442.487694780835
0.105932942686,-3436.467494540897
0.10425868248600001,-3430.4472943009587
0.103163973928,-3424.4270940610204
0.10013742668600001,-3418.406893821082
0.102391238436,-3412.3866935811434
0.101038951352,-3406.366493341205
0.10142531907799998,-3400.346293167834
0.10000863739200001,-3394.326092927896
0.09923590193,-3388.3058926879576
0.098269982596,-3382.2856923814516
0.098398771834,-3376.2654921415133
0.097754825602,-3370.245291901575
0.09788361483,-3364.2250916616367
0.0963381439,-3358.204891421698
0.09595177616999999,-3352.1846911817597
0.095114646092,-3346.1644910083887
0.09614496001799999,-3340.1442907684504
0.09453509447599999,-3334.124090528512
0.095822986896,-3328.1038902885734
0.094213121362,-3322.083690048635
0.094857067556,-3316.063489808697
0.094148726732,-3310.0432895687586
0.095307829924,-3304.0230893288203
0.09318280739999998,-3298.0028890888816
0.09305401814200001,-3291.9826888489433
0.09221688808199999,-3285.962488609005
0.09092899565399999,-3279.942288369067
0.09099339028799999,-3273.922088129128
0.087580475344,-3267.9018878891898
0.089190340882,-3261.8816876492515
0.086678950638,-3255.861487409313
0.08725850221999999,-3249.841287169375
0.085519847458,-3243.821086929436
0.08365240343399999,-3237.800886689498
0.08333043033000001,-3231.780686516127
0.08191374866800001,-3225.7604862761887
0.08101222396400001,-3219.7402860362504
0.081205407824,-3213.7200857963117
0.08062585623,-3207.6998855563734
0.078758412228,-3201.679685316435
0.07998191002800001,-3195.6594850099295
0.077019757468,-3189.639284769991
0.077921282152,-3183.6190845300525
0.076053838146,-3177.5988843566815
0.077277335944,-3171.5786841167433
0.07650460049199999,-3165.558483876805
0.07708415209,-3159.5382836368663
0.07637581125399999,-3153.518083396928
0.077212941324,-3147.4978831569897
0.07701975745800001,-3141.4776829170514
0.07611823277,-3135.457482677113
0.076697784356,-3129.4372824371744
0.075989443532,-3123.417082197236
0.07412199952199999,-3117.396881957298
0.076311416626,-3111.376681783927
0.073864421032,-3105.3564814774213
0.07360684255399999,-3099.3362812374826
0.073220474826,-3093.3160809975443
0.072962896344,-3087.295880757606
0.07180379316600001,-3081.2756805176678
0.070837873858,-3075.255480277729
0.070902268482,-3069.2352800377907
0.069292402958,-3063.2150797978525
0.06819769441000001,-3057.1948796244815
0.066394645036,-3051.174679384543
0.065364331114,-3045.1544791446045
0.06472038490599999,-3039.134278904666
0.064527201054,-3033.114078664728
0.062852940926,-3027.0938784247896
0.06336809791,-3021.0736781848514
0.060405945364,-3015.0534779449126
0.06259536247,-3009.033277638407
0.060083972288,-3003.013077465036
0.06047034002,-2996.992877225098
0.059118053006,-2990.972676985159
0.05950442073800001,-2984.952476745221
0.057636976752,-2978.9322765052825
0.058538501456,-2972.9120762653442
0.058667290696,-2966.891876025406
0.059568815389999995,-2960.8716757854672
0.058409712252,-2954.851475545529
0.058924869246,-2948.8312753055907
0.058924869242,-2942.8110750656524
0.058731685422,-2936.7908748922814
0.05860289616600001,-2930.7706746523427
0.059375631645999995,-2924.7504744124044
0.057121819926,-2918.730274105899
0.05783016078600001,-2912.7100738659606
0.05840971237,-2906.689873626022
0.058796080106,-2900.6696733860836
0.056864241504000004,-2894.6494731461453
0.05873168551,-2888.6292729727743
0.058087739321999995,-2882.609072732836
0.059053658624000006,-2876.5888724928973
0.05795895008199999,-2870.568672252959
0.057572582366000005,-2864.5484720130207
0.05776576625200001,-2858.5282717730825
0.05686424155400001,-2852.508071533144
0.055769533021999995,-2846.4878712932054
0.05634908459000001,-2840.467671053267
0.056477873852,-2834.447470813329
0.055640743796,-2828.4272705733906
0.057121820058000004,-2822.407070333452
0.05506119222799999,-2816.3868700935136
0.05506119222,-2810.3666698535753
0.055576349174000006,-2804.346469613637
0.053451326714000005,-2798.326269373699
0.054417246012,-2792.30606913376
0.052936169725999994,-2786.2858688938218
0.052356618178000004,-2780.2656686538835
0.052034645055999994,-2774.245468413945
0.053129353607999995,-2768.225268240574
0.051777066574,-2762.2050680006355
0.052871775134,-2756.184867760697
0.05364451058999999,-2750.164667520759
0.05197025047799999,-2744.1444672808207
0.05280738050999999,-2738.1242670408824
0.05364451061619999,-2732.1040667343764
0.053322537514800004,-2726.083866494438
0.055833927703999996,-2720.0636662545
0.055189981480000004,-2714.043466081129
0.055898322322,-2708.02326584119
0.056864241595999995,-2702.003065601252
0.05667105773400001,-2695.9828653613135
0.057894555514,-2689.9626651213753
0.056735452338,-2683.942464881437
0.05976199948599999,-2677.9222646414983
0.05886047481000001,-2671.90206440156
0.05879608019,-2665.8818641616217
0.059568815612,-2659.8616639216834
0.059440026398,-2653.841463681745
0.060019577984000004,-2647.8212635083737
0.06008397261,-2641.801063201868
0.061822627336000004,-2635.78086296193
0.063818860602,-2629.7606627219916
0.062466573564000004,-2623.740462482053
0.064527201428,-2617.7202622421146
0.065171147636,-2611.7000620021763
0.06671661854399999,-2605.679861762238
0.066781013142,-2599.6596615222998
0.067618143218,-2593.6394613489283
0.068712851742,-2587.61926110899
0.06929240336599998,-2581.5990608690518
0.072254555888,-2575.5788606291135
0.07161060969399999,-2569.558660389175
0.07309168594,-2563.5384601492365
0.07386442140999999,-2557.518259909298
0.072769712884,-2551.49805966936
0.074186394522,-2545.4778594294216
0.07386442140800001,-2539.457659189483
0.07302729133399999,-2533.4374589495446
0.073091685974,-2527.4172587096064
0.07309168597599999,-2521.397058469668
0.074121999896,-2515.37685822973
0.07289850214,-2509.356657989791
0.07167500436,-2503.336457749853
0.071868188206,-2497.3162575099145
0.071095452764,-2491.2960572699762
0.070193928106,-2485.275857030038
0.070387111966,-2479.2556567900992
0.06819769486800001,-2473.2354566167282
0.0696143765374,-2467.21525637679
0.0663946455178,-2461.1950561368517
0.06491356924200001,-2455.1748558303457
0.0651067531076,-2449.1546555904074
0.062273389770200006,-2443.134455350469
0.061693838237599996,-2437.114255110531
0.0618226274516,-2431.0940548705926
0.06053473505760001,-2425.073854697221
0.0584741071786,-2419.053654457283
0.059246842635600004,-2413.0334542173446
0.0568642416678,-2407.0132539774063
0.0580233447966,-2400.993053737468
0.05647787389759999,-2394.9728534975293
0.05679984698880001,-2388.952653257591
0.0565422684776,-2382.9324530176527
0.056349084561999996,-2376.9122527777145
0.0571218200096,-2370.8920525377757
0.05699303076800001,-2364.8718522978374
0.057379398433999994,-2358.851652057899
0.05808773925199999,-2352.831451817961
0.058474106978,-2346.8112515780226
0.05976199935200001,-2340.791051338084
0.059053658509999996,-2334.7708510981456
0.059955183186,-2328.7506508582073
0.06027715628999999,-2322.730450618269
0.060534734766,-2316.710250378331
0.060212761685999996,-2310.690050138392
0.061822627178,-2304.669849965021
0.0608567078874,-2298.649649725083
0.06162944332919999,-2292.6294494851445
0.0613718648686,-2286.6092492452062
0.0629817303632,-2280.5890490052675
0.06195141643880001,-2274.568848765329
0.06497796360880001,-2268.5486484588237
0.0656219098282,-2262.5284482188854
0.06529993673460001,-2256.5082479789467
0.06678101300620001,-2250.4880478055757
0.066845407624,-2244.4678475656374
0.06761814308,-2238.447647325699
0.06781132696200001,-2232.427447085761
0.06929240323599999,-2226.407246845822
0.07032271719999998,-2220.387046605884
0.07257652889199999,-2214.3668463659455
0.07193258274,-2208.3466461260073
0.073928815986,-2202.3264458860685
0.073413659032,-2196.3062456461303
0.075538681502,-2190.286045406192
0.075409892304,-2184.265845232821
0.077341730898,-2178.2456449263154
0.076504600886,-2172.2254446863767
0.077728098676,-2166.2052444464384
0.07972433195999999,-2160.1850442065
0.077921282542,-2154.164843966562
0.080368278164,-2148.1446437266236
0.08004630506400001,-2142.124443486685
0.07901599110600001,-2136.1042432467466
0.08094782976600001,-2130.0840430733756
0.079788726588,-2124.0638428334373
0.0813341975,-2118.043642593499
0.079595542764,-2112.0234423535603
0.08043267284,-2106.003242113622
0.08043267284200001,-2099.9830418736838
0.0787584127336,-2093.9628416337455
0.079337964312,-2087.9426413938068
0.0785652288562,-2081.9224411538685
0.0790159912598,-2075.90224091393
0.0790803858308,-2069.882040673992
0.07927356967,-2063.8618404340536
0.07830765038660001,-2057.841640194115
0.07901599116799998,-2051.8214399541766
0.07805007184,-2045.8012397142384
0.078694018044,-2039.7810394742999
0.07843643955,-2033.7608392343616
0.07933796422199998,-2027.7406389944233
0.07837204488,-2021.7204387544848
0.077406125578,-2015.7002385811138
0.076504600864,-2009.6800383411753
0.07566747079200001,-2003.659838101237
0.07289850209399999,-1997.6396378612988
0.074443973004,-1991.619437554793
0.071546215056,-1985.5992373148547
0.071610609662,-1979.5790370749162
0.07000074412600002,-1973.558836834978
0.07064469035000001,-1967.5386365950394
0.06993634949199999,-1961.5184364216684
0.06819769472599999,-1955.4982361817301
0.06845527322600001,-1949.4780359417916
0.066459039958,-1943.4578357018534
0.067424959274,-1937.4376354619149
0.06562190989399999,-1931.4174352219766
0.064076439018,-1925.397234982038
0.06375446590719999,-1919.3770347420998
0.0625309680968,-1913.3568345021615
0.0642052282688,-1907.336634262223
0.061951416540600004,-1901.3164340222847
0.0631749143176,-1895.2962337823462
0.0627241519956,-1889.276033542408
0.06124307566660001,-1883.2558333024695
0.0629817304646,-1877.2356330625312
0.062337784231799996,-1871.215432822593
0.0615006541646,-1865.1952325826544
0.0603415509836,-1859.1750323427161
0.0588604747096,-1853.1548321027776
0.06027715638259999,-1847.1346318628393
0.058409712374800006,-1841.1144316894681
0.0580877392798,-1835.0942314495298
0.059955183248,-1829.0740312095916
0.05808773927699999,-1823.053830969653
0.060212761778,-1817.0336307297148
0.05931123708,-1811.0134304897763
0.058924869351999996,-1804.9932301832707
0.05898926399200001,-1798.9730299433322
0.06001957788800001,-1792.952829703394
0.060083972528,-1786.932629530023
0.059826394036,-1780.9124292900844
0.059697604794000006,-1774.8922290501462
0.06072791874,-1768.8720288102077
0.06053473487000001,-1762.8518285702694
0.061887021897999994,-1756.831628330331
0.062273389639999996,-1750.8114280903926
0.063303703536,-1744.7912278504543
0.063754465882,-1738.7710276105158
0.06439841211,-1732.7508273705776
0.066137066876,-1726.730627130639
0.065428726012,-1720.710426957268
0.064527201344,-1714.6902266507623
0.066909802318,-1708.670026410824
0.066909802312,-1702.6498261708857
0.066137066876,-1696.6296259309472
0.066008277632,-1690.609425691009
0.066781013084,-1684.5892254510704
0.06697419694800001,-1678.5690252111322
0.06774693239599999,-1672.548825037761
0.067940116242,-1666.5286247978227
0.069743165632,-1660.5084245578844
0.06864845703799999,-1654.4882243179459
0.06909921939400002,-1648.4680240780076
0.069743165594,-1642.447823838069
0.071739398864,-1636.4276235981308
0.07141742571399999,-1630.4074233581923
0.07270531816199999,-1624.387223118254
0.073284869728,-1618.3670228783158
0.073156080502,-1612.3468226383773
0.075860654574,-1606.326622398439
0.075538681464,-1600.3064221585005
0.07489473524799999,-1594.2862219185622
0.07586065458999999,-1588.2660216786237
0.077728098586,-1582.2458214386854
0.07695536312,-1576.2256211987471
0.079466753318,-1570.2054209588086
0.07862962323,-1564.1852207188704
0.080368278004,-1558.1650204789319
0.080690251116,-1552.1448203055609
0.080110699528,-1546.1246200656226
0.08107661885000002,-1540.104419825684
0.080883434998,-1534.0842195857458
0.08275087900599999,-1528.06401927924
0.081462986558,-1522.0438190393018
0.082042538172,-1516.0236187993632
0.08236451126199999,-1510.003418559425
0.083008457458,-1503.9832183194865
0.08436074450400001,-1497.9630181461155
0.083974376762,-1491.9428179061772
0.08481150681800001,-1485.9226176662387
0.08558424229,-1479.9024174263004
0.085648636872,-1473.882217186362
0.08513347989,-1467.8620169464236
0.08545545299599999,-1461.8418167064854
0.08474711214,-1455.8216164665469
0.085197874494,-1449.8014162266086
0.08777365933400001,-1443.78121598667
0.08770926471799999,-1437.7610157467318
0.086485766898,-1431.7408155067933
0.089061551748,-1425.720615266855
0.08803123779399999,-1419.7004150269167
0.08635697761799999,-1413.6802147869782
0.08854639475,-1407.66001454704
0.09022065490400001,-1401.6398143071015
0.08964110328399999,-1395.6196140671632
0.09054262800599999,-1389.5994138272247
0.091250968814,-1383.5792135872864
0.092667650462,-1377.5590134139154
0.09389114827,-1371.538813173977
0.09524343531799999,-1365.5186129340386
0.09505025146400001,-1359.4984126941001
0.096595722354,-1353.4782124541618
0.09588738150399999,-1347.4580122142233
0.09698209006599999,-1341.4378119077178
0.09736845779400001,-1335.4176116677793
0.09884953406,-1329.3974114944083
0.09994424262,-1323.37721125447
0.09968666415800001,-1317.3570110145315
0.100073031876,-1311.3368107745932
0.10316397370399999,-1305.3166105346547
0.10316397371199999,-1299.2964102947165
0.10297078982800001,-1293.2762100547782
0.104451866136,-1287.2560098148397
0.10329276294,-1281.2358095749014
0.106126126292,-1275.215609334963
0.104129893016,-1269.1954090950246
0.104902628478,-1263.175208855086
0.10516020696800002,-1257.1550086817151
0.10638370477800001,-1251.1348083752096
0.105031417718,-1245.114608135271
0.10638370478399999,-1239.0944078953328
0.10619052093,-1233.0742076553943
0.107027650986,-1227.054007415456
0.105610969316,-1221.0338071755175
0.10470944462000001,-1215.0136069355792
0.10580415317200001,-1208.9934067622082
0.106254915556,-1202.9732065222697
0.105353390838,-1196.9530062823314
0.10580415320399998,-1190.932806042393
0.105288996248,-1184.9126058024547
0.10580415321200001,-1178.8924055625162
0.10528899628399999,-1172.8722053225779
0.105610969398,-1166.8520050826396
0.10561096941199999,-1160.831804842701
0.10573975863400001,-1154.8116046027628
0.10438747159800002,-1148.7914043628243
0.105160207098,-1142.771204122886
0.10316397386000001,-1136.7510038829475
0.10445186632200001,-1130.7308036430093
0.10451626096200002,-1124.710603403071
0.105675364134,-1118.6904031631325
0.10470944484799997,-1112.6702029231942
0.104838234132,-1106.6500026832557
0.104645050248,-1100.6298024433174
0.10438747180600001,-1094.609602203379
0.10374352558399999,-1088.589402030008
0.10206926545199999,-1082.5692017900697
0.101940476258,-1076.5490015501312
0.09962226985000001,-1070.5288013101929
0.098334377508,-1064.508601003687
0.09769043125200001,-1058.4884007637488
0.09711087969000001,-1052.4682005238103
0.09614496036,-1046.448000283872
0.09601617117399999,-1040.4278000439338
0.092925229314,-1034.4075998705625
0.093054018594,-1028.3873996306243
0.090220655274,-1022.3671993906859
0.089963076792,-1016.3469991507475
0.089383525198,-1010.3267989108091
0.08880397362600001,-1004.3065986708707
0.0868721350136,-998.2863984309323
0.088095632832,-992.2661981909939
0.08680774041020001,-986.2459979510556
0.0870653188962,-980.2257977111173
0.0851334802656,-974.2055974711789
0.08481150716159999,-968.1853972312405
0.08275087929286,-962.1651969913021
0.0834592201456,-956.1449967513637
0.08255769541060001,-950.1247965114253
0.0819781437876,-944.104596271487
0.0812698029486,-938.0843960315486
0.080754645988,-932.0641957916102
0.080497067449,-926.0439955516719
0.08017509436560001,-920.0237953117335
0.079209174998,-914.0035951383624
0.08004630509800001,-907.9833948984241
0.0786296234,-901.9631946584857
0.078951596496,-895.9429944185473
0.078114466414,-889.9227941786089
0.07875841260999998,-883.9025939386705
0.07676217935400001,-877.8823936321648
0.077534914802,-871.8621933922265
0.074186394506,-865.8419932188555
0.07566747078399999,-859.8217929789171
0.074379578344,-853.8015927389787
0.072254555836,-847.7813924990403
0.072705318168,-841.7611922591019
0.069678770988,-835.7409920191635
0.07045150643,-829.7207917792251
0.07064469025799999,-823.7005915392867
0.06916361398599999,-817.6803912993485
0.068519667752,-811.6601910594101
0.06755374845000002,-805.6399908194717
0.068262089272,-799.6197906461006
0.06736056457600001,-793.5995904061622
0.069871954768,-787.5793900996565
0.06697419682800002,-781.5591898597181
0.06665222372000001,-775.5389896197798
0.066974196848,-769.5187893798415
0.065815093656,-763.4985891399031
0.065557515156,-757.4783888999647
0.065493120534,-751.4581886600263
0.06549312054199999,-745.4379884866552
0.065879488262,-739.4177882467169
0.064205228126,-733.3975880067785
0.06620146136800001,-727.3773877668401
0.065171147428,-721.3571875269017
0.06523554204599999,-715.3369872869633
0.066265855966,-709.316787047025
0.06652343447,-703.2965868070866
0.06562190977599999,-697.2763865671483
0.066201461356,-691.2561863272099
0.066587829062,-685.2359860872715
0.06620146134999999,-679.2157858473331
0.06504235817000001,-673.1955856073947
0.06716738064000001,-667.1753853674563
0.06510675279,-661.1551851275179
0.064591595828,-655.1349848875797
0.06446280656799999,-649.1147846476413
0.064205228106,-643.0945844077029
0.06317491417599999,-637.0743841677645
0.05976199928200001,-631.0541839278261
0.06433401735800001,-625.033983754455
0.062466573366,-619.0137835145167
0.062595362628,-612.9935832745783
0.061758232563999996,-606.9733830346399
0.061243075634,-600.9531827281343
0.060470340180000005,-594.9329824881959
0.061049891774,-588.9127822482575
0.060212761738,-582.8925820083191
0.06124307566,-576.8723817683807
0.0589892639848,-570.8521815950097
0.05924684243199999,-564.8319813550713
0.058474107031,-558.8117811151329
0.059246842470000005,-552.7915808751945
0.0583453177928,-546.7713806352562
0.058409712457599995,-540.7511803953178
0.056864241553599995,-534.7309801553795
0.05860289630480001,-528.7107799154411
0.058474107056600014,-522.6905796755027
0.05834531784,-516.6703794355643
0.058989264022,-510.6501791956259
0.060792313374,-504.62997895568753
0.05931123709620001,-498.6097787157492
0.06008397255500001,-492.5895784758108
0.0606635241,-486.5693782358724
0.06278854657199999,-480.5491779959341
0.062659757304,-474.5289777559957
0.063690071212,-468.5087775160573
0.06439841204400001,-462.4885772761189
0.06420522817799999,-456.46837710274787
0.066008277522,-450.4481768628095
0.066845407566,-444.42797662287114
0.06755374836,-438.40777638293275
0.066909802176,-432.38757614299436
0.068648456898,-426.367375903056
0.070322717006,-420.34717566311764
0.070837873958,-414.32697535661197
0.071481820158,-408.3067751166736
0.07283410720200001,-402.2865749433025
0.073220474898,-396.26637470336414
0.07264092335,-390.24617446342575
0.075603075854,-384.22597422348736
0.077985676832,-378.205773983549
0.077019757518,-372.18557374361063
0.07747051984799999,-366.16537350367224
0.078372044566,-360.1451732637339
0.079595542352,-354.1249730237955
0.078243255316,-348.10477278385713
0.081076618638,-342.08457254391874
0.078436439184,-336.0643723705477
0.080497067054,-330.0441721306093
0.078178860704,-324.0239718241036
0.079917515464,-318.00377158416524
0.07830764995600001,-311.9835713442269
0.080110699352,-305.9633711042885
0.07785688763,-299.9431708643501
0.076890968324,-293.9229706244118
0.07631141673,-287.9027703844734
0.073800026524,-281.8825702111023
0.07347805344200001,-275.86236997116396
0.07302729110200001,-269.84216973122557
0.069936349304,-263.8219694912872
0.07025832242600001,-257.80176925134884
0.06826208917,-251.78156901141045
0.06813329993999999,-245.76136877147206
0.068519667694,-239.7411685315337
0.066781012928,-233.7209682915953
0.066137066722,-227.70076805165695
0.066716618302,-221.6805678117186
0.066523434456,-215.6603675717802
0.06626585597479999,-209.64016733184184
0.06620146136800001,-203.61996709190345
0.06806890535200001,-197.5997668519651
0.06768253764680002,-191.5795666120267
0.068197694596,-185.55936637208833
0.06761814305399999,-179.53916613214994
0.068068905365,-173.51896589221158
0.06884164083219999,-167.49876565227322
0.06864845695800001,-161.47856547890214
0.069228008552,-155.45836523896375
0.070258322484,-149.4381649990254
0.070837874072,-143.417964759087
0.06916361390600001,-137.39776445258133
0.07012953324599999,-131.37756421264297
0.07148182026800001,-125.35736397270459
0.07186818798200001,-119.33716373276621
0.073800026616,-113.31696355939515
0.073284869644,-107.29676331945677
0.07528110287,-101.2765630795184
0.07528110287199999,-95.25636283958002
0.076182627556,-89.23616259964164
0.07573186522799999,-83.21596235970327
0.078500833894,-77.1957621197649
0.07714854685999999,-71.17556187982652
0.079015990878,-65.15536163988816
0.078565228532,-59.13516139994977
0.08049706714,-53.114961160011404
0.080175094054,-47.09476092007303
0.08081904023799999,-41.07456068013465
0.08152738109799999,-35.05436044019628
0.081462986456,-29.034160200257904
0.0824933004,-23.013959960319532
0.082428905814,-16.993759720381156
0.083330430502,-10.973559480442782
0.084940296054,-4.953359240504408
0.08526226916600001,1.0668409661503164
0.08693652934400001,7.08704120608869
0.08616379386800001,13.107241446027064
0.086807740118,19.12744168596544
0.08719410786200002,25.147641892620165
0.086356977812,31.167842132558537
0.086872134756,37.18804237249691
0.087580475614,43.208242612435285
0.08519787468000001,49.22844288565731
0.08655016168799999,55.248643125595684
0.08783805415,61.26884336553406
0.08758047567,67.28904360547243
0.08770926493,73.3092438454108
0.08648576713200001,79.32944405206553
0.088031238062,85.3496442920039
0.087451686478,91.36984453194228
0.08803123808,97.39004477188065
0.08667895108000001,103.41024501181903
0.08706531879400001,109.43044521847375
0.08558424256199999,115.45064545841213
0.084747112496,121.4708456983505
0.08609939958000001,127.49104593828888
0.08500469104599999,133.51124617822725
0.08597061035,139.53144645144928
0.08448953409200001,145.55164669138765
0.0859062157686,151.571846931326
0.08481150718199999,157.5920471712644
0.0865501620126,163.61224737791912
0.0833948255776,169.63244761785748
0.08564863730160001,175.65264785779587
0.084360744855,181.67284809773423
0.085197874904,187.69304833767262
0.08532666414620001,193.71324857761098
0.08474711251400001,199.7334487842657
0.08545545333999999,205.7536490242041
0.08506908561599999,211.77384926414246
0.08545545329599999,217.79404950408085
0.085326664054,223.8142497440192
0.087129713426,229.83444995067393
0.08539105864999999,235.8546502571796
0.08758047574,241.874850497118
0.08680774028,247.8950507037727
0.08738729185999998,253.91525094371107
0.088739578904,259.93545118364943
0.088417605754,265.9556514235878
0.09092899598000001,271.9758516635262
0.090542628234,277.9960519034646
0.091315363696,284.0162521101193
0.09183052066200001,290.0364523500577
0.09350478079600001,296.0566525899961
0.09427751622200001,302.0768528299344
0.09627374950600001,308.0970530698728
0.096531328014,314.11725327652755
0.09878513973,320.1374535164659
0.09955787519200002,326.15765382297155
0.103421552446,332.1778540296263
0.102906395484,338.1980542695647
0.10516020721199999,344.218254509503
0.106190521164,350.2384547494414
0.108959489912,356.2586549893798
0.10998980383399999,362.27885522931814
0.11140648551000001,368.2990554359729
0.11250119410199999,374.3192556759113
0.11333832418800001,380.3394559158496
0.114046665042,386.359656155788
0.11559213596600001,392.3798563957264
0.116493660684,398.4000566356648
0.11681563377399999,404.4202568423195
0.118683077834,410.44045708225786
0.12055052185599999,416.46065732219625
0.12061491650999998,422.48085759541823
0.122160387416,428.5010578353566
0.12377025298399999,434.521258075295
0.12280433361999998,440.5414583152334
0.12538011848000002,446.56165855517173
0.126668010936,452.5818587618265
0.125830880836,458.60205900176487
0.12647482706,464.6222592417032
0.12718316788,470.6424594816416
0.12544451308,476.66265972158
0.12692558937999998,482.6828599615184
0.12692558936,488.70306016817307
0.12486496141999999,494.72326040811146
0.12628164311999998,500.74346064804985
0.123899042094,506.7636608879882
0.123899042118,512.7838611612102
0.12293312276599999,518.8040614011486
0.124800566828,524.824261641087
0.12286872818599999,530.8444618810254
0.12113007339199999,536.8646621209637
0.122224781952,542.8848623276184
0.120872494892,548.9050625675568
0.120164154066,554.9252628074952
0.119584602468,560.9454630474336
0.115785319796,566.965663287372
0.11881186701000002,572.9858634940267
0.117588369222,579.006063733965
0.11681563375399999,585.0262639739034
0.11636487142599998,591.0464642138418
0.115205768216,597.0666644537802
0.11385348121000001,603.0868647270022
0.113982270412,609.1070649669406
0.11340271882799999,615.127265206879
0.11340271884599999,621.1474654468173
0.10786478129600001,627.167665653472
0.11243679950600001,633.1878658934104
0.11269437797399999,639.2080661333488
0.11134209092199998,645.2282663732872
0.11140648553000002,651.2484666132256
0.110569355424,657.2686668198802
0.10889509526599998,663.2888670598186
0.10973222536,669.309067299757
0.10837993828600001,675.3292675396954
0.10773599206800002,681.3494677796338
0.10638370497,687.3696680195721
0.10631931038,693.3898682262269
0.10606173186000001,699.4100685327326
0.10573975873799998,705.4302687726708
0.10432307704999999,711.4504689793256
0.10438747166,717.470669219264
0.104194287778,723.4908694592024
0.10322836841999998,729.5110696991408
0.10355034156000001,735.5312699390792
0.101425319,741.5514701790174
0.10219805449799998,747.5716703856722
0.10039500509199999,753.5918706256106
0.100330610466,759.612070865549
0.099622269654,765.6322711054873
0.099364691182,771.6524713454257
0.09691769556200001,777.6726715520805
0.09678890633399999,783.6928717920188
0.09517904080799999,789.7130720985244
0.095372224684,795.7332723051792
0.09479267311999999,801.7534725451176
0.093569175348,807.773672785056
0.093569175348,813.7938730249944
0.092088099062,819.8140732649327
0.090928995898,825.834273504871
0.09099339051399999,831.8544737115258
0.089576708884,837.8746739514642
0.08777365949399998,843.8948741914026
0.08835321110400002,849.9150744313409
0.086485767084,855.9352746712793
0.086678950962,861.955474877934
0.08506908542000001,867.9756751178724
0.086678950986,873.9958753578107
0.08390998229999999,880.0160755977491
0.083394825326,886.0362758709712
0.081784959776,892.0564761109096
0.08255769529,898.076676350848
0.081720565204,904.0968765907863
0.081656170612,910.1170768307246
0.07985312122399998,916.1372770373794
0.080625856736,922.1574772773178
0.08101222446999999,928.1776775172561
0.08081904063,934.1978777571945
0.079595542864,940.2180779971329
0.078758412792,946.2382782370712
0.079080385942,952.258478443726
0.079853121454,958.2786786836643
0.07779249357,964.2988789236027
0.0780500720892,970.3190791635411
0.0789515968328,976.3392794367631
0.0775993097998,982.3594796767015
0.0783076506646,988.3796799166399
0.0776637044106,994.3998801565782
0.0776637044654,1000.420080363233
0.07721294210080001,1006.4402806031713
0.0768909689836,1012.4604808431097
0.077406125946,1018.4806810830481
0.0764402066074,1024.5008813229865
0.07843643987160001,1030.5210815629248
0.07837204522199999,1036.5412817695797
0.078436439861,1042.561482009518
0.078758412937,1048.5816822494562
0.07927356988199999,1054.6018824893947
0.08011069996,1060.622082729333
0.0794667537196,1066.6422830025551
0.08056146227199999,1072.6624832424934
0.08114101384,1078.682683482432
0.082042538534,1084.7028837223702
0.083072852472,1090.7230839290248
0.08294406320600001,1096.7432841689633
0.08230011704,1102.7634844089016
0.083266036312,1108.78368464884
0.08410316638599999,1114.8038848887784
0.08455392871199999,1120.8240850954332
0.08436074483199998,1126.8442853353715
0.08513348025800001,1132.8644855753098
0.08590621568800001,1138.8846858152483
0.086421372644,1144.9048860551866
0.08558424258,1150.925086295125
0.086099399532,1156.9452865017797
0.08481150708600001,1162.9654868082855
0.085648637146,1168.9856870482238
0.08506908557399999,1175.0058872548784
0.085713031724,1181.026087494817
0.086421372574,1187.0462877347552
0.084296350046,1193.0664879746937
0.084747112358,1199.086688214632
0.08403877151800002,1205.1068884545705
0.0836524038,1211.1270886612251
0.083330430686,1217.1472889011634
0.083781193044,1223.167489141102
0.083652403778,1229.1876893810402
0.081334197422,1235.2078896209787
0.08120540815800001,1241.2280898276333
0.08056146197,1247.2482900675718
0.078178860974,1253.2684903740774
0.07811446639,1259.288690580732
0.07663339011599998,1265.3088908206705
0.07605383852,1271.3290910606088
0.07644020621200001,1277.3492913005473
0.07508791919600001,1283.3694915404856
0.075087919194,1289.389691780424
0.07380002675200001,1295.4098919870787
0.07360684289,1301.430092227017
0.072576528958,1307.4502924669555
0.072962896658,1313.4704927068938
0.07148182037600001,1319.4906929468323
0.072383345026,1325.510893153487
0.07186818805800001,1331.5310933934254
0.071288636466,1337.5512936333637
0.070515901002,1343.571493873302
0.06948558706399999,1349.591694146524
0.070258322516,1355.6118943864624
0.068841640836,1361.6320946264009
0.068777246236,1367.6522948663392
0.067167380692,1373.6724951062777
0.067682537644,1379.6926953129323
0.066330250628,1385.7128955528706
0.066265856006,1391.733095792809
0.06562190979000002,1397.7532960327474
0.06484917433,1403.7734962726859
0.06304612496199999,1409.7936965126241
0.06529993669800001,1415.813896719279
0.063368098062,1421.8340969592173
0.06246657337,1427.8542971991556
0.061307470208,1433.874497439094
0.061436259443999996,1439.894697712316
0.06104989172600002,1445.9148979522545
0.059246842354,1451.9350981921928
0.059633210081999996,1457.9552984321313
0.05660666291000001,1463.975498638786
0.05725060913760001,1469.9956988787242
0.057121819896,1476.0158991186627
0.05499679742,1482.036099358601
0.055383165150000004,1488.0562995985395
0.05461042968,1494.0764998384777
0.052678591072,1500.0967000451324
0.053902088852,1506.1169002850709
0.053193748016,1512.1371005250091
0.053515721122,1518.1573007649476
0.053580115718,1524.177501004886
0.054546035018000004,1530.197701278108
0.052227828682,1536.2179015180463
0.052163434048,1542.2381017579849
0.051133120136,1548.2583019979231
0.050102806183999996,1554.2785022045778
0.05145509320799999,1560.2987024445163
0.05010280617,1566.3189026844545
0.049716438448,1572.339102924393
0.0486217299,1578.3593031643313
0.048235362162,1584.379503370986
0.048750519129999996,1590.3997036109245
0.047527021338000006,1596.4199038508627
0.047205048234,1602.4401040908012
0.046045945064,1608.4603043307395
0.045080025765999995,1614.480504570678
0.044436079558000004,1620.5007047773327
0.043727738736,1626.5209050838384
0.043276976402,1632.5411053237767
0.043276976396,1638.5613055304314
0.043727738736000006,1644.5815057703699
0.04269742481199999,1650.6017060103081
0.042890608672,1656.6219062502466
0.043470160258000004,1662.642106490185
0.043148187152,1668.6623066968396
0.044242895690000006,1674.682506936778
0.043727738738,1680.7027071767163
0.043405765636,1686.7229074166548
0.043534554876,1692.743107656593
0.04282621406,1698.7633078965316
0.042890608674000005,1704.7835081031863
0.043148187152,1710.8037083431245
0.04289060867000001,1716.8239086496303
0.041860294748,1722.844108856285
0.041023164684,1728.8643090962235
0.042504240934,1734.8845093361617
0.040379218476,1740.9047095761002
0.04147392701,1746.9249098160385
0.041989083963999994,1752.9451100559768
0.042117873214,1758.9653102626316
0.04160271624799999,1764.98551050257
0.043019397884000006,1771.0057107425084
0.042697424788,1777.0259109824467
0.043341370985999994,1783.0461112223852
0.042246662452,1789.0663114290398
0.044114106426,1795.0865116689781
0.04578836655599999,1801.1067119089166
0.044178501046000004,1807.126912148855
0.045401998836000004,1813.147112422077
0.04495123648799999,1819.1673126620153
0.046689891236,1825.1875129019538
0.045659577314,1831.207713141892
0.045015631116,1837.2279133818304
0.046110339656,1843.2481135884852
0.04379213332799999,1849.2683138284235
0.044500474156,1855.288514068362
0.042955003273999995,1861.3087143083003
0.043920922574,1867.3289145482388
0.044242895672,1873.3491147548934
0.044693658014,1879.3693149948317
0.044500474156,1885.3895152347702
0.045273209594000004,1891.4097154747085
0.046947469724000004,1897.429915714647
0.046045945039999994,1903.450115987869
0.046883075102,1909.4703162278074
0.04907249218399999,1915.4905164677457
0.050231595350000005,1921.510716707684
0.04952325452800001,1927.5309169143388
0.051777066242,1933.551117154277
0.05139069852399999,1939.5713173942156
0.052034644728,1945.591517634154
0.055383164994,1951.6117178740924
0.055447559622,1957.6319181140307
0.056799846646,1963.6521183206853
0.057894555188,1969.6723185606238
0.058538501394,1975.692518800562
0.060470340012,1981.7127190405006
0.059890788417999996,1987.7329192804389
0.060727918496,1993.753119553661
0.062337784006000006,1999.7733197935993
0.06227338939000001,2005.7935200335376
0.06330370331799999,2011.8137202401924
0.06246657325599999,2017.8339204801307
0.064012044148,2023.8541207200692
0.064012044148,2029.8743209600075
0.065686304292,2035.894521199946
0.06581509354000001,2041.9147214398843
0.06658782899200001,2047.934921646539
0.066974196708,2053.955121886477
0.066137066652,2059.975322126416
0.067553748296,2065.995522366354
0.06568630432,2072.0157226062925
0.06710298597799999,2078.0359228462307
0.065879488184,2084.0561230528856
0.06626585591600001,2090.076323359391
0.064784779654,2096.0965235993294
0.065299936618,2102.1167238059843
0.063947649586,2108.1369240459226
0.06497796353,2114.1571242858613
0.064334017326,2120.1773245257996
0.06414083346,2126.197524765738
0.064012044224,2132.2177249723927
0.064849174304,2138.237925212331
0.063818860388,2144.2581254522693
0.064076438882,2150.2783256922075
0.06420522812999999,2156.2985259321463
0.06388325503,2162.3187261720846
0.06459159585600001,2168.338926378739
0.06285294112199999,2174.3591266186777
0.06323930884600001,2180.3793269251832
0.06330370346400001,2186.399527131838
0.061629443338,2192.4197273717764
0.063110519604,2198.4399276117147
0.062144600281999994,2204.460127851653
0.061500654094000004,2210.480328091591
0.060599129402,2216.500528298246
0.060534734776,2222.5207285381844
0.059761999340000004,2228.540928778123
0.06001957783800001,2234.5611290180614
0.057443793024,2240.5813292579996
0.057121819921999994,2246.601529497938
0.055962716754,2252.621729704593
0.05589832212399999,2258.641929944531
0.055189981298,2264.6621301844693
0.052614196486,2270.682330424408
0.052227828760000004,2276.7025306976298
0.052549801834,2282.7227309375685
0.04971643854199999,2288.7429311775068
0.049909622396,2294.763131417445
0.048814913844,2300.7833316573833
0.04752702144,2306.803531864038
0.046239129014,2312.8237321039765
0.04611033975,2318.8439323439147
0.045208815068,2324.864132583853
0.044307290352000005,2330.8843328237917
0.042439846372000004,2336.904533030446
0.04198908401,2342.924733270385
0.041409532436,2348.944933510323
0.040829980842,2354.9651337502614
0.03999285078,2360.9853339901997
0.039606483052,2367.005534263422
0.038511774516,2373.02573450336
0.038061012168,2379.0459347432984
0.036837514386,2385.066134983237
0.035420832744,2391.0863351898915
0.035356438114,2397.1065354298303
0.034261729574,2403.1267356697685
0.033746572614,2409.146935909707
0.033746572611999995,2415.167136149645
0.033102626412,2421.1873363895834
0.033875361847999996,2427.2075365962382
0.033167021032,2433.2277368361765
0.03413294033,2439.2479370761152
0.033939756466,2445.2681373160535
0.034712491908,2451.288337555992
0.035292043486,2457.308537829214
0.035034465008000004,2463.328738069152
0.035871595064,2469.3489383090905
0.036708725124,2475.3691385157454
0.035742805828,2481.3893387556836
0.03703069823,2487.409538995622
0.036515541267999996,2493.42973923556
0.037996617526,2499.449939475499
0.038576169114,2505.470139715437
0.037030698230000006,2511.490339922092
0.038704958357999995,2517.5105401620303
0.037223882104,2523.5307404019686
0.03831859065,2529.550940641907
0.037739039076,2535.571140881845
0.038704958372000005,2541.5913410885
0.03922011534000001,2547.6115413284383
0.03986406153000001,2553.6317416349443
0.040508007740000004,2559.6519418415987
0.041023164698,2565.6721420815375
0.041087559322000006,2571.6923423214757
0.042697424826,2577.712542561414
0.040443613132,2583.7327428013523
0.0439209226082,2589.7529430412906
0.0421178732552,2595.7731432479454
0.043148187174,2601.7933434878837
0.0441785010996,2607.8135437278224
0.04520881502059999,2613.8337439677607
0.046174734333400004,2619.853944207699
0.0459815504722,2625.8741444476373
0.04688307517379999,2631.894344654292
0.047591416001599995,2637.9145448942304
0.0481065729716,2643.934745200736
0.04817096761393201,2649.954945407391
0.0504247793206,2655.975145647329
0.0498452277376,2661.9953458872674
0.0508755416726,2668.015546127206
0.0510687255376,2674.0357463671444
0.052163434076000006,2680.0559465737992
0.05184146099880001,2686.0761468137375
0.053322537251999994,2692.096347053676
0.053451326528,2698.116547293614
0.054095272709999996,2704.1367475335524
0.053773299632799997,2710.156947773491
0.054610429716,2716.1771479801455
0.054610429714,2722.197348220084
0.05467482435399999,2728.2175484600225
0.055640743682000005,2734.237748699961
0.05570513832,2740.257948973183
0.058216528522,2746.278149213121
0.058796080104000004,2752.2983494530595
0.060921102591999995,2758.3185496929977
0.06311051966799999,2764.3387499329365
0.061951416534000006,2770.358950139591
0.064398412112,2776.3791503795296
0.06414083363600001,2782.399350619468
0.06703859160200001,2788.419550859406
0.066330250798,2794.4397510993444
0.067360564764,2800.4599513059993
0.06787572173800001,2806.4801515459376
0.069549981896,2812.500351785876
0.070387111994,2818.520552025814
0.07186818828,2824.540752265753
0.07276971299799999,2830.5609525389746
0.074572762382,2836.5811527789133
0.073993210782,2842.6013530188516
0.076247022546,2848.62155325879
0.076182627982,2854.6417534654447
0.07708415268800001,2860.661953705383
0.077406125844,2866.6821539453213
0.078887202092,2872.7023541852595
0.08159177624200001,2878.7225544251983
0.079724332286,2884.7427546318527
0.08133419781,2890.7629548717914
0.08094783012600001,2896.7831551117297
0.08204253873600001,2902.803355351668
0.08275087956,2908.8235555916062
0.082557695742,2914.8437558315445
0.083330431204,2920.8639561047667
0.079917516408,2926.884156344705
0.08442513986000001,2932.9043565846437
0.087000924706,2938.924556791298
0.08648576781600001,2944.9447570312363
0.08770926558,2950.964957271175
0.08861079030999999,2956.9851575111134
0.087838054878,2963.0053577510516
0.089125947362,2969.02555799099
0.088417606512,2975.045758197645
0.089963077504,2981.065958437583
0.08732289808000002,2987.0861586775213
0.089383525983,2993.10635891746
0.08951231526360001,2999.1265591573983
0.0885463959666,3005.146759364053
0.0890615529256,3011.1669596039915
0.0877736604786,3017.187159910497
0.09009186683259998,3023.207360117152
0.0880956335436,3029.22756035709
0.08944792060319999,3035.2477605970284
0.0897054990734,3041.2679608369667
0.09034944527,3047.2881610769055
0.09073581301,3053.3083613168437
0.09067141837,3059.3285615234986
0.090735813006,3065.348761763437
0.09067141834,3071.368962003375
0.089769893676,3077.3891622433134
0.09015626133,3083.4093624832517
0.091122180666,3089.4295626899066
0.09221688922,3095.449762929845
0.090478234452,3101.4699631697836
0.092603256924,3107.490163476289
0.091766126806,3113.5103636829435
0.091894916084,3119.5305639228823
0.091766126802,3125.5507641628205
0.092989624566,3131.570964402759
0.092860835292,3137.591164642697
0.09401993847000001,3143.611364849352
0.0940843331,3149.6315650892902
0.095372225504,3155.6517653292285
0.09562980402999999,3161.6719655691672
0.096660117858,3167.6921658091055
0.097046485646,3173.712366049044
0.097948010254,3179.7325662556987
0.099429086618,3185.752766495637
0.09930029729,3191.772966735575
0.098527561858,3197.7931669755135
0.099493481132,3203.8133672487356
0.09981545429,3209.833567488674
0.09904271873400002,3215.8537677286126
0.100845768202,3221.873967968551
0.099235902612,3227.894168175206
0.10065258427599999,3233.914368415144
0.10116774125200001,3239.9345686550823
0.10084576805600001,3245.9547688950206
0.101425319642,3251.974969134959
0.10148971424799999,3257.9951693748976
0.102069265852,3264.015369581552
0.10071697872600001,3270.0355698214903
0.10142531958,3276.055770061429
0.10136092492599999,3282.0759703013673
0.10168289804800001,3288.0961705413056
0.10174729259399999,3294.1163708145277
0.10309957966000001,3300.136571054466
0.103357158124,3306.1567712944043
0.10284200111200001,3312.176971534343
0.10342155271799999,3318.1971717409974
0.103807920412,3324.2173719809357
0.10412989350000001,3330.2375722208744
0.10419428813400003,3336.2577724608127
0.10548218055199998,3342.277972700751
0.10696325687600002,3348.298172907406
0.10754280845799999,3354.318373147344
0.107285229992,3360.3385733872824
0.10760720308000002,3366.3587736272207
0.108830700908,3372.3789738671594
0.107800386936,3378.3991741070977
0.10825114931799999,3384.41937438032
0.10960343635399998,3390.439574620258
0.108637517036,3396.4597748601964
0.109217068602,3402.4799750668512
0.10734962462799999,3408.5001753067895
0.10960343636400001,3414.520375546728
0.10870191171399998,3420.540575786666
0.10741401926399999,3426.560776026605
0.10619052149199999,3432.580976233259
0.1068344677,3438.6011764731975
0.10528899682200002,3444.621376713136
0.105160207546,3450.6415769530745
0.104387472136,3456.6617771930128
0.102970790498,3462.681977432951
0.10071697871400001,3468.702177639606
0.10039500566800001,3474.722377879544
0.098334377744,3480.7425781860497
0.09775482619,3486.7627783927046
0.095565409092,3492.782978632643
0.09382675428479999,3498.8031788725816
0.09279644034140001,3504.82337911252
0.09311841347559999,3510.843579352458
0.0898342877856,3516.8637795923964
0.0894479200446,3522.8839797990513
0.0885463953578,3528.9041800389896
0.08861078997060001,3534.924380278928
0.08693652980559999,3540.9445805188666
0.08725850282940001,3546.964780758805
0.0854554534976,3552.9849809654597
0.08590621577560001,3559.005181205398
0.08577742652020001,3565.0253814453363
0.0863569781108,3571.0455817185584
0.084425139515,3577.0657819584967
0.085519848024,3583.085982198435
0.083072852384,3589.1061824383733
0.083781193236,3595.126382678312
0.082364511536,3601.1465829182503
0.0813341976426,3607.1667831249047
0.07998191057599999,3613.1869833648434
0.081141013765,3619.2071836047817
0.080947829872,3625.22738384472
0.08023948905879999,3631.2475840846582
0.081012224488,3637.267784324597
0.0770841525866,3643.2879845312514
0.08017509438800001,3649.3081847711896
0.07869401810599999,3655.3283850111284
0.079015991186,3661.3485852510667
0.078114466478,3667.368785524289
0.078307650346,3673.388985764227
0.077921282616,3679.4091860041653
0.07772809870599999,3685.4293862441036
0.077470520228,3691.4495864507585
0.077341730968,3697.4697866906968
0.080239488922,3703.489986930635
0.078500834068,3709.5101871705738
0.07862962333799998,3715.530387410512
0.07901599101199999,3721.5505876504503
0.07779249321000001,3727.570787857105
0.07747052007399999,3733.5909880970435
0.07811446628400001,3739.6111883369817
0.078050071646,3745.63138857692
0.077728098524,3751.6515888168587
0.077212941548,3757.6717890900804
0.07798567695400001,3763.691989330019
0.077599309222,3769.7121895699574
0.077341730704,3775.732389776612
0.077792493046,3781.7525900165506
0.078050071542,3787.772790256489
0.078243255372,3793.792990496427
0.077470519928,3799.8131907363654
0.07772809840999999,3805.833390976304
0.07772809839400001,3811.8535911829586
0.078951596168,3817.873791422897
0.079337963904,3823.8939916628356
0.081269802528,3829.914191902774
0.080303883206,3835.934392142712
0.08262208956,3841.9545923826504
0.08146298637800001,3847.9747926558725
0.083008457284,3853.994992895811
0.082686484174,3860.015193135749
0.084360744316,3866.035393342404
0.082622089548,3872.055593582342
0.084811506646,3878.075793822281
0.08352361422400001,3884.0959940622192
0.08513347975800001,3890.1161943021575
0.085906215194,3896.1363945088124
0.086228188294,3902.1565947487506
0.08635697752799999,3908.176794988689
0.08609939904399999,3914.196995228627
0.08680773989400001,3920.217195468566
0.087322896836,3926.237395708504
0.08848200004199999,3932.2575959151586
0.08764486994000001,3938.2777961550973
0.08970549784800001,3944.297996461603
0.08712971299,3950.3181966682578
0.088095632324,3956.338396908196
0.08661455603799999,3962.3585971481343
0.08655016141,3968.3787973880726
0.087129713016,3974.398997628011
0.08539105825599999,3980.4191978679496
0.086228188334,3986.439398074604
0.085004690538,3992.4595983145427
0.086163793728,3998.479798554481
0.08564863674999999,4004.4999987944193
0.085584242142,4010.5201990343576
0.08687213458399999,4016.5403992410124
0.08551984754200001,4022.5605994809507
0.085777426036,4028.580799720889
0.087516080808,4034.600999994111
0.08693652922200001,4040.6212002340494
0.087838053918,4046.641400473988
0.08764487006199999,4052.6616007139264
0.087129713088,4058.6818009538647
0.08719410772400002,4064.702001193803
0.084747112126,4070.722201400458
0.08584182069400001,4076.742401640396
0.085391058342,4082.7626018803344
0.085713031466,4088.782802120273
0.085133479878,4094.8030023602114
0.086485766918,4100.823202566866
0.085069085292,4106.843402806804
0.08481150681199999,4112.863603046742
0.08558424226599999,4118.8838032866815
0.084682717582,4124.90400352662
0.08390998216000001,4130.924203799842
0.084682717632,4136.94440403978
0.08287966826000001,4142.9646042797185
0.083909982194,4148.984804519657
0.082879668288,4155.005004726311
0.08236451132199998,4161.0252049662495
0.08223572207799998,4167.045405206188
0.08152738122799999,4173.065605446127
0.080303883464,4179.085805686065
0.080754645818,4185.1060059260035
0.08120540819,4191.126206132658
0.07985312115,4197.146406372596
0.081076618924,4203.166606612534
0.07985312115000001,4209.186806852473
0.07978872652999999,4215.207007092412
0.080303883518,4221.227207365633
0.079144780312,4227.247407605571
0.079788726542,4233.267607845511
0.07940235882400001,4239.287808052165
0.07862962337,4245.308008292103
0.079402358838,4251.328208532042
0.077663704082,4257.34840877198
0.076568995486,4263.368609011918
0.076311417018,4269.388809251856
0.07644020624999999,4275.409009458512
0.0748947353522,4281.42920969845
0.07573186540879999,4287.449409938388
0.075731865411,4293.469610178327
0.0753454976946,4299.489810418265
0.0718681881054,4305.51001062492
0.0747015514202,4311.530210931425
0.07573186535500001,4317.5504111713635
0.07476594601599999,4323.570611411302
0.07547428684,4329.590811617957
0.076568995378,4335.611011857895
0.07611823300000001,4341.631212097834
0.077985677008,4347.651412337772
0.077406125408,4353.67161257771
0.077599309254,4359.6918127843655
0.078307650102,4365.712013024304
0.07837204470600001,4371.732213264242
0.078178860858,4377.75241350418
0.077148546898,4383.772613744119
0.077856887736,4389.792813984057
0.07850083393,4395.813014190711
0.078178860828,4401.8332144306505
0.077728098512,4407.853414737156
0.077599309258,4413.873614943811
0.07888720169999999,4419.893815183749
0.076955363078,4425.9140154236875
0.078629623258,4431.934215663626
0.076568995372,4437.954415903564
0.077856887812,4443.974616110218
0.07689096855199999,4449.994816350157
0.07637581156199999,4456.015016590096
0.07779249324,4462.035216830034
0.078050071732,4468.0554170699725
0.07753491477400001,4474.075617309911
0.078372044894,4480.095817516565
0.07785688788999999,4486.116017756503
0.07656899552400001,4492.136217996442
0.07901599110400001,4498.156418269664
0.07714854708800001,4504.176618509602
0.07888720189000001,4510.19681874954
0.077084152508,4516.21701898948
0.07856522877000001,4522.237219229418
0.077019757898,4528.257419469356
0.07663339017000001,4534.2776196760105
0.076440206322,4540.297819915949
0.07644020631399999,4546.318020155887
0.07553868162,4552.338220395825
0.07560307624,4558.358420635765
0.073928816118,4564.378620842419
0.07373563225799999,4570.398821082357
0.07283410758,4576.4190213222955
0.07244773985,4582.439221562234
0.07309168609399999,4588.459421802172
0.07045150666399999,4594.479622075394
0.072254556036,4600.4998223153325
0.06961437661400001,4606.520022555271
0.07058029588200002,4612.54022279521
0.06980756047,4618.560423001864
0.07000074431,4624.580623241803
0.06890603575399999,4630.600823481741
0.070129533528,4636.621023721679
0.069421192714,4642.6412239616175
0.06961437657,4648.661424168273
0.068841641114,4654.681624408211
0.069936349692,4660.701824648149
0.067102986382,4666.722024888088
0.069356798032,4672.742225128026
0.06639464554999999,4678.762425367964
0.067940116416,4684.782625641186
0.065815093928,4690.802825881125
0.06645904015599999,4696.823026121063
0.06755374869,4702.843226327718
0.06684540789599999,4708.8634265676565
0.06723177556,4714.883626807595
0.06716738098599999,4720.903827047533
0.070322717334,4726.924027287471
0.068455273356,4732.94422752741
0.06922800877400001,4738.964427734065
0.068004510958,4744.984627974003
0.068197694838,4751.004828213941
0.068970430266,4757.02502845388
0.06922800872,4763.045228693818
0.06980756029,4769.065428900472
0.06890603561,4775.085629206978
0.069871954882,4781.105829446917
0.070773479578,4787.126029653571
0.07154621500399999,4793.14622989351
0.07032271716800001,4799.166430133449
0.070065138694,4805.186630373387
0.071610609578,4811.206830613325
0.070773479502,4817.227030853263
0.07154621493400001,4823.247231059918
0.07083787413,4829.267431299856
0.069807560172,4835.287631539794
0.07058029562799999,4841.3078317797335
0.06903482470399999,4847.328032019672
0.068519667732,4853.34823225961
0.06781132693200001,4859.3684324662645
0.06813330001000001,4865.388632706203
0.06658782910399999,4871.408833012709
0.06748935381000001,4877.429033219363
0.066523434492,4883.4492334593015
0.06626585601400001,4889.46943369924
0.06626585601400001,4895.489633939179
0.06555751519,4901.509834179117
0.06575069906400001,4907.530034385772
0.065428725944,4913.55023462571
0.064334017412,4919.570434865648
0.06414083353399999,4925.590635105586
0.06304612501,4931.610835345525
0.062917335748,4937.631035585464
0.060534734792,4943.651235792118
0.062724151888,4949.671436032057
0.060727918638,4955.691636271995
0.061951416450000005,4961.711836545217
0.06175823257,4967.732036785155
0.062080205688000004,4973.752237025094
0.061114286364,4979.772437265032
0.06008397242,4985.79263750497
0.061114286372000004,4991.812837744909
0.06195141641799999,4997.833037951564
0.061436259462,5003.853238191502
0.06150065407600001,5009.87343843144
0.06137186485,5015.8936386713785
0.060148367051999996,5021.913838911317
0.059633210068,5027.934039117972
0.06111428632,5033.95423935791
0.060663523976,5039.974439597849
0.061436259413999994,5045.994639837787
0.06040594547,5052.014840077725
0.06227338947200001,5058.035040350947
0.060405945472,5064.055240590886
0.060277156212000006,5070.075440830824
0.060727918554000004,5076.095641070762
0.060148366954,5082.1158412774175
0.061565048597999994,5088.136041517356
0.059504420732,5094.156241757294
0.061114286256,5100.176441997232
0.060727918536,5106.196642237171
0.060599129291999995,5112.216842443825
0.060599129278,5118.237042683764
0.061436259334,5124.2572429237025
0.062208994783999993,5130.277443163641
0.061822627056,5136.297643403579
0.06175823243800001,5142.317843643517
0.06162944319,5148.3380439167395
0.062080205522,5154.358244156678
0.062659757112,5160.378444396616
0.061693837806,5166.39864460327
0.062273389384,5172.418844843209
0.061693837797999994,5178.439045083148
0.060534734625999995,5184.459245323086
0.06085670773,5190.4794455630245
0.06104989159200001,5196.499645802963
0.060470339998,5202.519846009617
0.058989263744,5208.540046249555
0.060148366918000004,5214.560246489494
0.05931123685999999,5220.580446729433
0.057250609012000006,5226.600646969371
0.058538501446,5232.620847176026
0.058280922980000004,5238.641047482532
0.059053658418,5244.66124772247
0.05737939830199999,5250.681447929124
0.058152133756,5256.7016481690625
0.057636976815999996,5262.721848409001
0.056671057506,5268.742048648939
0.0553187705048,5274.762248888878
0.057379398348,5280.782449128817
0.056027111332,5286.802649335471
0.05493240277,5292.822849575409
0.054610429674000004,5298.8430498153475
0.05415966733199999,5304.863250055286
0.055447559747999996,5310.883450295224
0.05551195435999999,5316.903650501879
0.055061191994,5322.923850741818
0.054030878056,5328.944050981756
0.05261419640199999,5334.964251288262
0.05473921885199999,5340.984451494916
0.051648277068,5347.004651734855
0.05370890490400001,5353.024851974793
0.05139069856,5359.045052214731
0.05351572102799999,5365.0652524546695
0.05126190931,5371.085452661325
0.052678590943999994,5377.105652901263
0.05081114694199999,5383.125853141201
0.052163433951999995,5389.14605338114
0.05222782856999999,5395.166253621078
0.0513906985,5401.186453861016
0.052034644704,5407.2066540676715
0.051777066206,5413.22685430761
0.052356617792,5419.247054547548
0.05332253709,5425.26725482077
0.054417245632,5431.287455060708
0.05403087791,5437.307655300647
0.052421012398,5443.327855540585
0.053451326320000006,5449.348055780523
0.053773299422,5455.368255987178
0.05338693170000001,5461.388456227117
0.055189981064000006,5467.408656467055
0.05390208866,5473.428856706993
0.054546034864000004,5479.449056946932
0.05377329942,5485.46925718687
0.05705742506,5491.489457393524
0.055640743408,5497.509657633463
0.056799846582000005,5503.529857873402
0.056671057338,5509.55005811334
0.056928635818000006,5515.570258353278
0.05763697664799999,5521.590458626501
0.059053658298,5527.610658866439
0.058216528232,5533.630859106377
0.057443792794000005,5539.651059346315
0.058731685205999994,5545.67125955297
0.058602895968,5551.691459792908
0.058796079838000004,5557.711660032847
0.05950442068399999,5563.7318602727855
0.060727918478,5569.752060512724
0.05989078842000001,5575.772260719378
0.06034155077399998,5581.7924609593165
0.060792313118,5587.812661199255
0.060663523882000005,5593.832861439193
0.063174914088,5599.853061679132
0.062788546372,5605.8732619190705
0.062595362524,5611.893462192293
0.06459159576,5617.913662432231
0.064269622694,5623.933862672169
0.06523554199599998,5629.954062878824
0.066394645204,5635.974263118762
0.06697419676399999,5641.9944633587
0.066008277476,5648.014663598638
0.067811326854,5654.034863838578
0.06890603542599999,5660.055064045232
0.06806890534599999,5666.07526428517
0.07045150635,5672.095464525109
0.06806890536400001,5678.115664765047
0.071095452554,5684.135865004985
0.069549981644,5690.156065244923
0.070387111732,5696.176265451579
0.069871954764,5702.196465758084
0.070387111702,5708.216665998022
0.070193927848,5714.236866204677
0.070000743974,5720.257066444616
0.070258322454,5726.277266684554
0.070902268674,5732.297466924492
0.07038711169,5738.3176671644305
0.069936349344,5744.337867404369
0.070902268652,5750.358067611024
0.07070908478400001,5756.378267850962
0.07109545249000002,5762.398468090901
0.071546214854,5768.418668330839
0.07199697716400001,5774.438868570777
0.07206137179000001,5780.459068777432
0.07341365882199999,5786.479269017371
0.072898501864,5792.499469257309
0.072576528738,5798.519669530531
0.07405760502200001,5804.5398697704695
0.07360684265999999,5810.560070010408
0.074379578116,5816.580270250346
0.073478053418,5822.600470490284
0.073413658794,5828.620670730223
0.073928815748,5834.640870936877
0.07425078886200001,5840.661071176816
0.07380002650800001,5846.6812714167545
0.07425078884200001,5852.701471656693
0.07302729105,5858.721671896631
0.073671237256,5864.741872136569
0.072190160966,5870.762072343224
0.072769712556,5876.782272583162
0.07219016097400001,5882.802472823101
0.073156080274,5888.822673096322
0.072512134076,5894.842873336262
0.07219016099,5900.8630735762
0.07206137172399998,5906.883273816138
0.071868187878,5912.903474056076
0.072640923312,5918.923674262731
0.072898501786,5924.943874502669
0.07244773943,5930.964074742607
0.071868187844,5936.984274982547
0.073542447994,5943.004475222485
0.07180379320000001,5949.024675462423
0.072254555558,5955.044875669078
0.071417425484,5961.065075909016
0.07173939858600001,5967.085276148954
0.07115984699200001,5973.105476388892
0.069034824502,5979.125676628832
0.070065138444,5985.145876902053
0.067553748228,5991.166077141991
0.066008277336,5997.18627738193
0.06613706657400001,6003.206477588585
0.064205227958,6009.226677828523
0.062402178596,6015.246878068461
0.062208994732,6021.2670783083995
0.061114286188,6027.287278548338
0.060792313086000006,6033.307478788276
0.05873168523200001,6039.327678994931
0.057765765944,6045.34787923487
0.05692863587200001,6051.368079474808
0.054996797257999996,6057.388279714746
0.05583392732600001,6063.4084799546845
0.054095272584,6069.428680194623
0.05377329948399999,6075.448880467845
0.052485407076,6081.469080707783
0.051455093150000006,6087.489280947721
0.05126190928800001,6093.509481154377
0.050939936182000004,6099.529681394315
0.050102806122,6105.549881634253
0.049265676054,6111.570081874192
0.048557335234,6117.59028211413
0.049330070676,6123.610482320785
0.04933007068,6129.6306825607235
0.047655810546,6135.650882800662
0.04978083302400001,6141.6710830406
0.049008097566,6147.691283280538
0.048750519096,6153.711483520477
0.049008097572,6159.731683727131
0.049072492197999994,6165.751884033637
0.049716438397999996,6171.772084273575
0.04907249221,6177.792284480231
0.05003841151399999,6183.812484720169
0.050360384609999996,6189.832684960107
0.050231595367999995,6195.852885200045
0.050295990004,6201.873085439984
0.050875541584000004,6207.893285679922
0.051455093167999996,6213.913485886576
0.051648277034000004,6219.933686126516
0.053129353294,6225.953886366454
0.052871774819999995,6231.974086606392
0.053451326404,6237.99428684633
0.053773299495999995,6244.014487052985
0.053258142534,6250.034687292923
0.053129353298000004,6256.054887532861
0.052614196332,6262.0750878060835
0.05351572102,6268.095288046022
0.052614196335999994,6274.115488285961
0.054030877991999994,6280.135688525899
0.052807380189999996,6286.1558887658375
0.053129353303999996,6292.176089005776
0.05422406184999999,6298.19628921243
0.053580115656,6304.2164894523685
0.053708904884,6310.236689692307
0.053708904887999995,6316.256889932245
0.054030877992,6322.277090172184
0.054739218794,6328.297290378839
0.05422406183800001,6334.317490618777
0.053386931772000004,6340.337690858715
0.053258142524,6346.357891098653
0.051905855497999996,6352.378091371876
0.05261419632599999,6358.398291611814
0.05164827700800001,6364.418491851752
0.052227828594000006,6370.43869209169
0.051519487764000005,6376.45889233163
0.051583882374,6382.479092538284
0.05254980166999999,6388.499292778222
0.051004330778000005,6394.519493018161
0.050424779190000005,6400.539693258099
0.05267859089,6406.559893498037
0.052549801650000005,6412.580093737975
0.053064958604,6418.600293944631
0.0520990393,6424.620494184569
0.052227828537999996,6430.640694424507
0.050617963032,6436.660894664446
0.052227828534,6442.681094904384
0.05139069847200001,6448.701295177606
0.050811146888,6454.721495417544
0.050424779172,6460.7416956574825
0.05010280607399999,6466.761895864138
0.049780832982,6472.782096104076
0.05151948772799999,6478.802296344014
0.050360384582000005,6484.822496583953
0.050617963056000005,6490.842696823891
0.05081114692600001,6496.862897063829
0.049652043768,6502.8830972704845
0.04958764915999999,6508.903297510423
0.049909622258,6514.923497750361
0.04913688683800001,6520.943697990299
0.04778459982199999,6526.963898230238
0.04681868053,6532.984098436892
0.047011864382,6539.004298743398
0.04772020522400001,6545.024498983336
0.047076259009999996,6551.044699223275
0.047398232125999994,6557.06489942993
0.048750519146,6563.085099669868
0.04810657295,6569.1052999098065
0.047784599863999994,6575.125500149745
0.04829975683800001,6581.145700389683
0.048750519189999994,6587.165900596337
0.050038411584,6593.186100836276
0.049780833132,6599.206301076215
0.048492940734200005,6605.226501316153
0.05036038474460001,6611.2467015560915
0.050617963221000005,6617.26690179603
0.049974017046600004,6623.287102002684
0.050553568622600006,6629.30730230919
0.0524854072256,6635.327502549128
0.05306495882659999,6641.347702755783
0.05209903952560001,6647.367902995721
0.054674824347599994,6653.388103235659
0.054030878143600004,6659.408303475599
0.0546748243178,6665.428503715537
0.05647787371600001,6671.448703922191
0.05525437590059999,6677.46890416213
0.05538316514279999,6683.489104402068
0.056799846784800004,6689.509304642006
0.057765766076,6695.529504881944
0.058989263852,6701.549705121884
0.060470340136,6707.569905328538
0.05989078854,6713.590105568476
0.063368098032,6719.6103058084145
0.06137186479800001,6725.630506081637
0.062981730286,6731.650706321575
0.06208020559000001,6737.670906561513
0.062917335654,6743.6911068014515
0.063496887234,6749.71130704139
0.064462806554,6755.731507281329
0.064398411916,6761.751707487983
0.06420522803,6767.771907727922
0.063432492578,6773.79210796786
0.062530967912,6779.812308207798
0.06407643878,6785.8325084477365
0.06369007107600001,6791.852708654392
0.063174914072,6797.87290889433
0.063883254916,6803.893109134268
0.06311051945400001,6809.913309374207
0.06201581092399999,6815.933509647429
0.06201581089999999,6821.953709887367
0.063625676426,6827.973910127305
0.062852940956,6833.994110367244
0.061693837790000004,6840.014310607182
0.06420522799,6846.034510813837
0.06304612482000001,6852.0547110537755
0.06362567640200001,6858.074911293714
0.06362567641,6864.095111533652
0.063947649508,6870.11531177359
0.063303703298,6876.135511980245
0.061951416284000006,6882.155712220184
0.062015810906,6888.175912460122
0.06066352388,6894.19611270006
0.062080205516,6900.216312939999
0.060277156162,6906.236513179937
0.060277156148,6912.256713453159
0.059182447612,6918.276913693097
0.059826393806,6924.297113933036
0.060019577686000004,6930.31731413969
0.058796079884,6936.337514379628
0.057250609013999997,6942.357714619568
0.057508187486000006,6948.377914859506
0.057958949838,6954.398115099444
0.056606662801999996,6960.418315339382
0.05525437578,6966.438515546037
0.05589832198,6972.458715785975
0.055447559648,6978.478916025913
0.055189981168,6984.4991162658525
0.053322537196,6990.519316505791
0.053064958706,6996.539516712445
0.052614196372,7002.559717018951
0.05274298561199999,7008.5799172588895
0.052356617906000005,7014.600117465544
0.051197514746000004,7020.620317705482
0.051519487852,7026.6405179454205
0.04868612457,7032.660718185359
0.052807380284000005,7038.680918425298
0.052163434078000004,7044.701118665236
0.051261909407,7050.721318871891
0.051905855623200006,7056.741519111829
0.0542240619622,7062.761719351767
0.052742985700199994,7068.781919591705
0.054932402784,7074.802119831644
0.053386931907,7080.822320071583
0.055576348976,7086.842520278237
0.054224061964,7092.862720584743
0.054932402764,7098.882920824682
0.056155900556000005,7104.903121031336
0.05744379297,7110.923321271274
0.056735452155999996,7116.943521511213
0.05808773919999999,7122.963721751151
0.057379398348,7128.983921991089
0.05847410689399999,7135.004122197744
0.058602896147999996,7141.024322437683
0.059697604698000006,7147.044522677621
0.05931123697,7153.064722917559
0.059375631582,7159.0849231574975
0.059375631564,7165.105123397436
0.058924869242,7171.125323604091
0.060405945502,7177.145523844029
0.05866729074599999,7183.165724083968
0.059761999288,7189.18592435719
0.059761999296,7195.206124597128
0.058924869193999994,7201.226324837066
0.059633210023999995,7207.246525077005
0.058602896092,7213.266725316943
0.059182447668,7219.286925523598
0.058152133738,7225.3071257635365
0.059118053046,7231.327326003475
0.05866729069400001,7237.347526243413
0.056864241319999995,7243.367726483351
0.057443792902,7249.38792672329
0.057830160624,7255.408126929944
0.056799846702,7261.428327169882
0.05570513815,7267.4485274098215
0.05757258213599999,7273.46872764976
0.058216528324,7279.488927922982
0.05731500362999999,7285.50912816292
0.057572582098,7291.5293284028585
0.057572582096000004,7297.549528642797
0.055833927342,7303.569728882735
0.056477873548000004,7309.589929089389
0.054610429546,7315.610129329328
0.054288456444,7321.630329569267
0.05435285105399999,7327.650529809205
0.05390208870799999,7333.6707300491435
0.052936169394,7339.690930255798
0.052549801672000004,7345.711130495736
0.05248540705,7351.731330735674
0.05222782856399999,7357.751530975613
0.051970250086,7363.771731215552
0.051455093114,7369.79193145549
0.052099039317999994,7375.812131728712
0.05184146083,7381.832331968651
0.053258142478,7387.852532208589
0.052678590898,7393.872732415243
0.05351572097,7399.8929326551815
0.053515720964,7405.91313289512
0.053580115585999996,7411.933333135058
0.054803613366,7417.953533374997
0.054868007994000004,7423.973733614936
0.054803613374000006,7429.99393382159
0.054288456414,7436.014134061528
0.055061191854000005,7442.0343343014665
0.05396648331599999,7448.054534541405
0.056284689648,7454.074734781343
0.05493240263399999,7460.094934987998
0.056477873528,7466.1151352945035
0.054739218778,7472.135335534442
0.05351572101,7478.155535741097
0.054610429553999994,7484.175735981035
0.05377329949,7490.195936220974
0.054546034943999996,7496.216136460912
0.054932402667999994,7502.23633670085
0.05441724570399999,7508.2565369407885
0.054224061861999996,7514.276737147444
0.05319374793,7520.296937387382
0.05300056409,7526.31713762732
0.053129353331999994,7532.337337867259
0.05428845650400001,7538.357538107197
0.051583882462,7544.377738313852
0.050295990074000006,7550.3979385537905
0.050167200834,7556.418138860296
0.049909622342000005,7562.438339066951
0.048686124576,7568.458539306889
0.0469474698576,7574.4787395468275
0.048943703046,7580.498939786766
0.046754285965999995,7586.519140026704
0.046561102102,7592.539340266642
0.04572397205,7598.559540473297
0.04546639357,7604.579740713236
0.045852761296,7610.599940953174
0.0439853173208,7616.620141193112
0.04527320969,7622.640341433051
0.043598949586199996,7628.660541672989
0.044822447364,7634.680741879643
0.043212581853999996,7640.700942119582
0.044114106524999995,7646.721142359521
0.043727738812,7652.741342632742
0.045401998921999996,7658.761542872681
0.044114106532,7664.78174311262
0.043341371085999995,7670.801943352558
0.043019397983999993,7676.822143592496
0.043663344179999994,7682.8423437991505
0.04334137107,7688.862544039089
0.043470160312,7694.882744279027
0.04469365809,7700.902944518966
0.04443607961,7706.9231447589045
0.044822447326000006,7712.943344998843
0.045144420421999995,7718.963545205497
0.0447580527,7724.9837454454355
0.04546639352,7731.003945685374
0.04488684192800001,7737.024145925312
0.044886841935999997,7743.044346198534
0.045144420411999994,7749.0645464384725
0.046754285912,7755.084746678412
0.044500474209999995,7761.10494691835
0.046432312808000004,7767.125147158288
0.04585276121399999,7773.145347364943
0.044886841912,7779.165547604881
0.046883075116,7785.185747844819
0.046947469744000006,7791.205948084757
0.046754285868,7797.226148324697
0.045981550436,7803.246348531351
0.04681868048400001,7809.266548771289
0.047591415915999996,7815.286749011228
0.047076258956,7821.306949251166
0.047784599771999996,7827.327149491104
0.048170967496,7833.347349731042
0.04791338900599999,7839.367550004265
0.047784599767999994,7845.387750244203
0.04791338900400001,7851.407950484141
0.049008097548,7857.428150690796
0.050038411476,7863.448350930735
0.048492940594,7869.468551170673
0.048557335216,7875.488751410611
0.049780832998,7881.5089516505495
0.049072492186,7887.529151857205
0.049458859906000005,7893.549352097143
0.049458859914,7899.569552337081
0.052421012451999996,7905.58975257702
0.051068725429999996,7911.609952816958
0.051970250117999994,7917.630153056896
0.05242101245599999,7923.650353263551
0.05325814254,7929.670553570057
0.052163434003999996,7935.690753809995
0.052034644762,7941.71095401665
0.053837694142,7947.7311542565885
0.053000564084,7953.751354496527
0.054224061873999994,7959.771554736465
0.052034644802000006,7965.791754976403
0.053708904924,7971.811955216342
0.05242101254220001,7977.832155422996
0.05261419639060001,7983.852355662935
0.0515838824926,7989.8725559028735
0.053451326476,7995.892756142812
0.051261909409932006,8001.91295638275
0.0531293533926,8007.9331565894045
0.051390698645599996,8013.953356829343
0.05171267173859999,8019.973557135849
0.052421012556800005,8025.993757342503
0.052227828696800004,8032.013957582441
0.05216343408459999,8038.034157822381
0.0522278287068,8044.054358062319
0.052936169525,8050.074558302257
0.052742985676800004,8056.094758542195
0.053451326503999995,8062.11495874885
0.054095272699999995,8068.135158988788
0.0539020888568,8074.155359228726
0.054288456575999997,8080.175559468666
0.05467482431799999,8086.195759708604
0.05390208886000001,8092.215959915258
0.05403087813,8098.236160155197
0.054352851214,8104.256360395135
0.054352851231999996,8110.276560635073
0.05441724585,8116.296760908295
0.05403087813,8122.3169611482335
0.055705138248,8128.337161388172
0.054030878164,8134.35736162811
0.054352851262,8140.377561868049
0.053773299681999995,8146.397762074704
0.053902088948000006,8152.417962314642
0.054610429752,8158.43816255458
0.055189981353999995,8164.4583627945185
0.054932402873999996,8170.478563034457
0.054996797502000004,8176.498763274395
0.05589832217599999,8182.51896348105
0.055318770598,8188.539163720989
0.056220295298,8194.559363960927
0.056477873818,8200.579564200865
0.05840971238,8206.599764474087
0.058023344688,8212.619964714026
0.05963321017800001,8218.640164953964
0.058409712408000004,8224.660365193902
0.059440026352000006,8230.680565400557
0.05976199946599999,8236.700765640495
0.060083972562,8242.720965880433
0.061758232718,8248.741166120373
0.060856708025999996,8254.761366360312
0.061500654268,8260.78156660025
0.06253096820599999,8266.801766806904
0.061178681172,8272.821967046842
0.061565048893999996,8278.84216728678
0.06278854671199999,8284.862367526719
0.0619514166666,8290.882567766657
0.06259536288780002,8296.902768006596
0.0622733897728,8302.922968279818
0.06497796386,8308.943168519756
0.06278854675359999,8314.963368759694
0.064591596108,8320.983568966349
0.065171147683,8327.003769206287
0.067296170162,8333.023969446225
0.06768253787800001,8339.044169686164
0.06794011633399999,8345.064369926102
0.06794011633599999,8351.084570132758
0.06922800873799999,8357.104770372696
0.06974316569,8363.124970612635
0.069292403354,8369.145170852573
0.07032271726400001,8375.165371092511
0.070451506494,8381.18557133245
0.07109545271800001,8387.205771539104
0.071803793522,8393.22597184561
0.07212576662600001,8399.246172085548
0.072576528994,8405.266372292203
0.072383345136,8411.28657253214
0.073735632164,8417.306772772079
0.073156080548,8423.326973012017
0.07515231378599999,8429.347173251956
0.07380002677799999,8435.367373458612
0.075345497632,8441.38757369855
0.073284869772,8447.407773938488
0.073349264432,8453.427974178427
0.072705318186,8459.448174418365
0.074701551446,8465.468374658303
0.073091685904,8471.488574864958
0.07392881598199999,8477.508775104896
0.073542448222,8483.528975411402
0.074701551442,8489.549175618056
0.073864421362,8495.569375857995
0.0745083676,8501.589576097933
0.075603076182,8507.609776337871
0.07508791918999999,8513.62997657781
0.077277336328,8519.650176817748
0.07830765027,8525.670377024402
0.07772809868599999,8531.690577264342
0.07759930945400001,8537.71077750428
0.078114466414,8543.730977744219
0.077792493332,8549.751177984157
0.08036827814799999,8555.771378190811
0.07991751576999999,8561.79157843075
0.08159177591,8567.811778670688
0.080883435074,8573.831978910626
0.08081904043199999,8579.852179183848
0.08333043063800001,8585.872379423787
0.08126980277,8591.892579663725
0.082042538198,8597.912779903663
0.08165617047,8603.932980143602
0.083394825238,8609.953180350256
0.084038771418,8615.973380590194
0.084875901506,8621.993580830132
0.08390998217000001,8628.01378107007
0.08506908536800001,8634.03398131001
0.084875901486,8640.05418154995
